20.52200424724643	20.580914416442276	30	ARE
20.580914416442276	20.77909926150602	495	YOUR
20.77909926150602	21.063266442169553	192	GRADES
21.063266442169553	21.383464844651222	206	HIGHER
21.383464844651222	21.55777347158051	301	OR
21.55777347158051	21.980740213920093	250	LOWER
21.980740213920093	22.192	431	THAN
22.192	23.010378718279306	274	NANCY'S
23.010378718279306	29.25028197243668	99999	sp
29.25028197243668	29.553207317325068	374	SHE
29.553207317325068	29.790946195591903	489	WORE
29.790946195591903	30.241639030836172	470	WARM
30.241639030836172	30.692	158	FLEECY
30.692	31.09960183630436	488	WOOLEN
31.09960183630436	31.950134284111872	310	OVERALLS
31.950134284111872	41.12305924589281	99999	sp
41.12305924589281	41.352	353	READING
41.352	41.51956211984228	217	IN
41.51956211984228	41.742	334	POOR
41.742	42.19717066211862	239	LIGHT
42.19717066211862	42.44896069964586	181	GIVES
42.44896069964586	42.572	494	YOU
42.572	43.242	150	EYESTRAIN
43.242	52.76182330287583	99999	sp
52.76182330287583	53.002	142	EVEN
53.002	53.232	211	I
53.232	53.81891886837073	292	OCCASIONALLY
53.81891886837073	54.03092847747772	177	GET
54.03092847747772	54.082	433	THE
54.082	54.4273993270566	264	MONDAY
54.4273993270566	54.92343093205484	56	BLUES
54.92343093205484	65.22888154770294	99999	sp
65.22888154770294	65.37561719047194	475	WE
65.37561719047194	65.41415382392644	30	ARE
65.41415382392644	65.69169941810149	300	OPEN
65.69169941810149	66.05483307949953	145	EVERY
66.05483307949953	66.46366333579131	264	MONDAY
66.46366333579131	66.89853258678511	143	EVENING
66.89853258678511	75.97502784166217	99999	sp
75.97502784166217	76.162	226	IT'S
76.162	76.312	284	NOT
76.312	76.76050293596136	133	EASY
76.76050293596136	76.93129040976012	445	TO
76.93129040976012	77.3293898992533	113	CREATE
77.3293898992533	78.092	215	ILLUMINATING
78.092	79.052	146	EXAMPLES
79.052	90.04792482562947	99999	sp
90.04792482562947	90.262	269	MUM
90.262	90.68400260867124	406	STRONGLY
90.68400260867124	91.18074198431282	126	DISLIKES
91.18074198431282	92.142	27	APPETIZERS
92.142	103.16854725739296	99999	sp
103.16854725739296	103.36402770601906	442	THOSE
103.36402770601906	103.47709973022437	483	WHO
103.47709973022437	103.79906752796148	426	TEACH
103.79906752796148	104.252	461	VALUES
104.252	104.602	156	FIRST
104.602	105.15086958555267	4	ABOLISH
105.15086958555267	105.50154995438757	87	CHEATING
105.50154995438757	114.51594744457643	99999	sp
114.51594744457643	114.62371968895131	433	THE
114.62371968895131	114.9913000224442	165	FRIGHTENED
114.9913000224442	115.32746834596624	89	CHILD
115.32746834596624	115.56170937382565	471	WAS
115.56170937382565	115.882	176	GENTLY
115.882	116.44498032435807	409	SUBDUED
116.44498032435807	116.592	73	BY
116.592	116.79201806243951	208	HIS
116.79201806243951	116.98623610480252	52	BIG
116.98623610480252	117.35663957494846	66	BROTHER
117.35663957494846	125.99451574429017	99999	sp
125.99451574429017	126.202	142	EVEN
126.202	126.2520953093079	1	A
126.2520953093079	126.63401642185465	382	SIMPLE
126.63401642185465	127.51033429005518	467	VOCABULARY
127.51033429005518	128.062	104	CONTAINS
128.062	128.672	421	SYMBOLS
128.672	139.73354645591803	99999	sp
139.73354645591803	139.93505457977895	1	A
139.93505457977895	140.37858421887208	110	CRAB
140.37858421887208	140.96275450761252	85	CHALLENGED
140.96275450761252	141.182	257	ME
141.182	141.94072399262782	99999	sp
141.94072399262782	142.032	70	BUT
142.032	142.15095649015805	1	A
142.15095649015805	142.332	349	QUICK
142.332	142.952	401	STAB
142.952	143.432	463	VANQUISHED
143.432	143.682	207	HIM
143.682	155.85725823166655	99999	sp
155.85725823166655	156.24969222705633	183	GLUCOSE
156.24969222705633	156.32123286571286	20	AND
156.32123286571286	156.85402114768135	167	FRUCTOSE
156.85402114768135	156.952	30	ARE
156.952	157.502	275	NATURAL
157.502	158.052	413	SUGARS
158.052	158.382	163	FOUND
158.382	158.62184516159311	217	IN
158.62184516159311	159.1157103625904	168	FRUIT
159.1157103625904	159.862	99999	sp
159.862	169.47163691548994	99999	sp
169.47163691548994	169.58356832069416	30	ARE
169.58356832069416	169.7035911527804	494	YOU
169.7035911527804	169.992	249	LOOKING
169.992	170.202	161	FOR
170.202	170.63194783986995	136	EMPLOYMENT
170.63194783986995	178.49501366728734	99999	sp
178.49501366728734	178.82972826366134	98	COFFEE
178.82972826366134	178.93332789469156	224	IS
178.93332789469156	179.092	198	GROWN
179.092	179.29410427376857	296	ON
179.29410427376857	179.67877622875952	403	STEEP
179.67877622875952	180.04311158587456	99999	sp
180.04311158587456	180.41616554040436	88888	JUNGLE
180.41616554040436	180.63585196324303	240	LIKE
180.63585196324303	181.462	389	SLOPES
181.462	181.74950766610397	99999	sp
181.74950766610397	181.91453809695915	217	IN
181.91453809695915	182.3518186909904	430	TEMPERATE
182.3518186909904	182.912	496	ZONES
182.912	195.30912534039075	99999	sp
195.30912534039075	195.402	475	WE
195.402	195.712	479	WELCOME
195.712	196.022	255	MANY
196.022	196.21873077046877	281	NEW
196.21873077046877	196.732	407	STUDENTS
196.732	196.9795427661544	132	EACH
196.9795427661544	197.22039414324098	490	YEAR
197.22039414324098	205.4547171913368	99999	sp
205.4547171913368	205.712	297	ONLY
205.712	205.88730694515522	433	THE
205.88730694515522	206.20364191132862	51	BEST
206.20364191132862	206.59598542110646	329	PLAYERS
206.59598542110646	207.05946878895753	139	ENJOY
207.05946878895753	207.802	335	POPULARITY
207.802	216.14954495507985	99999	sp
216.14954495507985	216.532	75	CALCIUM
216.532	216.79903979111043	253	MAKES
216.79903979111043	217.22144874031648	58	BONES
217.22144874031648	217.53558956384367	20	AND
217.53558956384367	217.9907129782443	429	TEETH
217.9907129782443	219.4338222804784	405	STRONG
219.4338222804784	229.04784881458946	99999	sp
229.04784881458946	229.483066037991	285	NOTHING
229.483066037991	229.70213379496536	224	IS
229.70213379496536	230.432	294	OFFENSIVE
230.432	230.64279017597457	34	AS
230.64279017597457	231.48948984192123	219	INNOCENCE
231.48948984192123	242.892	99999	sp
242.892	243.26839475348922	404	STEVE
243.26839475348922	243.93916675116	489	WORE
243.93916675116	244.0898362305206	99999	sp
244.0898362305206	244.28486677710237	1	A
244.28486677710237	244.612	65	BRIGHT
244.612	244.92074856179138	355	RED
244.92074856179138	245.47537616465917	78	CASHMERE
245.47537616465917	245.932	419	SWEATER
245.932	256.3503855613787	99999	sp
256.3503855613787	256.7023926440943	46	BARB'S
256.7023926440943	257.00521034907047	188	GOLD
257.00521034907047	257.422	63	BRACELET
257.422	257.5727820632342	471	WAS
257.5727820632342	257.6889918746279	1	A
257.6889918746279	258.3442871310328	193	GRADUATION
258.3442871310328	258.64518227701166	338	PRESENT
258.64518227701166	267.2013927663443	99999	sp
267.2013927663443	267.408832484181	130	DRAW
267.408832484181	267.8579964870535	145	EVERY
267.8579964870535	268.212	307	OUTER
268.212	268.4400816189928	243	LINE
268.4400816189928	269.26568444836636	156	FIRST
269.26568444836636	269.482	435	THEN
269.482	269.7536729008685	154	FILL
269.7536729008685	270.002	433	THE
270.002	270.192	217	IN
270.192	270.342	433	THE
270.342	270.9097619693156	222	INTERIOR
270.9097619693156	281.9233434164347	99999	sp
281.9233434164347	281.97745681226587	433	THE
281.97745681226587	282.29598168321166	474	WATER
282.29598168321166	282.7376717748947	103	CONTAINED
282.7376717748947	282.8763032097114	447	TOO
282.8763032097114	283.1927865610755	268	MUCH
283.1927865610755	283.642	90	CHLORINE
283.642	283.75838553272166	20	AND
283.75838553272166	284.0701535146184	408	STUNG
284.0701535146184	284.2341402455594	208	HIS
284.2341402455594	284.77728880477474	149	EYES
284.77728880477474	296.04108515614627	99999	sp
296.04108515614627	296.39824156523235	229	JOHN'S
296.39824156523235	296.72328989042194	66	BROTHER
296.72328989042194	297.30148711193874	362	REPAINTED
297.30148711193874	297.372	433	THE
297.372	297.79191474194187	173	GARAGE
297.79191474194187	298.152	129	DOOR
298.152	306.064925218281	99999	sp
306.064925218281	306.4878036219257	84	CHALLENGE
306.4878036219257	306.792	132	EACH
306.792	307.232	175	GENERAL'S
307.232	308.08871909849626	221	INTELLIGENCE
308.08871909849626	315.8509057130952	99999	sp
315.8509057130952	316.6539801819134	17	AMBIDEXTROUS
316.6539801819134	317.342	326	PICKPOCKETS
317.342	317.8860190264878	6	ACCOMPLISH
317.8860190264878	318.202	266	MORE
318.202	328.9847057528539	99999	sp
328.9847057528539	329.022	1	A
329.022	329.561911715018	270	MUSCULAR
329.561911715018	330.2072713771916	2	ABDOMEN
330.2072713771916	330.45897256645765	224	IS
330.45897256645765	330.5875065998043	189	GOOD
330.5875065998043	330.792	161	FOR
330.792	330.94415271648546	495	YOUR
330.94415271648546	331.4088061640523	43	BACK
331.4088061640523	339.827902326104	99999	sp
339.827902326104	339.972	437	THEY
339.972	340.1139677061259	316	OWN
340.1139677061259	340.2210173294675	1	A
340.2210173294675	340.39664601111207	52	BIG
340.39664601111207	340.762	209	HOUSE
340.762	340.86715734968317	217	IN
340.86715734968317	340.93771926591944	433	THE
340.93771926591944	341.2949727211109	360	REMOTE
341.2949727211109	341.972	109	COUNTRYSIDE
341.972	350.1398044302676	99999	sp
350.1398044302676	350.202	433	THE
350.202	350.732	368	ROSE
350.732	351.372	106	CORSAGE
351.372	351.7622828541881	392	SMELLED
351.7622828541881	352.13489192855036	420	SWEET
352.13489192855036	359.588118782911	99999	sp
359.588118782911	359.7724094551828	432	THAT
359.7724094551828	360.22858538982734	325	PICKPOCKET
360.22858538982734	360.44617708161564	471	WAS
360.44617708161564	360.65753205185	80	CAUGHT
360.65753205185	360.892	355	RED
360.892	361.27953687710425	199	HANDED
361.27953687710425	373.0063048136766	99999	sp
373.0063048136766	373.22308674595484	19	AN
373.22308674595484	373.542	9	ADULT
373.542	373.7896371905013	254	MALE
373.7896371905013	374.2091511553311	88888	BAL
374.2091511553311	374.5024503169886	99999	sp
374.5024503169886	375.0935005113291	42	BABOON'S
375.0935005113291	375.332	429	TEETH
375.332	375.41172940925065	30	ARE
375.41172940925065	375.63190157466676	284	NOT
375.63190157466676	376.102	414	SUITABLE
376.102	376.3392055113763	161	FOR
376.3392055113763	376.6401909224032	135	EATING
376.6401909224032	377.312	375	SHELLFISH
377.312	390.456957205023	99999	sp
390.456957205023	390.592	204	HER
390.592	390.992	469	WARDROBE
390.992	391.4262207968674	102	CONSISTS
391.4262207968674	391.512	293	OF
391.512	391.778206666481	297	ONLY
391.778206666481	392.182	384	SKIRTS
392.182	392.292	20	AND
392.292	392.922	54	BLOUSES
392.922	401.1167575384017	99999	sp
401.1167575384017	401.2469424774298	433	THE
401.2469424774298	401.392	452	TWO
401.392	401.8246178439845	33	ARTISTS
401.8246178439845	402.2870393611964	147	EXCHANGED
402.2870393611964	403.112	39	AUTOGRAPHS
403.112	412.38326617296934	99999	sp
412.38326617296934	412.90371421636246	71	BUTTERSCOTCH
412.90371421636246	413.3287786348437	169	FUDGE
413.3287786348437	413.572	186	GOES
413.572	413.842	480	WELL
413.842	414.044659286121	486	WITH
414.044659286121	414.62320860798826	462	VANILLA
414.62320860798826	414.87593264348374	212	ICE
414.87593264348374	415.33370189086287	112	CREAM
415.33370189086287	423.202	99999	{NS}
423.202	423.4764349602727	99999	sp
423.4764349602727	423.7653140321098	365	RICH
423.7653140321098	424.142	348	PURCHASED
424.142	424.4752588378759	373	SEVERAL
424.4752588378759	424.86043594503894	381	SIGNED
424.86043594503894	425.762	244	LITHOGRAPHS
425.762	433.1396893768291	99999	sp
433.1396893768291	433.3808716548553	24	ANY
433.3808716548553	434.062	105	CONTRIBUTIONS
434.062	434.172	484	WILL
434.172	434.3585221529319	47	BE
434.3585221529319	434.682	195	GREATLY
434.682	435.31032992803824	28	APPRECIATED
435.31032992803824	444.23984726703145	99999	sp
444.23984726703145	444.3918459821746	433	THE
444.3918459821746	444.8735377101625	111	CRANBERRY
444.8735377101625	445.3478032555184	57	BOG
445.3478032555184	445.572	178	GETS
445.572	445.9054880119651	464	VERY
445.9054880119651	446.1589579242126	339	PRETTY
446.1589579242126	446.252	217	IN
446.252	446.582	40	AUTUMN
446.582	454.93019955369186	99999	sp
454.93019955369186	455.0480932524249	210	HOW
455.0480932524249	455.202	128	DO
455.202	455.6659203731074	317	OYSTERS
455.6659203731074	455.9226492372621	252	MAKE
455.9226492372621	456.442	319	PEARLS
456.442	464.0248541216988	99999	sp
464.0248541216988	464.19139029134516	256	MAY
464.19139029134516	464.282	211	I
464.282	464.5905663666794	303	ORDER
464.5905663666794	464.65323730063295	1	A
464.65323730063295	465.142	318	PARFAIT
465.142	465.422	10	AFTER
465.422	465.722	88888	WHY
465.722	465.88998674453893	134	EAT
465.88998674453893	466.242	124	DINNER
466.242	474.65400557217947	99999	sp
474.65400557217947	474.732	224	IS
474.732	474.935367176166	374	SHE
474.935367176166	475.152	187	GOING
475.152	475.3799715975597	486	WITH
475.3799715975597	475.5339241733259	494	YOU
475.5339241733259	482.99194121939234	99999	sp
482.99194121939234	483.222	76	CAN
483.222	483.30087825607427	433	THE
483.30087825607427	484.032	11	AGENCY
484.032	484.71078036771723	314	OVERTHROW
484.71078036771723	485.162	13	ALIEN
485.162	485.812	162	FORCES
485.812	496.1463019363498	99999	sp
496.1463019363498	496.202	1	A
496.202	496.76434500096883	370	SCREWDRIVER
496.76434500096883	496.8568840140234	224	IS
496.8568840140234	497.06520582247447	251	MADE
497.06520582247447	497.292	166	FROM
497.292	497.6909502174183	468	VODKA
497.6909502174183	497.79559112581074	20	AND
497.79559112581074	498.122	302	ORANGE
498.122	498.572	230	JUICE
498.572	507.09749831025005	99999	sp
507.09749831025005	507.242	210	HOW
507.242	507.642	268	MUCH
507.642	508.22045603483457	16	ALLOWANCE
508.22045603483457	508.322	128	DO
508.322	508.432	494	YOU
508.432	508.59915002445194	177	GET
508.59915002445194	517.3146145594447	99999	sp
517.3146145594447	517.9213398264542	115	CYCLICAL
517.9213398264542	518.442	345	PROGRAMS
518.442	518.542	484	WILL
518.542	518.857516208926	280	NEVER
518.857516208926	519.3771379937666	100	COMPILE
519.3771379937666	527.232	99999	sp
527.232	527.6355840765143	61	BOSTON
527.6355840765143	528.122	45	BALLET
528.122	528.632	311	OVERCAME
528.632	528.742	434	THEIR
528.742	529.0985819863844	170	FUNDING
529.0985819863844	529.742	379	SHORTAGE
529.742	537.8642975317764	99999	sp
537.8642975317764	538.168530661098	145	EVERY
538.168530661098	538.502	74	CAB
538.502	538.7939262286275	279	NEEDS
538.7939262286275	539.322	363	REPAINTING
539.322	539.772	295	OFTEN
539.772	546.7613355467724	99999	sp
546.7613355467724	547.0457456334352	203	HELP
547.0457456334352	547.3644069065026	196	GREG
547.3644069065026	547.5106101843518	445	TO
547.5106101843518	547.6996301103098	324	PICK
547.6996301103098	547.8140255910898	1	A
547.8140255910898	548.032	320	PECK
548.032	548.1939095398445	293	OF
548.1939095398445	548.8534895308296	337	POTATOES
548.8534895308296	556.8075202518534	99999	sp
556.8075202518534	556.902	475	WE
556.902	557.178183716415	240	LIKE
557.178183716415	557.3736579813082	55	BLUE
557.3736579813082	557.8961186847723	88	CHEESE
557.8961186847723	558.0454905287002	70	BUT
558.0454905287002	558.3900252374041	465	VICTOR
558.3900252374041	558.6752231276347	241	LIKES
558.6752231276347	558.7616270442649	99999	sp
558.7616270442649	559.087644747913	64	BRIE
559.087644747913	567.4606417022333	99999	sp
567.4606417022333	567.7409807380858	108	COUNT
567.7409807380858	567.812	433	THE
567.812	568.0800267106565	288	NUMBER
568.0800267106565	568.1436501359475	293	OF
568.1436501359475	568.6003443120088	428	TEASPOONS
568.6003443120088	568.6812700608848	293	OF
568.6812700608848	569.242	394	SOYSAUCE
569.242	569.3461920451872	432	THAT
569.3461920451872	569.492	494	YOU
569.492	569.7514867009781	7	ADD
569.7514867009781	577.5209902664969	99999	sp
577.5209902664969	578.0022715884403	44	BAGPIPES
578.0022715884403	578.142	20	AND
578.142	578.6834985662896	59	BONGOS
578.6834985662896	578.792	30	ARE
578.792	579.34351565762	272	MUSICAL
579.34351565762	580.0796208329488	220	INSTRUMENTS
580.0796208329488	588.3089611107474	99999	sp
1175.2319347389098	1175.392997548175	210	HOW
1175.392997548175	1175.5720000000001	189	GOOD
1175.5720000000001	1175.732	224	IS
1175.732	1175.932	495	YOUR
1175.932	1176.522	138	ENDURANCE
1198.0283763418527	1198.1026254679552	30	ARE
1198.1026254679552	1198.2198034273745	495	YOUR
1198.2198034273745	1198.469413548995	192	GRADES
1198.469413548995	1198.822	206	HIGHER
1198.822	1198.852	301	OR
1198.852	1199.1876770700708	250	LOWER
1199.1876770700708	1199.352	431	THAN
1199.352	1199.9828783525231	274	NANCY'S
1199.9828783525231	1208.4308926287874	99999	sp
1208.4308926287874	1208.602	374	SHE
1208.602	1208.8331607002146	489	WORE
1208.8331607002146	1209.2358185187522	470	WARM
1209.2358185187522	1209.9139849461633	158	FLEECY
1209.9139849461633	1210.446420719006	488	WOOLEN
1210.446420719006	1211.1511347905694	310	OVERALLS
1211.1511347905694	1219.0183926367672	99999	sp
1219.0183926367672	1219.2712680654329	353	READING
1219.2712680654329	1219.445161098351	217	IN
1219.445161098351	1219.662	334	POOR
1219.662	1220.0081431157587	239	LIGHT
1220.0081431157587	1220.2484425241414	181	GIVES
1220.2484425241414	1220.3671888940212	494	YOU
1220.3671888940212	1220.9098868021115	150	EYESTRAIN
1220.9098868021115	1229.1356151205316	99999	sp
1229.1356151205316	1229.3473910039042	142	EVEN
1229.3473910039042	1229.582	211	I
1229.582	1230.2269095171923	292	OCCASIONALLY
1230.2269095171923	1230.3914319552543	177	GET
1230.3914319552543	1230.452	433	THE
1230.452	1230.8431535759555	264	MONDAY
1230.8431535759555	1231.270201384197	56	BLUES
1231.270201384197	1239.6907389804073	99999	sp
1239.6907389804073	1239.7647471450957	475	WE
1239.7647471450957	1239.862	30	ARE
1239.862	1240.1191715668144	300	OPEN
1240.1191715668144	1240.4641047226976	145	EVERY
1240.4641047226976	1240.813932242962	264	MONDAY
1240.813932242962	1241.164487374667	143	EVENING
1241.164487374667	1247.9919824638587	99999	sp
1247.9919824638587	1248.172	226	IT'S
1248.172	1248.3532600863075	284	NOT
1248.3532600863075	1248.622	133	EASY
1248.622	1248.7804110663542	445	TO
1248.7804110663542	1249.1098035563452	113	CREATE
1249.1098035563452	1249.812	215	ILLUMINATING
1249.812	1250.6381092888632	146	EXAMPLES
1250.6381092888632	1266.7550407003605	99999	sp
1266.7550407003605	1266.912	269	MUM
1266.912	1267.3088768047148	406	STRONGLY
1267.3088768047148	1267.7488387464598	126	DISLIKES
1267.7488387464598	1268.63701474942	27	APPETIZERS
1284.6036844290102	1284.8156566965135	442	THOSE
1284.8156566965135	1284.8878568574974	483	WHO
1284.8878568574974	1285.105382983538	426	TEACH
1285.105382983538	1285.5877731530957	461	VALUES
1285.5877731530957	1285.872	156	FIRST
1285.872	1286.3308901483772	4	ABOLISH
1286.3308901483772	1286.5762081272017	87	CHEATING
1286.5762081272017	1293.962093666868	99999	sp
1293.962093666868	1294.003376356528	433	THE
1294.003376356528	1294.3010880608074	165	FRIGHTENED
1294.3010880608074	1294.632	89	CHILD
1294.632	1294.8227185992266	471	WAS
1294.8227185992266	1295.0720000000001	176	GENTLY
1295.0720000000001	1295.6867991207646	409	SUBDUED
1295.6867991207646	1295.802	73	BY
1295.802	1296.0314353442905	208	HIS
1296.0314353442905	1296.4272907055977	52	BIG
1296.4272907055977	1296.5570182089352	99999	sp
1296.5570182089352	1296.899879999	66	BROTHER
1296.899879999	1305.25310917993	99999	sp
1305.25310917993	1305.442	142	EVEN
1305.442	1305.4826730568038	1	A
1305.4826730568038	1306.012	382	SIMPLE
1306.012	1307.034990382573	467	VOCABULARY
1307.034990382573	1307.6858161889518	104	CONTAINS
1307.6858161889518	1308.452	421	SYMBOLS
1308.452	1316.476956370643	99999	sp
1316.476956370643	1316.6203746717938	1	A
1316.6203746717938	1316.9674053539636	110	CRAB
1316.9674053539636	1317.4821034969439	85	CHALLENGED
1317.4821034969439	1317.6447234711761	257	ME
1317.6447234711761	1318.1878374914963	99999	sp
1318.1878374914963	1318.2852631027165	70	BUT
1318.2852631027165	1318.420786799066	1	A
1318.420786799066	1318.6242327577231	349	QUICK
1318.6242327577231	1319.192	401	STAB
1319.192	1319.6981244091883	463	VANQUISHED
1319.6981244091883	1319.872	207	HIM
1319.872	1328.8238919292355	99999	sp
1328.8238919292355	1329.2217431774995	183	GLUCOSE
1329.2217431774995	1329.2821297304138	20	AND
1329.2821297304138	1329.7961481732011	167	FRUCTOSE
1329.7961481732011	1329.872	30	ARE
1329.872	1330.352	275	NATURAL
1330.352	1331.052	413	SUGARS
1331.052	1331.3219125002859	163	FOUND
1331.3219125002859	1331.4017609756368	217	IN
1331.4017609756368	1331.7036709736074	168	FRUIT
1331.7036709736074	1339.7837840205934	99999	sp
1339.7837840205934	1339.8710787443854	30	ARE
1339.8710787443854	1339.9952158587091	494	YOU
1339.9952158587091	1340.2913549217	249	LOOKING
1340.2913549217	1340.4902542923658	161	FOR
1340.4902542923658	1340.862593406409	136	EMPLOYMENT
1340.862593406409	1346.805554195437	99999	sp
1346.805554195437	1347.0876004929253	98	COFFEE
1347.0876004929253	1347.1975985489457	224	IS
1347.1975985489457	1347.402	198	GROWN
1347.402	1347.5391413797104	296	ON
1347.5391413797104	1348.4269601124206	403	STEEP
1348.4269601124206	1348.922	88888	JUNGLE
1348.922	1349.092	240	LIKE
1349.092	1349.755808014274	389	SLOPES
1349.755808014274	1350.131768047958	217	IN
1350.131768047958	1350.578645721433	430	TEMPERATE
1350.578645721433	1351.122	496	ZONES
1351.122	1360.1883164525846	99999	sp
1360.1883164525846	1360.282	475	WE
1360.282	1360.622	479	WELCOME
1360.622	1360.942	255	MANY
1360.942	1361.1067830157247	281	NEW
1361.1067830157247	1361.5720000000001	407	STUDENTS
1361.5720000000001	1361.7858640647735	132	EACH
1361.7858640647735	1362.0022847222551	490	YEAR
1362.0022847222551	1369.3944092894315	99999	sp
1369.3944092894315	1369.6044151928763	297	ONLY
1369.6044151928763	1369.7275711972693	433	THE
1369.7275711972693	1369.9888327788428	51	BEST
1369.9888327788428	1370.49204022673	329	PLAYERS
1370.49204022673	1370.9239967436329	139	ENJOY
1370.9239967436329	1371.6112333794017	335	POPULARITY
1371.6112333794017	1379.4172232838619	99999	sp
1379.4172232838619	1379.8489430164304	75	CALCIUM
1379.8489430164304	1380.1814689676096	253	MAKES
1380.1814689676096	1380.5050539019965	58	BONES
1380.5050539019965	1380.7748227721381	20	AND
1380.7748227721381	1381.1354309776966	429	TEETH
1381.1354309776966	1381.542	405	STRONG
1381.542	1389.2318118135913	99999	sp
1389.2318118135913	1389.602	285	NOTHING
1389.602	1389.7798638442382	224	IS
1389.7798638442382	1390.9037187775139	294	OFFENSIVE
1390.9037187775139	1391.9397546366542	99999	sp
1391.9397546366542	1392.212	285	NOTHING
1392.212	1392.5170727052569	224	IS
1392.5170727052569	1392.812	34	AS
1392.812	1393.5415207067572	294	OFFENSIVE
1393.5415207067572	1393.6599276625734	34	AS
1393.6599276625734	1394.362	219	INNOCENCE
1394.362	1404.292	99999	sp
1404.292	1404.5720000000001	404	STEVE
1404.5720000000001	1404.7805625952024	489	WORE
1404.7805625952024	1404.8821543028184	1	A
1404.8821543028184	1405.1729190258388	65	BRIGHT
1405.1729190258388	1406.0513677901013	355	RED
1406.0513677901013	1406.7341585691959	78	CASHMERE
1406.7341585691959	1407.417123156853	419	SWEATER
1407.417123156853	1416.3401908315088	99999	sp
1416.3401908315088	1416.6651465939613	46	BARB'S
1416.6651465939613	1416.962	184	GO
1416.962	1417.611852830217	99999	sp
1417.611852830217	1418.086286050629	63	BRACELET
1418.086286050629	1418.246228962672	471	WAS
1418.246228962672	1418.3899305989892	1	A
1418.3899305989892	1419.0871713711097	193	GRADUATION
1419.0871713711097	1419.402	338	PRESENT
1419.402	1427.8949392039679	99999	sp
1427.8949392039679	1428.0581519896016	130	DRAW
1428.0581519896016	1428.432	145	EVERY
1428.432	1428.7583897643276	307	OUTER
1428.7583897643276	1428.9508743959052	243	LINE
1428.9508743959052	1429.432	156	FIRST
1429.432	1429.892	435	THEN
1429.892	1430.1779094609008	154	FILL
1430.1779094609008	1430.3266427000226	433	THE
1430.3266427000226	1430.6337753473113	217	IN
1430.6337753473113	1431.039025732939	433	THE
1431.039025732939	1431.8194287909046	222	INTERIOR
1431.8194287909046	1439.862	99999	sp
1439.862	1441.9958960156928	99999	sp
1441.9958960156928	1442.066841479705	433	THE
1442.066841479705	1442.3370380341353	474	WATER
1442.3370380341353	1442.7226945881407	103	CONTAINED
1442.7226945881407	1442.9292299085728	447	TOO
1442.9292299085728	1443.2043502506851	268	MUCH
1443.2043502506851	1443.752	90	CHLORINE
1443.752	1443.9865844776064	20	AND
1443.9865844776064	1444.402	408	STUNG
1444.402	1444.586075457143	208	HIS
1444.586075457143	1445.142	149	EYES
1445.142	1454.0898715397768	99999	sp
1454.0898715397768	1454.4541686325283	229	JOHN'S
1454.4541686325283	1454.8303523485702	66	BROTHER
1454.8303523485702	1455.3768977528537	362	REPAINTED
1455.3768977528537	1455.5077611217027	433	THE
1455.5077611217027	1455.8717161695247	173	GARAGE
1455.8717161695247	1456.152	129	DOOR
1456.152	1464.8816420935432	99999	sp
1464.8816420935432	1465.2708478026204	84	CHALLENGE
1465.2708478026204	1465.5980062247436	132	EACH
1465.5980062247436	1466.062	175	GENERAL'S
1466.062	1466.902	221	INTELLIGENCE
1466.902	1474.5859727067636	99999	sp
1474.5859727067636	1475.3042745869898	17	AMBIDEXTROUS
1475.3042745869898	1475.865160719147	326	PICKPOCKETS
1475.865160719147	1476.5956883653112	6	ACCOMPLISH
1476.5956883653112	1476.9681355755392	266	MORE
1476.9681355755392	1484.0144692555548	99999	sp
1484.0144692555548	1484.0819999999999	1	A
1484.0819999999999	1484.562	270	MUSCULAR
1484.562	1485.152844009646	2	ABDOMEN
1485.152844009646	1485.351626903404	224	IS
1485.351626903404	1485.4418325116972	189	GOOD
1485.4418325116972	1485.632	161	FOR
1485.632	1485.7883362029515	495	YOUR
1485.7883362029515	1486.2397598026382	43	BACK
1486.2397598026382	1496.3430453705653	99999	sp
1496.3430453705653	1496.562	437	THEY
1496.562	1496.8234638793006	316	OWN
1496.8234638793006	1496.9209437766137	1	A
1496.9209437766137	1497.0520000000001	52	BIG
1497.0520000000001	1497.5763942122437	209	HOUSE
1497.5763942122437	1497.722	217	IN
1497.722	1497.8230831220799	433	THE
1497.8230831220799	1498.400164114175	360	REMOTE
1498.400164114175	1499.0897953640606	109	COUNTRYSIDE
1499.0897953640606	1510.4958501245906	99999	sp
1510.4958501245906	1510.557262459898	433	THE
1510.557262459898	1510.862	368	ROSE
1510.862	1511.3376114957102	106	CORSAGE
1511.3376114957102	1511.792	392	SMELLED
1511.792	1512.624817460834	420	SWEET
1512.624817460834	1519.7194368455894	99999	sp
1519.7194368455894	1519.8663381936744	433	THE
1519.8663381936744	1520.1019999999999	88888	PIT
1520.1019999999999	1520.575096541635	99999	sp
1520.575096541635	1520.7592882319263	432	THAT
1520.7592882319263	1521.2383073699166	325	PICKPOCKET
1521.2383073699166	1521.4322461545942	471	WAS
1521.4322461545942	1521.6008648325428	80	CAUGHT
1521.6008648325428	1521.8478541367958	355	RED
1521.8478541367958	1522.2252137364505	199	HANDED
1522.2252137364505	1530.2548391119612	99999	sp
1530.2548391119612	1530.3757247221415	19	AN
1530.3757247221415	1530.6844613524581	9	ADULT
1530.6844613524581	1531.030734260419	254	MALE
1531.030734260419	1531.5477330571184	42	BABOON'S
1531.5477330571184	1531.7863698102935	429	TEETH
1531.7863698102935	1531.942	30	ARE
1531.942	1532.1728698397606	284	NOT
1532.1728698397606	1532.6094143934479	414	SUITABLE
1532.6094143934479	1532.782	161	FOR
1532.782	1533.0616131988131	135	EATING
1533.0616131988131	1533.7103131608872	375	SHELLFISH
1533.7103131608872	1544.1325228227686	99999	sp
1544.1325228227686	1544.292	204	HER
1544.292	1544.750673056304	469	WARDROBE
1544.750673056304	1545.243606842415	102	CONSISTS
1545.243606842415	1545.3445831375045	293	OF
1545.3445831375045	1545.6019999999999	297	ONLY
1545.6019999999999	1546.0214280318328	384	SKIRTS
1546.0214280318328	1546.1644174796415	20	AND
1546.1644174796415	1546.8950541023635	54	BLOUSES
1546.8950541023635	1555.1503416750115	99999	sp
1555.1503416750115	1555.222	433	THE
1555.222	1555.382	452	TWO
1555.382	1555.7992716111862	33	ARTISTS
1555.7992716111862	1556.2632187264212	147	EXCHANGED
1556.2632187264212	1557.022	39	AUTOGRAPHS
1557.022	1563.4306926542213	99999	sp
1563.4306926542213	1563.932	71	BUTTERSCOTCH
1563.932	1564.2224079927282	169	FUDGE
1564.2224079927282	1564.472	186	GOES
1564.472	1564.972	480	WELL
1564.972	1565.162	486	WITH
1565.162	1565.9672703934405	462	VANILLA
1565.9672703934405	1566.2889025067955	212	ICE
1566.2889025067955	1566.5657389144085	112	CREAM
1566.5657389144085	1574.6083048787002	99999	sp
1574.6083048787002	1574.8282934075467	365	RICH
1574.8282934075467	1575.192	348	PURCHASED
1575.192	1575.6044951065087	373	SEVERAL
1575.6044951065087	1576.0720000000001	381	SIGNED
1576.0720000000001	1576.8838721060401	244	LITHOGRAPHS
1576.8838721060401	1583.999402566054	99999	sp
1583.999402566054	1584.233454639606	24	ANY
1584.233454639606	1584.922	105	CONTRIBUTIONS
1584.922	1585.056550152026	484	WILL
1585.056550152026	1585.2245382996286	47	BE
1585.2245382996286	1585.562	195	GREATLY
1585.562	1586.1504190060155	28	APPRECIATED
1586.1504190060155	1594.0506668355847	99999	sp
1594.0506668355847	1594.1475773906982	433	THE
1594.1475773906982	1594.6469193895514	111	CRANBERRY
1594.6469193895514	1594.9481158418905	57	BOG
1594.9481158418905	1595.152	178	GETS
1595.152	1595.4494765157247	464	VERY
1595.4494765157247	1595.7004954497445	339	PRETTY
1595.7004954497445	1595.8220000000001	217	IN
1595.8220000000001	1596.098730440791	40	AUTUMN
1596.098730440791	1603.2536953404979	99999	sp
1603.2536953404979	1603.4131897320103	210	HOW
1603.4131897320103	1603.5720000000001	128	DO
1603.5720000000001	1603.932	317	OYSTERS
1603.932	1604.160033852663	252	MAKE
1604.160033852663	1604.662	319	PEARLS
1604.662	1612.005762709517	99999	sp
1612.005762709517	1612.1970716116841	256	MAY
1612.1970716116841	1612.503953343193	211	I
1612.503953343193	1612.922768298014	303	ORDER
1612.922768298014	1613.0785621286527	1	A
1613.0785621286527	1614.0683431000384	318	PARFAIT
1614.0683431000384	1614.362	10	AFTER
1614.362	1614.752	124	DINNER
1614.752	1626.4057402994285	99999	sp
1626.4057402994285	1626.492	224	IS
1626.492	1626.6353446200328	374	SHE
1626.6353446200328	1626.890460531815	187	GOING
1626.890460531815	1627.0458874677352	486	WITH
1627.0458874677352	1627.155140539348	494	YOU
1627.155140539348	1633.3048044185794	99999	sp
1633.3048044185794	1633.4426771824265	76	CAN
1633.4426771824265	1633.502	433	THE
1633.502	1633.913794077298	11	AGENCY
1633.913794077298	1634.4074881657987	314	OVERTHROW
1634.4074881657987	1634.7787887360168	13	ALIEN
1634.7787887360168	1635.409975562261	162	FORCES
1635.409975562261	1642.1384629808056	99999	sp
1642.1384629808056	1642.202	1	A
1642.202	1642.892	370	SCREWDRIVER
1642.892	1643.0819999999999	224	IS
1643.0819999999999	1643.338304570089	251	MADE
1643.338304570089	1643.6054201950992	166	FROM
1643.6054201950992	1644.062	468	VODKA
1644.062	1644.4575466755673	20	AND
1644.4575466755673	1644.732	302	ORANGE
1644.732	1645.1496650697368	230	JUICE
1645.1496650697368	1652.6908841262953	99999	sp
1652.6908841262953	1652.7589734034004	210	HOW
1652.7589734034004	1652.9671320505508	268	MUCH
1652.9671320505508	1653.3787422085309	16	ALLOWANCE
1653.3787422085309	1653.542	128	DO
1653.542	1653.633394645432	494	YOU
1653.633394645432	1653.723856113586	177	GET
1653.723856113586	1659.4297242187658	99999	sp
1659.4297242187658	1660.2137943373286	115	CYCLICAL
1660.2137943373286	1660.6775537351755	345	PROGRAMS
1660.6775537351755	1660.7722459944828	484	WILL
1660.7722459944828	1661.105959843816	280	NEVER
1661.105959843816	1661.6508250657853	100	COMPILE
1661.6508250657853	1668.957878315363	99999	sp
1668.957878315363	1669.04619680093	433	THE
1669.04619680093	1669.372	61	BOSTON
1669.372	1669.732	45	BALLET
1669.732	1670.362	311	OVERCAME
1670.362	1670.5024913715652	434	THEIR
1670.5024913715652	1671.0903706084628	170	FUNDING
1671.0903706084628	1672.092	379	SHORTAGE
1672.092	1678.8529021676893	99999	sp
1678.8529021676893	1679.1389204720263	145	EVERY
1679.1389204720263	1679.492	74	CAB
1679.492	1679.7391267070811	279	NEEDS
1679.7391267070811	1680.272	363	REPAINTING
1680.272	1680.752	295	OFTEN
1680.752	1688.840142230745	99999	sp
1688.840142230745	1689.112	203	HELP
1689.112	1689.382056963223	196	GREG
1689.382056963223	1689.5121643110033	445	TO
1689.5121643110033	1689.6674695306808	324	PICK
1689.6674695306808	1689.7750177050234	1	A
1689.7750177050234	1689.9552159582504	320	PECK
1689.9552159582504	1690.1119693827332	293	OF
1690.1119693827332	1690.7633755552056	337	POTATOES
1690.7633755552056	1698.149502905963	99999	sp
1698.149502905963	1698.2327962647419	475	WE
1698.2327962647419	1698.4739595942297	240	LIKE
1698.4739595942297	1698.6548593510454	55	BLUE
1698.6548593510454	1699.2177814127663	88	CHEESE
1699.2177814127663	1699.372	70	BUT
1699.372	1699.6840477156588	465	VICTOR
1699.6840477156588	1700.0301842318934	241	LIKES
1700.0301842318934	1700.232	64	BRIE
1700.232	1707.9112667626086	99999	sp
1707.9112667626086	1708.1724693434471	108	COUNT
1708.1724693434471	1708.2181087358338	433	THE
1708.2181087358338	1708.542	288	NUMBER
1708.542	1708.6345884550433	293	OF
1708.6345884550433	1709.0634650033026	428	TEASPOONS
1709.0634650033026	1709.1461040432455	293	OF
1709.1461040432455	1709.686592299395	394	SOYSAUCE
1709.686592299395	1709.8020000000001	432	THAT
1709.8020000000001	1709.932	494	YOU
1709.932	1710.202	7	ADD
1710.202	1717.5999935346467	99999	sp
2227.689257063985	2228.112	99999	sp
2228.112	2228.283388093028	99999	sp
2228.283388093028	2228.807297359976	88888	BYPOPS
2228.807297359976	2229.002	20	AND
2229.002	2229.572	59	BONGOS
2229.572	2229.712232436027	30	ARE
2229.712232436027	2230.2751224817116	272	MUSICAL
2230.2751224817116	2231.562	220	INSTRUMENTS
2231.562	2238.248473173566	99999	sp
2238.248473173566	2238.358676095656	210	HOW
2238.358676095656	2238.5589996462986	189	GOOD
2238.5589996462986	2238.691733160908	224	IS
2238.691733160908	2238.822	495	YOUR
2238.822	2239.452	138	ENDURANCE
2239.452	2259.2943570097364	99999	sp
2259.2943570097364	2263.855167610077	99999	{NS}
2263.855167610077	2280.4066631708947	99999	sp
2280.4066631708947	2280.558096324453	30	ARE
2280.558096324453	2280.8126940921125	495	YOUR
2280.8126940921125	2281.1696495294236	192	GRADES
2281.1696495294236	2281.480651277935	206	HIGHER
2281.480651277935	2281.5548174620803	301	OR
2281.5548174620803	2281.902	250	LOWER
2281.902	2282.062	431	THAN
2282.062	2282.812	274	NANCY'S
2282.812	2291.682	99999	sp
2291.682	2291.882	374	SHE
2291.882	2292.122	489	WORE
2292.122	2292.442	470	WARM
2292.442	2292.892	158	FLEECY
2292.892	2293.322	488	WOOLEN
2293.322	2294.062	310	OVERALLS
2294.062	2303.1159512758495	99999	sp
2303.1159512758495	2303.3836731113006	353	READING
2303.3836731113006	2303.576266791677	217	IN
2303.576266791677	2303.8092921262255	334	POOR
2303.8092921262255	2304.07822671912	239	LIGHT
2304.07822671912	2304.3350949666474	181	GIVES
2304.3350949666474	2304.445439777205	494	YOU
2304.445439777205	2305.002	150	EYESTRAIN
2305.002	2315.5221716757806	99999	sp
2315.5221716757806	2315.732	142	EVEN
2315.732	2315.918327634996	211	I
2315.918327634996	2316.4719999999998	292	OCCASIONALLY
2316.4719999999998	2316.6454695628563	177	GET
2316.6454695628563	2316.712	433	THE
2316.712	2317.042	264	MONDAY
2317.042	2317.542	56	BLUES
2317.542	2318.0642607455156	99999	sp
2318.0642607455156	2318.1999305945615	99999	{NS}
2318.1999305945615	2323.99927359893	99999	sp
2323.99927359893	2324.124744453267	475	WE
2324.124744453267	2324.200064975518	30	ARE
2324.200064975518	2324.482	300	OPEN
2324.482	2324.859938352929	145	EVERY
2324.859938352929	2325.302	264	MONDAY
2325.302	2325.772	143	EVENING
2325.772	2333.122	99999	sp
2333.122	2333.312	226	IT'S
2333.312	2333.494961495351	284	NOT
2333.494961495351	2333.752	133	EASY
2333.752	2333.857020513805	445	TO
2333.857020513805	2334.072	113	CREATE
2334.072	2334.792834260479	215	ILLUMINATING
2334.792834260479	2335.6620000000003	146	EXAMPLES
2335.6620000000003	2342.6749607888423	99999	sp
2342.6749607888423	2342.952	269	MUM
2342.952	2343.4191271132013	406	STRONGLY
2343.4191271132013	2343.944642204571	126	DISLIKES
2343.944642204571	2344.962	27	APPETIZERS
2344.962	2352.0714183111413	99999	sp
2352.0714183111413	2352.352	442	THOSE
2352.352	2352.4618832584147	483	WHO
2352.4618832584147	2352.732	426	TEACH
2352.732	2353.252	461	VALUES
2353.252	2353.572	156	FIRST
2353.572	2353.9911067322864	4	ABOLISH
2353.9911067322864	2354.296952830111	87	CHEATING
2354.296952830111	2361.9878334935097	99999	sp
2361.9878334935097	2362.062	433	THE
2362.062	2362.4363519864805	165	FRIGHTENED
2362.4363519864805	2362.7619999999997	89	CHILD
2362.7619999999997	2363.002	471	WAS
2363.002	2363.3087859040606	176	GENTLY
2363.3087859040606	2363.8473152976867	409	SUBDUED
2363.8473152976867	2363.9602287499924	73	BY
2363.9602287499924	2364.145375873185	208	HIS
2364.145375873185	2364.3769891250195	52	BIG
2364.3769891250195	2364.8020066348395	66	BROTHER
2364.8020066348395	2372.444795217907	99999	sp
2372.444795217907	2372.732	142	EVEN
2372.732	2372.766509737967	1	A
2372.766509737967	2373.1607339420675	382	SIMPLE
2373.1607339420675	2373.852	467	VOCABULARY
2373.852	2374.242	104	CONTAINS
2374.242	2374.862	421	SYMBOLS
2374.862	2382.1225073126743	99999	sp
2382.1225073126743	2382.2365407394905	1	A
2382.2365407394905	2382.562919950015	110	CRAB
2382.562919950015	2382.982501634842	85	CHALLENGED
2382.982501634842	2383.223233518638	257	ME
2383.223233518638	2383.321472953543	70	BUT
2383.321472953543	2383.4523262156554	1	A
2383.4523262156554	2383.632	349	QUICK
2383.632	2384.132	401	STAB
2384.132	2384.6070842240847	463	VANQUISHED
2384.6070842240847	2384.792	207	HIM
2384.792	2392.0	99999	sp
2392.0	2392.8921129825485	99999	sp
2392.8921129825485	2393.379636271642	20	AND
2393.379636271642	2393.8698952125483	167	FRUCTOSE
2393.8698952125483	2393.9543862320147	30	ARE
2393.9543862320147	2394.365981837053	275	NATURAL
2394.365981837053	2394.8967244766127	413	SUGARS
2394.8967244766127	2395.012	432	THAT
2395.012	2395.1348686656847	30	ARE
2395.1348686656847	2395.529921495279	163	FOUND
2395.529921495279	2395.641540489377	217	IN
2395.641540489377	2395.9232220060053	168	FRUIT
2395.9232220060053	2404.258756609521	99999	sp
2404.258756609521	2404.342	30	ARE
2404.342	2404.481366870971	494	YOU
2404.481366870971	2404.752	249	LOOKING
2404.752	2404.921720531054	161	FOR
2404.921720531054	2405.4123902882034	136	EMPLOYMENT
2405.4123902882034	2414.858915144491	99999	sp
2414.858915144491	2415.2696199174716	98	COFFEE
2415.2696199174716	2415.4019635967575	224	IS
2415.4019635967575	2415.5867630604207	198	GROWN
2415.5867630604207	2415.732	296	ON
2415.732	2416.0886822572816	403	STEEP
2416.0886822572816	2416.382	88888	JUNGLE
2416.382	2416.551598115198	240	LIKE
2416.551598115198	2417.3853510881318	389	SLOPES
2417.3853510881318	2417.5287210980973	217	IN
2417.5287210980973	2417.863957692494	430	TEMPERATE
2417.863957692494	2418.437895217708	496	ZONES
2418.437895217708	2430.332	99999	sp
2430.332	2433.5193562654194	99999	sp
2433.5193562654194	2433.6114242591007	475	WE
2433.6114242591007	2433.902	479	WELCOME
2433.902	2434.1281041076995	255	MANY
2434.1281041076995	2434.282	281	NEW
2434.282	2434.732	407	STUDENTS
2434.732	2434.963597415846	132	EACH
2434.963597415846	2435.201477899312	490	YEAR
2435.201477899312	2442.13157501585	99999	sp
2442.13157501585	2442.262	297	ONLY
2442.262	2442.3182272503204	433	THE
2442.3182272503204	2442.632	51	BEST
2442.632	2443.0151392810676	329	PLAYERS
2443.0151392810676	2443.359418114065	139	ENJOY
2443.359418114065	2444.042	335	POPULARITY
2444.042	2451.1303293415554	99999	sp
2451.1303293415554	2451.542	75	CALCIUM
2451.542	2451.804563675149	253	MAKES
2451.804563675149	2452.0892765997946	58	BONES
2452.0892765997946	2452.21800346024	20	AND
2452.21800346024	2452.392	429	TEETH
2452.392	2452.7572112952953	405	STRONG
2452.7572112952953	2459.359505457865	99999	sp
2459.359505457865	2459.728040803995	285	NOTHING
2459.728040803995	2460.059161394173	224	IS
2460.059161394173	2460.4610432880563	34	AS
2460.4610432880563	2461.109981866807	294	OFFENSIVE
2461.109981866807	2461.4415226520237	34	AS
2461.4415226520237	2462.282	219	INNOCENCE
2462.282	2469.2927408192895	99999	sp
2469.2927408192895	2469.6249298116927	404	STEVE
2469.6249298116927	2469.8090217903127	489	WORE
2469.8090217903127	2469.880370999446	1	A
2469.880370999446	2470.0853118032537	65	BRIGHT
2470.0853118032537	2470.4080036829337	355	RED
2470.4080036829337	2470.8201639695044	78	CASHMERE
2470.8201639695044	2471.1880390915226	419	SWEATER
2471.1880390915226	2476.852	99999	sp
2476.852	2478.962	99999	sp
2478.962	2479.2813339432555	99999	sp
2479.2813339432555	2479.668652414662	46	BARB'S
2479.668652414662	2479.9241830779692	188	GOLD
2479.9241830779692	2480.262090119581	63	BRACELET
2480.262090119581	2480.4543936076852	471	WAS
2480.4543936076852	2480.568289209043	1	A
2480.568289209043	2481.1654059733696	193	GRADUATION
2481.1654059733696	2481.4901123354402	338	PRESENT
2481.4901123354402	2490.388419927552	99999	sp
2490.388419927552	2490.605338262134	130	DRAW
2490.605338262134	2490.992	145	EVERY
2490.992	2491.272	307	OUTER
2491.272	2491.512825166636	243	LINE
2491.512825166636	2491.972	156	FIRST
2491.972	2492.122	435	THEN
2492.122	2492.462	154	FILL
2492.462	2492.562	217	IN
2492.562	2492.692	433	THE
2492.692	2493.432	222	INTERIOR
2493.432	2499.542	99999	sp
2499.542	2501.1764835163644	99999	sp
2501.1764835163644	2501.2527049207647	433	THE
2501.2527049207647	2501.5891641449334	474	WATER
2501.5891641449334	2501.9845554272274	103	CONTAINED
2501.9845554272274	2502.102	447	TOO
2502.102	2502.3977842315453	268	MUCH
2502.3977842315453	2502.862	90	CHLORINE
2502.862	2502.9726744635805	20	AND
2502.9726744635805	2503.282	408	STUNG
2503.282	2503.422741225316	208	HIS
2503.422741225316	2503.942	149	EYES
2503.942	2512.312	99999	sp
2512.312	2512.672	229	JOHN'S
2512.672	2512.971895612607	66	BROTHER
2512.971895612607	2513.4594693771883	362	REPAINTED
2513.4594693771883	2513.541234501284	433	THE
2513.541234501284	2513.9366398185	173	GARAGE
2513.9366398185	2514.202	129	DOOR
2514.202	2515.572	99999	sp
2521.7433173706145	2522.312	84	CHALLENGE
2522.312	2522.802735642509	132	EACH
2522.802735642509	2523.314311763563	175	GENERAL'S
2523.314311763563	2524.3466651823214	221	INTELLIGENCE
2524.3466651823214	2532.706248743537	99999	sp
2532.706248743537	2533.3928642086444	17	AMBIDEXTROUS
2533.3928642086444	2533.94869759488	326	PICKPOCKETS
2533.94869759488	2534.4759030359205	6	ACCOMPLISH
2534.4759030359205	2534.833638445035	266	MORE
2534.833638445035	2542.6778133196535	99999	sp
2542.6778133196535	2542.7273533366974	1	A
2542.7273533366974	2543.1569401210268	270	MUSCULAR
2543.1569401210268	2543.682	2	ABDOMEN
2543.682	2543.829451237632	224	IS
2543.829451237632	2543.982161961895	189	GOOD
2543.982161961895	2544.172	161	FOR
2544.172	2544.3325380119654	495	YOUR
2544.3325380119654	2544.772	43	BACK
2544.772	2552.0141630054864	99999	sp
2552.0141630054864	2552.112	437	THEY
2552.112	2552.238901800514	316	OWN
2552.238901800514	2552.363763310858	1	A
2552.363763310858	2552.5037874822146	52	BIG
2552.5037874822146	2552.891767498104	209	HOUSE
2552.891767498104	2552.962	217	IN
2552.962	2553.022	433	THE
2553.022	2553.375307073256	360	REMOTE
2553.375307073256	2553.9932554083616	109	COUNTRYSIDE
2553.9932554083616	2560.5614038650933	99999	sp
2560.5614038650933	2560.638774652371	433	THE
2560.638774652371	2560.9520463395684	368	ROSE
2560.9520463395684	2561.502	106	CORSAGE
2561.502	2561.902	392	SMELLED
2561.902	2562.214774219945	420	SWEET
2562.214774219945	2568.6950755340617	99999	sp
2568.6950755340617	2568.820158833626	433	THE
2568.820158833626	2569.3328876741825	325	PICKPOCKET
2569.3328876741825	2569.551070464023	471	WAS
2569.551070464023	2569.645421664239	99999	sp
2569.645421664239	2570.141483846467	80	CAUGHT
2570.141483846467	2570.572	355	RED
2570.572	2571.55627436194	199	HANDED
2571.55627436194	2579.2173470858675	99999	sp
2579.2173470858675	2579.383448717049	19	AN
2579.383448717049	2579.682	9	ADULT
2579.682	2580.022	254	MALE
2580.022	2580.842	42	BABOON'S
2580.842	2581.142	429	TEETH
2581.142	2581.322	30	ARE
2581.322	2581.63060723444	284	NOT
2581.63060723444	2582.112065946792	414	SUITABLE
2582.112065946792	2582.2810902297642	161	FOR
2582.2810902297642	2582.562	135	EATING
2582.562	2583.3104473622607	375	SHELLFISH
2583.3104473622607	2592.9955412315976	99999	sp
2592.9955412315976	2593.161069884743	204	HER
2593.161069884743	2593.6592880144804	469	WARDROBE
2593.6592880144804	2594.1387620431788	102	CONSISTS
2594.1387620431788	2594.222	293	OF
2594.222	2594.442	297	ONLY
2594.442	2594.9149691967546	384	SKIRTS
2594.9149691967546	2595.0483486731828	20	AND
2595.0483486731828	2595.913269903027	54	BLOUSES
2595.913269903027	2602.870092858448	99999	sp
2602.870092858448	2602.9982949423156	433	THE
2602.9982949423156	2603.1499588454526	452	TWO
2603.1499588454526	2603.5730307775034	33	ARTISTS
2603.5730307775034	2604.018940305923	147	EXCHANGED
2604.018940305923	2604.862	39	AUTOGRAPHS
2604.862	2611.2300905850248	99999	sp
2611.2300905850248	2611.732	71	BUTTERSCOTCH
2611.732	2612.078813643214	169	FUDGE
2612.078813643214	2612.321169802451	186	GOES
2612.321169802451	2612.562	480	WELL
2612.562	2612.732	486	WITH
2612.732	2613.163862864698	462	VANILLA
2613.163862864698	2613.587353823195	212	ICE
2613.587353823195	2614.402	112	CREAM
2614.402	2622.017775268049	99999	sp
2622.017775268049	2622.2704053211	365	RICH
2622.2704053211	2622.6279927874966	348	PURCHASED
2622.6279927874966	2622.919676761793	373	SEVERAL
2622.919676761793	2623.222248609962	381	SIGNED
2623.222248609962	2624.016024543784	244	LITHOGRAPHS
2624.016024543784	2630.9492707582667	99999	sp
2630.9492707582667	2631.1124813423185	24	ANY
2631.1124813423185	2631.84497802492	105	CONTRIBUTIONS
2631.84497802492	2631.968908790963	484	WILL
2631.968908790963	2632.084394841243	47	BE
2632.084394841243	2632.402	195	GREATLY
2632.402	2632.998978337121	28	APPRECIATED
2632.998978337121	2640.340938709363	99999	sp
2640.340938709363	2640.4663671983644	433	THE
2640.4663671983644	2640.8655582064034	111	CRANBERRY
2640.8655582064034	2641.4334451983877	57	BOG
2641.4334451983877	2641.7306617645845	178	GETS
2641.7306617645845	2642.071634807102	464	VERY
2642.071634807102	2642.3420438638177	339	PRETTY
2642.3420438638177	2642.441026770401	217	IN
2642.441026770401	2642.824685975829	40	AUTUMN
2642.824685975829	2650.7316454758593	99999	sp
2650.7316454758593	2650.8521631688595	210	HOW
2650.8521631688595	2650.9690562695896	128	DO
2650.9690562695896	2651.342	317	OYSTERS
2651.342	2651.604509074354	252	MAKE
2651.604509074354	2652.152	319	PEARLS
2652.152	2659.0042384236945	99999	sp
2659.0042384236945	2659.112	256	MAY
2659.112	2659.245483598571	211	I
2659.245483598571	2659.542	303	ORDER
2659.542	2659.620749180965	1	A
2659.620749180965	2660.063158703801	318	PARFAIT
2660.063158703801	2660.3624217129063	10	AFTER
2660.3624217129063	2660.495252440426	211	I
2660.495252440426	2660.688906006617	134	EAT
2660.688906006617	2661.022	124	DINNER
2661.022	2667.6700312699986	99999	sp
2667.6700312699986	2667.7418676934208	224	IS
2667.7418676934208	2667.9493712271897	374	SHE
2667.9493712271897	2668.2398334826057	187	GOING
2668.2398334826057	2668.3096195123935	445	TO
2668.3096195123935	2668.6662620136794	47	BE
2668.6662620136794	2668.9098442718755	486	WITH
2668.9098442718755	2669.0716978608493	494	YOU
2676.2763904305552	2676.416139536999	76	CAN
2676.416139536999	2676.5038373001853	433	THE
2676.5038373001853	2676.9205482075113	11	AGENCY
2676.9205482075113	2677.472227503451	88888	OVERFLOW
2677.472227503451	2678.6689961476677	99999	sp
2678.6689961476677	2679.272	314	OVERTHROW
2679.272	2679.6644717430045	99999	sp
2679.6644717430045	2680.002	13	ALIEN
2680.002	2680.6807088911187	162	FORCES
2680.6807088911187	2689.8112334440857	99999	sp
2689.8112334440857	2689.862	1	A
2689.862	2690.572	370	SCREWDRIVER
2690.572	2690.7028611178744	224	IS
2690.7028611178744	2690.884612239122	251	MADE
2690.884612239122	2691.102	166	FROM
2691.102	2691.7415909654974	468	VODKA
2691.7415909654974	2692.146098034128	20	AND
2692.146098034128	2692.372	302	ORANGE
2692.372	2692.82408665648	230	JUICE
2692.82408665648	2700.546683854939	99999	sp
2700.546683854939	2700.632	210	HOW
2700.632	2700.819357917028	268	MUCH
2700.819357917028	2701.212	16	ALLOWANCE
2701.212	2701.322	128	DO
2701.322	2701.382	494	YOU
2701.382	2701.572	177	GET
2701.572	2707.395588728314	99999	sp
2707.395588728314	2707.954882894641	115	CYCLICAL
2707.954882894641	2708.387379861627	345	PROGRAMS
2708.387379861627	2708.480240404957	484	WILL
2708.480240404957	2708.8104112256865	280	NEVER
2708.8104112256865	2709.327555072384	100	COMPILE
2709.327555072384	2716.1432429791885	99999	sp
2716.1432429791885	2716.202	433	THE
2716.202	2716.632	61	BOSTON
2716.632	2717.022	45	BALLET
2717.022	2717.532	311	OVERCAME
2717.532	2717.6176431038652	434	THEIR
2717.6176431038652	2717.994182723984	170	FUNDING
2717.994182723984	2718.602	379	SHORTAGE
2718.602	2726.3784927564775	99999	sp
2726.3784927564775	2726.9317829498077	145	EVERY
2726.9317829498077	2727.4719999999998	74	CAB
2727.4719999999998	2727.789403340439	279	NEEDS
2727.789403340439	2728.6420974819184	363	REPAINTING
2728.6420974819184	2728.733498287664	99999	sp
2728.733498287664	2729.211720561837	295	OFTEN
2729.211720561837	2738.042	99999	sp
2742.745333848206	2742.842	475	WE
2742.842	2743.0640165795817	240	LIKE
2743.0640165795817	2743.2219999999998	55	BLUE
2743.2219999999998	2743.6410881816187	88	CHEESE
2743.6410881816187	2743.7450312947194	70	BUT
2743.7450312947194	2744.1367322675587	465	VICTOR
2744.1367322675587	2744.4219753396687	241	LIKES
2744.4219753396687	2744.602	64	BRIE
2744.602	2752.0405553585224	99999	sp
2752.0405553585224	2752.278123364072	108	COUNT
2752.278123364072	2752.3201847014134	433	THE
2752.3201847014134	2752.612848533858	288	NUMBER
2752.612848533858	2752.6559156464846	293	OF
2752.6559156464846	2752.8281840969903	99999	sp
2752.8281840969903	2753.301922335882	428	TEASPOONS
2753.301922335882	2753.432	293	OF
2753.432	2754.1181176731097	394	SOYSAUCE
2754.1181176731097	2754.267797578367	432	THAT
2754.267797578367	2754.3774943494145	494	YOU
2754.3774943494145	2754.702	7	ADD
2754.702	2762.4808472276277	99999	sp
