588.3089611107474	588.472	210	HOW
588.472	588.692	189	GOOD
588.692	588.8262680832148	224	IS
588.8262680832148	588.952	495	YOUR
588.952	589.6441799654501	138	ENDURANCE
589.6441799654501	598.0	99999	sp
598.0	608.542	99999	sp
608.542	611.0213455654427	99999	sp
611.0213455654427	613.6705787440239	99999	sp
613.6705787440239	613.7567506920535	30	ARE
613.7567506920535	613.9482161861306	495	YOUR
613.9482161861306	614.202	192	GRADES
614.202	614.5237040155981	206	HIGHER
614.5237040155981	614.572	301	OR
614.572	614.962	250	LOWER
614.962	615.122	431	THAN
615.122	615.792	274	NANCY'S
615.792	624.0691567996226	99999	sp
624.0691567996226	624.262	374	SHE
624.262	624.522	489	WORE
624.522	624.842	470	WARM
624.842	625.282	158	FLEECY
625.282	625.672	488	WOOLEN
625.672	626.462	310	OVERALLS
626.462	633.5844550863965	99999	sp
633.5844550863965	633.882	353	READING
633.882	634.0091539542545	217	IN
634.0091539542545	634.2269232653563	334	POOR
634.2269232653563	634.523451459443	239	LIGHT
634.523451459443	634.712	181	GIVES
634.712	634.902	494	YOU
634.902	634.9617730711612	99999	sp
634.9617730711612	635.572	150	EYESTRAIN
643.2286628813476	643.4326723072975	142	EVEN
643.4326723072975	643.5943401542767	211	I
643.5943401542767	644.132	292	OCCASIONALLY
644.132	644.302	177	GET
644.302	644.382	433	THE
644.382	644.7740641038447	264	MONDAY
644.7740641038447	645.272	56	BLUES
645.272	654.0843441691013	99999	sp
654.0843441691013	654.1805750303984	475	WE
654.1805750303984	654.2793720479968	30	ARE
654.2793720479968	654.5805162595714	300	OPEN
654.5805162595714	654.972	145	EVERY
654.972	655.372	264	MONDAY
655.372	655.712	143	EVENING
655.712	663.9857272806205	99999	sp
663.9857272806205	664.0819581419177	226	IT'S
664.0819581419177	664.252	284	NOT
664.252	664.542	133	EASY
664.542	664.683093137156	445	TO
664.683093137156	665.002	113	CREATE
665.002	666.0270186662158	88888	ILLUMINATY
666.0270186662158	667.062	146	EXAMPLES
667.062	677.6107222839122	99999	sp
677.6107222839122	677.9834564177808	269	MUM
677.9834564177808	678.3847990687328	406	STRONGLY
678.3847990687328	678.8670030700337	126	DISLIKES
678.8670030700337	679.712	27	APPETIZERS
679.712	687.6543746076744	99999	sp
687.6543746076744	687.852	442	THOSE
687.852	687.922	483	WHO
687.922	688.202	426	TEACH
688.202	688.682	461	VALUES
688.682	689.0059624587808	156	FIRST
689.0059624587808	689.491826532718	4	ABOLISH
689.491826532718	689.5354511898395	99999	sp
689.5354511898395	689.872	87	CHEATING
689.872	696.3328316576552	99999	sp
696.3328316576552	696.3995517214879	433	THE
696.3995517214879	696.732	165	FRIGHTENED
696.732	697.062	89	CHILD
697.062	697.232	471	WAS
697.232	697.2656029091881	99999	sp
697.2656029091881	697.597893586227	176	GENTLY
697.597893586227	698.1187701874342	409	SUBDUED
698.1187701874342	698.222	73	BY
698.222	698.392	208	HIS
698.392	698.552	52	BIG
698.552	699.002	66	BROTHER
699.002	707.2088971353515	99999	sp
707.2088971353515	707.4026419360965	142	EVEN
707.4026419360965	707.462	1	A
707.462	707.872	382	SIMPLE
707.872	708.5988261292651	467	VOCABULARY
708.5988261292651	709.112	104	CONTAINS
709.112	709.732	421	SYMBOLS
709.732	717.3883223016308	99999	sp
717.3883223016308	717.5278308509794	1	A
717.5278308509794	717.8518132021914	110	CRAB
717.8518132021914	718.322	85	CHALLENGED
718.322	718.522	257	ME
718.522	718.8669344843463	99999	sp
718.8669344843463	718.9554668767397	70	BUT
718.9554668767397	719.0831498092541	1	A
719.0831498092541	719.272	349	QUICK
719.272	719.8530332625969	401	STAB
719.8530332625969	720.452	463	VANQUISHED
720.452	720.602	207	HIM
720.602	728.748827071245	99999	sp
728.748827071245	729.1558521138074	183	GLUCOSE
729.1558521138074	729.2023605283329	20	AND
729.2023605283329	729.692	167	FRUCTOSE
729.692	729.762	30	ARE
729.762	730.169489169475	275	NATURAL
730.169489169475	730.7719999999999	413	SUGARS
730.7719999999999	731.112	163	FOUND
731.112	731.1928283635705	217	IN
731.1928283635705	731.5219999999999	168	FRUIT
731.5219999999999	739.7334843104347	99999	sp
739.7334843104347	739.8072613040958	30	ARE
739.8072613040958	739.972	494	YOU
739.972	740.182	249	LOOKING
740.182	740.362	161	FOR
740.362	740.8282359262828	136	EMPLOYMENT
740.8282359262828	750.8340920767259	99999	sp
750.8340920767259	751.1381815984249	98	COFFEE
751.1381815984249	751.2827341341392	224	IS
751.2827341341392	751.5077081058059	198	GROWN
751.5077081058059	751.6220000000001	296	ON
751.6220000000001	752.2063728835079	403	STEEP
752.2063728835079	752.3865006628646	99999	sp
752.3865006628646	752.822	88888	JUNGLE
752.822	752.9736690602815	240	LIKE
752.9736690602815	753.576963509686	389	SLOPES
753.576963509686	753.7139578688183	217	IN
753.7139578688183	754.2280424779512	430	TEMPERATE
754.2280424779512	754.832	496	ZONES
754.832	765.3583878438283	99999	sp
765.3583878438283	765.462	475	WE
765.462	765.802	479	WELCOME
765.802	766.102	255	MANY
766.102	766.301888272389	281	NEW
766.301888272389	766.752	407	STUDENTS
766.752	766.9888682054436	132	EACH
766.9888682054436	767.2719999999999	490	YEAR
767.2719999999999	781.4287816611616	99999	sp
781.4287816611616	781.6066448659443	297	ONLY
781.6066448659443	781.722	433	THE
781.722	782.0431843220233	51	BEST
782.0431843220233	782.4010849973504	329	PLAYERS
782.4010849973504	782.7359645800959	139	ENJOY
782.7359645800959	783.452	335	POPULARITY
783.452	792.8681418088566	99999	sp
792.8681418088566	793.2719999999999	75	CALCIUM
793.2719999999999	793.5039284942236	253	MAKES
793.5039284942236	793.5864523914001	99999	sp
793.5864523914001	794.0149169788062	58	BONES
794.0149169788062	794.3101733875952	20	AND
794.3101733875952	794.582	429	TEETH
794.582	795.0219999999999	405	STRONG
795.0219999999999	803.4536112865976	99999	sp
803.4536112865976	803.822	285	NOTHING
803.822	804.1240270194257	224	IS
804.1240270194257	804.462	34	AS
804.462	805.2212858757105	294	OFFENSIVE
805.2212858757105	805.2700428454343	99999	sp
805.2700428454343	805.482	34	AS
805.482	806.212	219	INNOCENCE
806.212	813.902	99999	sp
813.902	814.2207601819571	404	STEVE
814.2207601819571	814.462	489	WORE
814.462	814.492	1	A
814.492	814.762	65	BRIGHT
814.762	815.0252380902386	355	RED
815.0252380902386	815.7029439951164	78	CASHMERE
815.7029439951164	816.842	419	SWEATER
816.842	827.8397543605025	99999	sp
827.8397543605025	828.1758299417579	46	BARB'S
828.1758299417579	828.4317736228562	188	GOLD
828.4317736228562	828.842	63	BRACELET
828.842	829.0471655648734	471	WAS
829.0471655648734	829.102	1	A
829.102	829.7513737075207	193	GRADUATION
829.7513737075207	830.0874492887759	338	PRESENT
830.0874492887759	837.4903016335179	99999	sp
837.4903016335179	837.7456341854929	130	DRAW
837.7456341854929	838.0933483643132	145	EVERY
838.0933483643132	838.4487610120373	307	OUTER
838.4487610120373	838.6301130191247	243	LINE
838.6301130191247	839.2049474733041	156	FIRST
839.2049474733041	839.3601999295302	99999	sp
839.3601999295302	839.812	435	THEN
839.812	840.102	154	FILL
840.102	840.242	217	IN
840.242	840.602	433	THE
840.602	840.9016302189814	154	FILL
840.9016302189814	841.142	217	IN
841.142	841.352	433	THE
841.352	842.012	222	INTERIOR
842.012	855.008504386074	99999	sp
855.008504386074	855.0872199182918	433	THE
855.0872199182918	855.3620000000001	474	WATER
855.3620000000001	855.8406778620872	103	CONTAINED
855.8406778620872	855.982	447	TOO
855.982	856.247298381084	268	MUCH
856.247298381084	856.6857086835806	90	CHLORINE
856.6857086835806	856.8422442179574	20	AND
856.8422442179574	857.172	408	STUNG
857.172	857.332	208	HIS
857.332	857.8820000000001	149	EYES
857.8820000000001	866.8147717568999	99999	sp
866.8147717568999	867.1853084759474	229	JOHN'S
867.1853084759474	867.432	66	BROTHER
867.432	867.972	362	REPAINTED
867.972	868.125192731131	433	THE
868.125192731131	868.482	173	GARAGE
868.482	868.7919999999999	129	DOOR
868.7919999999999	878.9928995154967	99999	sp
878.9928995154967	879.402	84	CHALLENGE
879.402	879.702	132	EACH
879.702	880.142	175	GENERAL'S
880.142	881.012	221	INTELLIGENCE
881.012	890.2228029807607	99999	sp
890.2228029807607	890.9217529361198	17	AMBIDEXTROUS
890.9217529361198	891.5676142373568	326	PICKPOCKETS
891.5676142373568	892.0870229906867	6	ACCOMPLISH
892.0870229906867	892.3041076466527	266	MORE
892.3041076466527	900.6234088883	99999	sp
900.6234088883	900.6607567861006	1	A
900.6607567861006	901.1320000000001	270	MUSCULAR
901.1320000000001	901.652	2	ABDOMEN
901.652	901.8714651738305	224	IS
901.8714651738305	902.082	189	GOOD
902.082	902.2919999999999	161	FOR
902.2919999999999	902.392	495	YOUR
902.392	902.9583949430069	43	BACK
902.9583949430069	909.7593495237077	99999	sp
909.7593495237077	910.1973804191076	99999	{NS}
910.1973804191076	913.0213010391028	99999	sp
913.0213010391028	913.142	437	THEY
913.142	913.2842633689138	316	OWN
913.2842633689138	913.342	1	A
913.342	913.5226268192498	52	BIG
913.5226268192498	914.002	209	HOUSE
914.002	914.092	217	IN
914.092	914.2012755326625	433	THE
914.2012755326625	914.572	360	REMOTE
914.572	915.244547879653	109	COUNTRYSIDE
915.244547879653	924.1712759212676	99999	sp
924.1712759212676	924.262	433	THE
924.262	924.6188219499658	368	ROSE
924.6188219499658	925.202	106	CORSAGE
925.202	925.5929694838821	392	SMELLED
925.5929694838821	925.9145320630621	420	SWEET
925.9145320630621	934.17317285677	99999	sp
934.17317285677	934.2957401714143	433	THE
934.2957401714143	934.7919999999999	325	PICKPOCKET
934.7919999999999	935.0021227160844	471	WAS
935.0021227160844	935.2034820087345	80	CAUGHT
935.2034820087345	935.5718363849342	355	RED
935.5718363849342	936.082	199	HANDED
936.082	944.8586899378734	99999	sp
944.8586899378734	945.6319248313755	19	AN
945.6319248313755	946.2272031548238	9	ADULT
946.2272031548238	946.692	254	MALE
946.692	947.272486725974	42	BABOON'S
947.272486725974	947.531159568425	429	TEETH
947.531159568425	947.662	30	ARE
947.662	947.9600407721115	284	NOT
947.9600407721115	948.442	414	SUITABLE
948.442	948.582	161	FOR
948.582	948.852	135	EATING
948.852	949.592	375	SHELLFISH
949.592	957.7919999999999	99999	sp
957.7919999999999	957.932	204	HER
957.932	958.434553820892	469	WARDROBE
958.434553820892	958.9141505136389	102	CONSISTS
958.9141505136389	958.992	293	OF
958.992	959.182	297	ONLY
959.182	959.592	384	SKIRTS
959.592	959.702	20	AND
959.702	960.322	54	BLOUSES
960.322	972.0279092567039	99999	sp
972.0279092567039	972.1717419841766	433	THE
972.1717419841766	972.365881535268	452	TWO
972.365881535268	972.7716556657215	33	ARTISTS
972.7716556657215	973.3022079158563	147	EXCHANGED
973.3022079158563	974.0419999999999	39	AUTOGRAPHS
974.0419999999999	981.2160743035327	99999	sp
981.2160743035327	981.7792369425185	71	BUTTERSCOTCH
981.7792369425185	982.3209984126222	169	FUDGE
982.3209984126222	982.5882729197003	186	GOES
982.5882729197003	982.9850994386304	480	WELL
982.9850994386304	983.146402773383	99999	sp
983.146402773383	983.3720000000001	486	WITH
983.3720000000001	983.8720000000001	462	VANILLA
983.8720000000001	984.162	212	ICE
984.162	984.3720000000001	112	CREAM
984.3720000000001	984.8720000000001	99999	sp
984.8720000000001	985.1220000000001	88888	MMM
985.1220000000001	993.3900279627678	99999	sp
993.3900279627678	993.6928114874241	365	RICH
993.6928114874241	994.052	348	PURCHASED
994.052	994.4268307322845	373	SEVERAL
994.4268307322845	994.8155831088511	381	SIGNED
994.8155831088511	995.652	244	LITHOGRAPHS
995.652	1003.2639257577092	99999	sp
1003.2639257577092	1003.5253610423133	24	ANY
1003.5253610423133	1003.6210650304273	99999	sp
1003.6210650304273	1004.312	105	CONTRIBUTIONS
1004.312	1004.442	484	WILL
1004.442	1004.6638453857986	47	BE
1004.6638453857986	1005.0419999999999	195	GREATLY
1005.0419999999999	1005.7719999999999	28	APPRECIATED
1005.7719999999999	1013.712480356688	99999	sp
1013.712480356688	1013.8225117996365	433	THE
1013.8225117996365	1014.3176526103998	111	CRANBERRY
1014.3176526103998	1014.6555849639685	57	BOG
1014.6555849639685	1014.8620000000001	178	GETS
1014.8620000000001	1015.2174702672432	464	VERY
1015.2174702672432	1015.4714138114341	339	PRETTY
1015.4714138114341	1015.602	217	IN
1015.602	1015.982	40	AUTUMN
1015.982	1024.3211358539133	99999	sp
1024.3211358539133	1024.4868671504034	210	HOW
1024.4868671504034	1024.732	128	DO
1024.732	1025.3020000000001	317	OYSTERS
1025.3020000000001	1025.5520000000001	252	MAKE
1025.5520000000001	1026.1242188442075	99999	sp
1026.1242188442075	1026.682	319	PEARLS
1026.682	1034.3411111573746	99999	sp
1034.3411111573746	1034.5257084074508	256	MAY
1034.5257084074508	1034.6019999999999	211	I
1034.6019999999999	1034.8909503832845	303	ORDER
1034.8909503832845	1035.015204161137	1	A
1035.015204161137	1035.4533301585923	318	PARFAIT
1035.4533301585923	1035.812	10	AFTER
1035.812	1035.912	211	I
1035.912	1036.0720000000001	134	EAT
1036.0720000000001	1036.4162611266313	124	DINNER
1036.4162611266313	1041.0479545212788	99999	sp
1041.0479545212788	1041.122	224	IS
1041.122	1041.292	374	SHE
1041.292	1041.512	187	GOING
1041.512	1041.7137127173296	486	WITH
1041.7137127173296	1041.862	494	YOU
1041.862	1051.7326561009502	99999	sp
1051.7326561009502	1051.882	76	CAN
1051.882	1051.942	433	THE
1051.942	1052.562	11	AGENCY
1052.562	1053.172	314	OVERTHROW
1053.172	1053.5749121193717	13	ALIEN
1053.5749121193717	1054.212	162	FORCES
1054.212	1065.477248228296	99999	sp
1065.477248228296	1065.5659494855727	1	A
1065.5659494855727	1066.1898889261413	88888	SHREWDRIVER
1066.1898889261413	1066.312	224	IS
1066.312	1066.502	251	MADE
1066.502	1066.682	166	FROM
1066.682	1067.1270282789258	468	VODKA
1067.1270282789258	1067.212	20	AND
1067.212	1067.472	302	ORANGE
1067.472	1067.952	230	JUICE
1067.952	1076.707245401809	99999	sp
1076.707245401809	1076.7982809026978	210	HOW
1076.7982809026978	1077.0100150228395	268	MUCH
1077.0100150228395	1077.44043655376	16	ALLOWANCE
1077.44043655376	1077.512	128	DO
1077.512	1077.632	494	YOU
1077.632	1077.820336218661	177	GET
1077.820336218661	1086.0325335202251	99999	sp
1086.0325335202251	1086.6525176701643	115	CYCLICAL
1086.6525176701643	1087.162	345	PROGRAMS
1087.162	1087.282	484	WILL
1087.282	1087.692	280	NEVER
1087.692	1088.262	100	COMPILE
1088.262	1097.6356502206027	99999	sp
1097.6356502206027	1097.7266857214918	433	THE
1097.7266857214918	1098.0720000000001	61	BOSTON
1098.0720000000001	1098.422	45	BALLET
1098.422	1098.912	311	OVERCAME
1098.912	1099.0520000000001	434	THEIR
1099.0520000000001	1099.3519999999999	170	FUNDING
1099.3519999999999	1099.992	379	SHORTAGE
1099.992	1110.4608097675805	99999	sp
1110.4608097675805	1110.7760721301997	145	EVERY
1110.7760721301997	1111.172	110	CRAB
1111.172	1111.922	279	NEEDS
1111.922	1112.062	99999	sp
1112.062	1112.152	88888	OH
1112.152	1112.4896323396915	88888	JEEZ
1112.4896323396915	1112.780212452867	145	EVERY
1112.780212452867	1113.092	74	CAB
1113.092	1113.3519999999999	279	NEEDS
1113.3519999999999	1113.7820000000002	363	REPAINTING
1113.7820000000002	1114.192	295	OFTEN
1114.192	1122.2795838322388	99999	sp
1122.2795838322388	1122.5165095589114	203	HELP
1122.5165095589114	1122.5877039890938	99999	sp
1122.5877039890938	1122.9213737757643	196	GREG
1122.9213737757643	1123.1251445883322	445	TO
1123.1251445883322	1123.310911210774	324	PICK
1123.310911210774	1123.4486563322655	1	A
1123.4486563322655	1123.762	320	PECK
1123.762	1124.094055146826	293	OF
1124.094055146826	1124.732	337	POTATOES
1124.732	1132.672865178392	99999	sp
1132.672865178392	1132.7825746281812	475	WE
1132.7825746281812	1133.0674772964608	240	LIKE
1133.0674772964608	1133.3800280164896	55	BLUE
1133.3800280164896	1134.0900531945051	88	CHEESE
1134.0900531945051	1134.2148347146308	99999	sp
1134.2148347146308	1134.412	70	BUT
1134.412	1134.9756635845047	465	VICTOR
1134.9756635845047	1135.3008107845092	241	LIKES
1135.3008107845092	1135.4658547431375	64	BRIE
1135.4658547431375	1149.8097278578855	99999	sp
1149.8097278578855	1149.9944068536688	108	COUNT
1149.9944068536688	1150.06910264927	433	THE
1150.06910264927	1150.3151299875003	288	NUMBER
1150.3151299875003	1150.4401891678965	293	OF
1150.4401891678965	1150.8982825924286	428	TEASPOONS
1150.8982825924286	1150.982	293	OF
1150.982	1151.562	394	SOYSAUCE
1151.562	1151.702	432	THAT
1151.702	1151.812	494	YOU
1151.812	1152.1219999999998	7	ADD
1152.1219999999998	1163.853088202974	99999	sp
1163.853088202974	1164.3541729879985	44	BAGPIPES
1164.3541729879985	1164.5562420492843	20	AND
1164.5562420492843	1164.658292840352	99999	sp
1164.658292840352	1165.4108362966867	59	BONGOS
1165.4108362966867	1165.6019999999999	30	ARE
1165.6019999999999	1166.2269614561194	272	MUSICAL
1166.2269614561194	1167.0802064595405	220	INSTRUMENTS
1167.0802064595405	1175.2319347389098	99999	sp
1717.5999935346467	1718.239942901504	44	BAGPIPES
1718.239942901504	1718.5320000000002	20	AND
1718.5320000000002	1719.502	59	BONGOS
1719.502	1719.7665110201192	30	ARE
1719.7665110201192	1720.252	272	MUSICAL
1720.252	1720.942	220	INSTRUMENTS
1720.942	1729.302466168684	99999	sp
1729.302466168684	1729.4287579836173	210	HOW
1729.4287579836173	1729.620703128823	189	GOOD
1729.620703128823	1729.7786370551603	224	IS
1729.7786370551603	1729.9204859931128	495	YOUR
1729.9204859931128	1730.4984751823422	138	ENDURANCE
1747.2327609356535	1747.392	30	ARE
1747.392	1747.9389056067178	495	YOUR
1747.9389056067178	1748.262	192	GRADES
1748.262	1748.667721683429	206	HIGHER
1748.667721683429	1748.7117846519636	301	OR
1748.7117846519636	1749.092	250	LOWER
1749.092	1749.222	431	THAN
1749.222	1749.8551793556626	274	NANCY'S
1749.8551793556626	1756.52185446653	99999	sp
1756.52185446653	1756.692	374	SHE
1756.692	1756.972	489	WORE
1756.972	1757.2682544486763	470	WARM
1757.2682544486763	1757.6985865722304	158	FLEECY
1757.6985865722304	1758.0520000000001	488	WOOLEN
1758.0520000000001	1758.762	310	OVERALLS
1758.762	1765.732436412493	99999	sp
1765.732436412493	1765.982	353	READING
1765.982	1766.12532132358	217	IN
1766.12532132358	1766.3376974199923	334	POOR
1766.3376974199923	1766.57136903041	239	LIGHT
1766.57136903041	1766.808305183095	181	GIVES
1766.808305183095	1766.9252352161566	494	YOU
1766.9252352161566	1767.398887909448	150	EYESTRAIN
1767.398887909448	1773.556454232301	99999	sp
1773.556454232301	1773.7828307763084	142	EVEN
1773.7828307763084	1774.019289710201	211	I
1774.019289710201	1774.492	292	OCCASIONALLY
1774.492	1774.6733117356894	177	GET
1774.6733117356894	1774.732	433	THE
1774.732	1775.1108332166891	264	MONDAY
1775.1108332166891	1775.562	56	BLUES
1775.562	1787.3702619504757	99999	sp
1787.3702619504757	1787.4955678327717	475	WE
1787.4955678327717	1787.592	30	ARE
1787.592	1787.843124085512	300	OPEN
1787.843124085512	1788.1391052212798	145	EVERY
1788.1391052212798	1788.4791796534041	264	MONDAY
1788.4791796534041	1788.8719999999998	143	EVENING
1788.8719999999998	1794.0	99999	sp
1794.0	1796.308549097585	99999	sp
1796.308549097585	1796.462	226	IT'S
1796.462	1796.63920633524	284	NOT
1796.63920633524	1796.882	133	EASY
1796.882	1796.972	445	TO
1796.972	1797.222	113	CREATE
1797.222	1798.052	215	ILLUMINATING
1798.052	1798.892	146	EXAMPLES
1798.892	1807.3473639262454	99999	sp
1807.3473639262454	1807.542	269	MUM
1807.542	1808.002	406	STRONGLY
1808.002	1808.4382577785998	126	DISLIKES
1808.4382577785998	1809.322	27	APPETIZERS
1809.322	1816.5711266941933	99999	sp
1816.5711266941933	1816.7662442533501	442	THOSE
1816.7662442533501	1816.854592986039	483	WHO
1816.854592986039	1817.0665019925764	426	TEACH
1817.0665019925764	1817.572	461	VALUES
1817.572	1817.8645542850059	156	FIRST
1817.8645542850059	1818.3401150625134	4	ABOLISH
1818.3401150625134	1818.712	87	CHEATING
1818.712	1824.3824477251078	99999	sp
1824.3824477251078	1824.4360626192738	433	THE
1824.4360626192738	1824.7801300785036	165	FRIGHTENED
1824.7801300785036	1825.0988717400269	89	CHILD
1825.0988717400269	1825.2959909888743	471	WAS
1825.2959909888743	1825.592	176	GENTLY
1825.592	1826.142	409	SUBDUED
1826.142	1826.265719249288	73	BY
1826.265719249288	1826.479244451122	208	HIS
1826.479244451122	1826.6610242150236	52	BIG
1826.6610242150236	1827.042	66	BROTHER
1827.042	1833.919056438537	99999	sp
1833.919056438537	1834.1580079861799	142	EVEN
1834.1580079861799	1834.202	1	A
1834.202	1834.662	382	SIMPLE
1834.662	1835.3883721229045	467	VOCABULARY
1835.3883721229045	1835.852	104	CONTAINS
1835.852	1836.462	421	SYMBOLS
1836.462	1840.6684853409263	99999	sp
1840.6684853409263	1840.817064187858	99999	{NS}
1840.817064187858	1843.8457598356656	99999	sp
1843.8457598356656	1844.0251147055435	1	A
1844.0251147055435	1844.3515148340962	110	CRAB
1844.3515148340962	1844.782	85	CHALLENGED
1844.782	1844.986226171535	257	ME
1844.986226171535	1845.0991523646405	99999	sp
1845.0991523646405	1845.205609021953	70	BUT
1845.205609021953	1845.337173381462	1	A
1845.337173381462	1845.542	349	QUICK
1845.542	1846.2654416575547	401	STAB
1846.2654416575547	1846.812	463	VANQUISHED
1846.812	1846.942	207	HIM
1846.942	1854.3859840449802	99999	sp
1854.3859840449802	1854.6981570507694	183	GLUCOSE
1854.6981570507694	1854.7961884549306	20	AND
1854.7961884549306	1855.371145631233	167	FRUCTOSE
1855.371145631233	1855.452	30	ARE
1855.452	1855.8409671174693	275	NATURAL
1855.8409671174693	1856.342	413	SUGARS
1856.342	1856.5665892989389	163	FOUND
1856.5665892989389	1856.662	217	IN
1856.662	1856.934891222671	168	FRUIT
1856.934891222671	1864.344634384545	99999	sp
1864.344634384545	1864.3993910295271	30	ARE
1864.3993910295271	1864.4842534405068	494	YOU
1864.4842534405068	1864.752	249	LOOKING
1864.752	1864.922	161	FOR
1864.922	1865.3654974126055	136	EMPLOYMENT
1865.3654974126055	1872.5412726281497	99999	sp
1872.5412726281497	1872.812	98	COFFEE
1872.812	1872.9523208927176	224	IS
1872.9523208927176	1873.1266415853381	198	GROWN
1873.1266415853381	1873.252	296	ON
1873.252	1873.619613743265	403	STEEP
1873.619613743265	1873.6804368158396	99999	sp
1873.6804368158396	1874.032	88888	JUNGLE
1874.032	1874.1917649234967	240	LIKE
1874.1917649234967	1874.652	389	SLOPES
1874.652	1874.7900614531925	217	IN
1874.7900614531925	1875.172	430	TEMPERATE
1875.172	1875.722	496	ZONES
1882.1517345848079	1882.232	475	WE
1882.232	1882.552	479	WELCOME
1882.552	1882.814072521304	255	MANY
1882.814072521304	1882.9740055266118	281	NEW
1882.9740055266118	1883.412	407	STUDENTS
1883.412	1883.6788790822202	132	EACH
1883.6788790822202	1883.9468799195417	490	YEAR
1883.9468799195417	1889.002	99999	sp
1889.002	1893.782	99999	sp
1893.782	1899.3074213678906	99999	sp
1899.3074213678906	1899.47597139763	297	ONLY
1899.47597139763	1899.542	433	THE
1899.542	1899.8480941818837	51	BEST
1899.8480941818837	1900.282	329	PLAYERS
1900.282	1900.60807259137	139	ENJOY
1900.60807259137	1901.292	335	POPULARITY
1901.292	1910.0968504797038	99999	sp
1910.0968504797038	1910.502	75	CALCIUM
1910.502	1910.782	253	MAKES
1910.782	1911.1547384045266	58	BONES
1911.1547384045266	1911.2929472273674	20	AND
1911.2929472273674	1911.472	429	TEETH
1911.472	1911.922	405	STRONG
1911.922	1920.2295203402987	99999	sp
1920.2295203402987	1920.522	285	NOTHING
1920.522	1920.7719605570214	224	IS
1920.7719605570214	1920.914786401289	224	IS
1920.914786401289	1921.024935082202	99999	sp
1921.024935082202	1921.5076324287347	34	AS
1921.5076324287347	1922.1509195630038	294	OFFENSIVE
1922.1509195630038	1922.409084226457	34	AS
1922.409084226457	1923.172	219	INNOCENCE
1923.172	1930.460027815101	99999	sp
1930.460027815101	1930.762	404	STEVE
1930.762	1930.9800820772584	489	WORE
1930.9800820772584	1931.1798271449502	1	A
1931.1798271449502	1931.4117683326303	65	BRIGHT
1931.4117683326303	1931.516214376913	99999	sp
1931.516214376913	1932.1445687423331	355	RED
1932.1445687423331	1933.022	78	CASHMERE
1933.022	1933.472	419	SWEATER
1933.472	1940.4204028505428	99999	sp
1940.4204028505428	1940.7576047262305	46	BARB'S
1940.7576047262305	1940.9924382143167	188	GOLD
1940.9924382143167	1941.382	63	BRACELET
1941.382	1941.5294035004029	471	WAS
1941.5294035004029	1941.6582285464685	1	A
1941.6582285464685	1942.2793732902855	193	GRADUATION
1942.2793732902855	1942.5819999999999	338	PRESENT
1942.5819999999999	1948.5063811267264	99999	sp
1948.5063811267264	1948.6369386820797	130	DRAW
1948.6369386820797	1949.0129991892886	145	EVERY
1949.0129991892886	1949.3014516165692	307	OUTER
1949.3014516165692	1949.532	243	LINE
1949.532	1950.0869292342545	156	FIRST
1950.0869292342545	1950.1707036656062	99999	sp
1950.1707036656062	1950.3319999999999	435	THEN
1950.3319999999999	1950.590225123102	154	FILL
1950.590225123102	1950.792	217	IN
1950.792	1950.952	433	THE
1950.952	1951.5352766582491	222	INTERIOR
1951.5352766582491	1960.4432036670078	99999	sp
1960.4432036670078	1960.5073944650564	433	THE
1960.5073944650564	1960.7829027274959	474	WATER
1960.7829027274959	1961.1787036791786	103	CONTAINED
1961.1787036791786	1961.341100351692	447	TOO
1961.341100351692	1961.5805336470964	268	MUCH
1961.5805336470964	1961.942	90	CHLORINE
1961.942	1962.1350811727282	20	AND
1962.1350811727282	1962.942	408	STUNG
1962.942	1963.1358775761412	208	HIS
1963.1358775761412	1963.762	149	EYES
1963.762	1970.5330482781742	99999	sp
1970.5330482781742	1970.8569454067979	229	JOHN'S
1970.8569454067979	1971.1270405200787	66	BROTHER
1971.1270405200787	1971.692	362	REPAINTED
1971.692	1971.782	433	THE
1971.782	1972.1870166771073	173	GARAGE
1972.1870166771073	1972.406737501864	129	DOOR
1972.406737501864	1980.500206448183	99999	sp
1980.500206448183	1980.902	84	CHALLENGE
1980.902	1981.242	132	EACH
1981.242	1981.7042553696117	175	GENERAL'S
1981.7042553696117	1982.502	221	INTELLIGENCE
1982.502	1989.8483711623207	99999	sp
1989.8483711623207	1990.5138713839578	17	AMBIDEXTROUS
1990.5138713839578	1991.0442713952782	326	PICKPOCKETS
1991.0442713952782	1991.5458067745453	6	ACCOMPLISH
1991.5458067745453	1991.862	266	MORE
1991.862	1998.845060221802	99999	sp
1998.845060221802	1998.892	1	A
1998.892	1999.352	270	MUSCULAR
1999.352	1999.872	2	ABDOMEN
1999.872	2000.0472925010772	224	IS
2000.0472925010772	2000.192	189	GOOD
2000.192	2000.372	161	FOR
2000.372	2000.515520440988	495	YOUR
2000.515520440988	2000.962	43	BACK
2000.962	2008.734935920872	99999	sp
2008.734935920872	2008.8319999999999	437	THEY
2008.8319999999999	2009.0014909297183	316	OWN
2009.0014909297183	2009.1078878704968	1	A
2009.1078878704968	2009.292	52	BIG
2009.292	2009.652	209	HOUSE
2009.652	2009.742	217	IN
2009.742	2009.802	433	THE
2009.802	2010.2284822750999	360	REMOTE
2010.2284822750999	2010.902	109	COUNTRYSIDE
2010.902	2018.6857161616308	99999	sp
2018.6857161616308	2018.742	433	THE
2018.742	2019.051796381948	368	ROSE
2019.051796381948	2019.542	106	CORSAGE
2019.542	2020.302	392	SMELLED
2020.302	2021.092	420	SWEET
2021.092	2028.4828942528807	99999	sp
2028.4828942528807	2028.6743052986599	432	THAT
2028.6743052986599	2029.132	325	PICKPOCKET
2029.132	2029.2897073591932	471	WAS
2029.2897073591932	2029.482	80	CAUGHT
2029.482	2029.742	355	RED
2029.742	2030.202	199	HANDED
2030.202	2037.0406393261778	99999	sp
2037.0406393261778	2037.122	19	AN
2037.122	2037.4006721566661	9	ADULT
2037.4006721566661	2037.712	254	MALE
2037.712	2038.2860487320038	42	BABOON'S
2038.2860487320038	2038.5399830055478	429	TEETH
2038.5399830055478	2038.6813398048732	30	ARE
2038.6813398048732	2038.892	99999	sp
2038.892	2039.192	284	NOT
2039.192	2039.8312673191808	414	SUITABLE
2039.8312673191808	2040.1533452064066	99999	sp
2040.1533452064066	2040.3383376605116	161	FOR
2040.3383376605116	2040.612	135	EATING
2040.612	2041.372	375	SHELLFISH
2041.372	2049.2093179968724	99999	sp
2049.2093179968724	2049.3491615762923	204	HER
2049.3491615762923	2049.756875062787	469	WARDROBE
2049.756875062787	2050.219612392342	102	CONSISTS
2050.219612392342	2050.292	293	OF
2050.292	2050.492	297	ONLY
2050.492	2050.912	384	SKIRTS
2050.912	2051.002	20	AND
2051.002	2051.7219999999998	54	BLOUSES
2051.7219999999998	2059.0766596153862	99999	sp
2059.0766596153862	2059.1632528762766	433	THE
2059.1632528762766	2059.32363099093	452	TWO
2059.32363099093	2059.7206989201763	33	ARTISTS
2059.7206989201763	2060.1613306694935	147	EXCHANGED
2060.1613306694935	2060.952	39	AUTOGRAPHS
2060.952	2066.5065725760414	99999	sp
2066.5065725760414	2066.962	71	BUTTERSCOTCH
2066.962	2067.2819798415367	169	FUDGE
2067.2819798415367	2067.3781640734715	99999	sp
2067.3781640734715	2067.742	186	GOES
2067.742	2068.312	480	WELL
2068.312	2068.512	486	WITH
2068.512	2068.6131313432743	99999	sp
2068.6131313432743	2068.8794610268665	462	VANILLA
2068.8794610268665	2069.132	212	ICE
2069.132	2069.332	112	CREAM
2069.332	2071.332	99999	sp
2071.332	2075.2582862315894	99999	sp
2075.2582862315894	2075.4726182182944	365	RICH
2075.4726182182944	2075.8178200038133	348	PURCHASED
2075.8178200038133	2076.5999534172147	373	SEVERAL
2076.5999534172147	2077.0099430448936	381	SIGNED
2077.0099430448936	2077.922	244	LITHOGRAPHS
2077.922	2085.2442758643797	99999	sp
2085.2442758643797	2085.431408360386	24	ANY
2085.431408360386	2086.172	105	CONTRIBUTIONS
2086.172	2086.262	484	WILL
2086.262	2086.372	47	BE
2086.372	2086.752	195	GREATLY
2086.752	2087.462	28	APPRECIATED
2087.462	2095.7979715235115	99999	sp
2095.7979715235115	2095.862	433	THE
2095.862	2096.3408766719035	111	CRANBERRY
2096.3408766719035	2096.592	57	BOG
2096.592	2096.812	178	GETS
2096.812	2097.08429519336	464	VERY
2097.08429519336	2097.282	339	PRETTY
2097.282	2097.412	217	IN
2097.412	2097.762	40	AUTUMN
2097.762	2104.8001299522793	99999	sp
2104.8001299522793	2104.912	210	HOW
2104.912	2105.072	128	DO
2105.072	2105.5209340607375	317	OYSTERS
2105.5209340607375	2105.7289761644	252	MAKE
2105.7289761644	2106.262	319	PEARLS
2106.262	2113.293851778349	99999	sp
2113.293851778349	2113.392	256	MAY
2113.392	2113.4962159891465	211	I
2113.4962159891465	2113.7991266044837	303	ORDER
2113.7991266044837	2113.9067336974704	1	A
2113.9067336974704	2114.342	318	PARFAIT
2114.342	2114.6885523914675	10	AFTER
2114.6885523914675	2114.782	211	I
2114.782	2114.909876916023	134	EAT
2114.909876916023	2115.332	124	DINNER
2115.332	2122.990958061305	99999	sp
2122.990958061305	2123.072	224	IS
2123.072	2123.182	374	SHE
2123.182	2123.402	187	GOING
2123.402	2123.566262260928	486	WITH
2123.566262260928	2123.702	494	YOU
2123.702	2131.0436253304365	99999	sp
2131.0436253304365	2131.155826019253	76	CAN
2131.155826019253	2131.231984593209	433	THE
2131.231984593209	2131.702	11	AGENCY
2131.702	2132.452	88888	OVERFTHROW
2132.452	2132.812	13	ALIEN
2132.812	2133.492	162	FORCES
2133.492	2142.070153448835	99999	sp
2142.070153448835	2142.124552430232	1	A
2142.124552430232	2142.662	370	SCREWDRIVER
2142.662	2142.792	224	IS
2142.792	2142.982	251	MADE
2142.982	2143.152	166	FROM
2143.152	2143.572344705675	468	VODKA
2143.572344705675	2143.7051852542986	20	AND
2143.7051852542986	2143.912	302	ORANGE
2143.912	2144.322	230	JUICE
2144.322	2152.890914630414	99999	sp
2152.890914630414	2152.985568858045	210	HOW
2152.985568858045	2153.192	268	MUCH
2153.192	2153.644259625639	16	ALLOWANCE
2153.644259625639	2153.7309290553712	128	DO
2153.7309290553712	2153.8174226938286	494	YOU
2153.8174226938286	2154.016049396013	177	GET
2154.016049396013	2161.67117087068	99999	sp
2161.67117087068	2162.246851698149	115	CYCLICAL
2162.246851698149	2162.852	345	PROGRAMS
2162.852	2163.012	484	WILL
2163.012	2163.332	280	NEVER
2163.332	2163.842	100	COMPILE
2163.842	2172.31216558241	99999	sp
2172.31216558241	2172.377444360087	433	THE
2172.377444360087	2172.7219999999998	61	BOSTON
2172.7219999999998	2173.112	45	BALLET
2173.112	2173.712	311	OVERCAME
2173.712	2173.822	434	THEIR
2173.822	2174.185615445892	170	FUNDING
2174.185615445892	2174.762	379	SHORTAGE
2174.762	2185.3687822821876	99999	sp
2185.3687822821876	2185.8340322835043	145	EVERY
2185.8340322835043	2186.4196511498585	74	CAB
2186.4196511498585	2186.712	279	NEEDS
2186.712	2187.282	363	REPAINTING
2187.282	2187.692	295	OFTEN
2187.692	2195.9930412468593	99999	sp
2195.9930412468593	2196.261844068225	203	HELP
2196.261844068225	2196.521337359153	196	GREG
2196.521337359153	2196.648096566996	445	TO
2196.648096566996	2196.824154812825	324	PICK
2196.824154812825	2196.9343740281324	1	A
2196.9343740281324	2197.0989167449734	320	PECK
2197.0989167449734	2197.2274195086293	293	OF
2197.2274195086293	2197.892	337	POTATOES
2197.892	2206.2297407903234	99999	sp
2206.2297407903234	2206.322	475	WE
2206.322	2206.5489871706163	240	LIKE
2206.5489871706163	2206.678472382929	55	BLUE
2206.678472382929	2207.0900725853253	88	CHEESE
2207.0900725853253	2207.4345641997497	99999	sp
2207.4345641997497	2207.546384444506	70	BUT
2207.546384444506	2207.8542603617384	465	VICTOR
2207.8542603617384	2208.117975722219	241	LIKES
2208.117975722219	2208.3451350570167	64	BRIE
2208.3451350570167	2216.864815582108	99999	sp
2216.864815582108	2217.0304660598313	108	COUNT
2217.0304660598313	2217.1020756933067	433	THE
2217.1020756933067	2217.3544790910464	288	NUMBER
2217.3544790910464	2217.446576479967	293	OF
2217.446576479967	2217.877344171664	428	TEASPOONS
2217.877344171664	2217.962	293	OF
2217.962	2218.723912684711	394	SOYSAUCE
2218.723912684711	2218.832	432	THAT
2218.832	2219.0544721713068	494	YOU
2219.0544721713068	2219.502	7	ADD
2219.502	2227.689257063985	99999	sp
2762.4808472276277	2763.201206054745	44	BAGPIPES
2763.201206054745	2763.378524865099	20	AND
2763.378524865099	2763.7662646188464	59	BONGOS
2763.7662646188464	2763.873670183088	30	ARE
2763.873670183088	2764.3416895226014	272	MUSICAL
2764.3416895226014	2765.052	220	INSTRUMENTS
2765.052	2773.738748191858	99999	sp
2773.738748191858	2773.871086307202	210	HOW
2773.871086307202	2774.0586247930064	189	GOOD
2774.0586247930064	2774.1906119466257	224	IS
2774.1906119466257	2774.272	495	YOUR
2774.272	2774.8971747625556	138	ENDURANCE
2814.6147267022347	2814.7864112822867	30	ARE
2814.7864112822867	2814.989576172658	495	YOUR
2814.989576172658	2815.2662879655804	192	GRADES
2815.2662879655804	2815.6960171324235	206	HIGHER
2815.6960171324235	2815.7525991095254	301	OR
2815.7525991095254	2816.052	250	LOWER
2816.052	2816.172	431	THAN
2816.172	2816.792	274	NANCY'S
2816.792	2824.7219999999998	99999	sp
2824.7219999999998	2824.920760880997	374	SHE
2824.920760880997	2825.102	489	WORE
2825.102	2825.4932427517833	470	WARM
2825.4932427517833	2826.012	158	FLEECY
2826.012	2827.122	488	WOOLEN
2827.122	2827.4544831700164	99999	sp
2827.4544831700164	2828.582	310	OVERALLS
2828.582	2836.5201107713265	99999	sp
2836.5201107713265	2836.702	353	READING
2836.702	2836.8455796680864	217	IN
2836.8455796680864	2837.032	334	POOR
2837.032	2837.399271852056	239	LIGHT
2837.399271852056	2837.738692450735	181	GIVES
2837.738692450735	2837.902	494	YOU
2837.902	2838.426811705313	150	EYESTRAIN
2838.426811705313	2839.982	99999	sp
2844.6400587684134	2844.8238279075495	142	EVEN
2844.8238279075495	2845.042	211	I
2845.042	2845.552	292	OCCASIONALLY
2845.552	2845.789416619178	177	GET
2845.789416619178	2845.832	433	THE
2845.832	2846.273860860433	264	MONDAY
2846.273860860433	2846.752	56	BLUES
2846.752	2853.4838891278	99999	sp
2853.4838891278	2853.602	475	WE
2853.602	2853.712	30	ARE
2853.712	2853.942	300	OPEN
2853.942	2854.242	145	EVERY
2854.242	2854.552987847964	264	MONDAY
2854.552987847964	2854.942	143	EVENING
2854.942	2863.179786896407	99999	sp
2863.179786896407	2863.352	226	IT'S
2863.352	2863.5457091498965	284	NOT
2863.5457091498965	2863.8648694585168	133	EASY
2863.8648694585168	2863.942	445	TO
2863.942	2864.132	113	CREATE
2864.132	2864.7973211983694	215	ILLUMINATING
2864.7973211983694	2865.612	146	EXAMPLES
2865.612	2873.9692558499764	99999	sp
2873.9692558499764	2874.2534784808313	269	MUM
2874.2534784808313	2874.702	406	STRONGLY
2874.702	2875.278997440093	126	DISLIKES
2875.278997440093	2876.2496143219573	27	APPETIZERS
2876.2496143219573	2884.548890031631	99999	sp
2884.548890031631	2884.7559688203514	442	THOSE
2884.7559688203514	2884.848024733179	483	WHO
2884.848024733179	2885.082	426	TEACH
2885.082	2885.522	461	VALUES
2885.522	2885.962	156	FIRST
2885.962	2886.5437288951216	4	ABOLISH
2886.5437288951216	2886.8107630805807	87	CHEATING
2886.8107630805807	2893.733505512797	99999	sp
2893.733505512797	2893.792	433	THE
2893.792	2894.146534059026	165	FRIGHTENED
2894.146534059026	2894.492221681168	89	CHILD
2894.492221681168	2894.649629759654	471	WAS
2894.649629759654	2894.969799932902	176	GENTLY
2894.969799932902	2895.492	409	SUBDUED
2895.492	2895.702	73	BY
2895.702	2896.041500924484	208	HIS
2896.041500924484	2896.2320410298507	99999	sp
2896.2320410298507	2896.3975240393106	52	BIG
2896.3975240393106	2896.704338618425	66	BROTHER
2896.704338618425	2902.782	99999	sp
2902.782	2903.3321402359998	99999	{NS}
2903.3321402359998	2903.542	142	EVEN
2903.542	2903.582	1	A
2903.582	2903.935568725449	382	SIMPLE
2903.935568725449	2904.7564617737253	467	VOCABULARY
2904.7564617737253	2905.192	104	CONTAINS
2905.192	2905.862	421	SYMBOLS
2905.862	2914.092	99999	sp
2914.092	2914.229699465576	1	A
2914.229699465576	2914.7302175290315	110	CRAB
2914.7302175290315	2914.9319742919865	99999	sp
2914.9319742919865	2915.4120000000003	85	CHALLENGED
2915.4120000000003	2915.612	257	ME
2915.612	2916.520754788303	99999	sp
2916.520754788303	2916.9680783541685	70	BUT
2916.9680783541685	2917.1455389012117	1	A
2917.1455389012117	2917.382	349	QUICK
2917.382	2917.992	401	STAB
2917.992	2918.502279256966	463	VANQUISHED
2918.502279256966	2918.7086852640646	207	HIM
2918.7086852640646	2925.380255211872	99999	sp
2925.380255211872	2925.871401117867	183	GLUCOSE
2925.871401117867	2926.043568410173	99999	sp
2926.043568410173	2926.58864269071	20	AND
2926.58864269071	2927.602	167	FRUCTOSE
2927.602	2927.6590392337007	99999	sp
2927.6590392337007	2927.802	30	ARE
2927.802	2928.1744841364416	275	NATURAL
2928.1744841364416	2928.802	413	SUGARS
2928.802	2929.0395464568774	163	FOUND
2929.0395464568774	2929.122	217	IN
2929.122	2929.442	168	FRUIT
2929.442	2935.191908509842	99999	sp
2935.191908509842	2935.735348542718	30	ARE
2935.735348542718	2936.124888297153	494	YOU
2936.124888297153	2936.448578171371	249	LOOKING
2936.448578171371	2936.642	161	FOR
2936.642	2937.0895006566943	136	EMPLOYMENT
2937.0895006566943	2945.039737313598	99999	sp
2945.039737313598	2945.368627025153	98	COFFEE
2945.368627025153	2945.501222877242	224	IS
2945.501222877242	2945.692	198	GROWN
2945.692	2945.812	296	ON
2945.812	2946.252	403	STEEP
2946.252	2946.3397661127738	99999	sp
2946.3397661127738	2946.8702615196567	88888	JUNGLE
2946.8702615196567	2947.147152857843	240	LIKE
2947.147152857843	2948.1381386603134	389	SLOPES
2948.1381386603134	2948.2762122096083	217	IN
2948.2762122096083	2948.652	430	TEMPERATE
2948.652	2949.202	496	ZONES
2949.202	2949.322	99999	sp
2949.322	2956.9520919087568	99999	sp
2956.9520919087568	2957.0579129722287	475	WE
2957.0579129722287	2957.362	479	WELCOME
2957.362	2957.6157747888956	255	MANY
2957.6157747888956	2957.802	88888	S
2957.802	2957.8861958093	99999	sp
2957.8861958093	2958.202	281	NEW
2958.202	2958.7219999999998	407	STUDENTS
2958.7219999999998	2958.991655845262	132	EACH
2958.991655845262	2959.2219999999998	490	YEAR
2959.2219999999998	2966.4004078101734	99999	sp
2966.4004078101734	2966.5961924597614	297	ONLY
2966.5961924597614	2966.7368831399117	433	THE
2966.7368831399117	2966.986060414218	51	BEST
2966.986060414218	2967.4562451970114	329	PLAYERS
2967.4562451970114	2967.825998603346	139	ENJOY
2967.825998603346	2968.5450368893767	335	POPULARITY
2968.5450368893767	2976.05652387215	99999	sp
2976.05652387215	2976.4314700731807	75	CALCIUM
2976.4314700731807	2976.694838747715	253	MAKES
2976.694838747715	2976.9902437765663	58	BONES
2976.9902437765663	2977.124308501805	20	AND
2977.124308501805	2977.3018614240045	429	TEETH
2977.3018614240045	2977.7619999999997	405	STRONG
2977.7619999999997	2986.0641417511315	99999	sp
2986.0641417511315	2986.852	285	NOTHING
2986.852	2988.322145169236	99999	sp
2988.322145169236	2988.5758403257287	224	IS
2988.5758403257287	2988.9734032286733	34	AS
2988.9734032286733	2990.0	294	OFFENSIVE
2990.0	2990.0829792369727	99999	sp
2990.0829792369727	2999.398283760586	99999	sp
2999.398283760586	2999.88090267682	404	STEVE
2999.88090267682	3000.092	489	WORE
3000.092	3000.122	1	A
3000.122	3000.3424389462443	65	BRIGHT
3000.3424389462443	3000.615128224944	355	RED
3000.615128224944	3000.9663942268453	78	CASHMERE
3000.9663942268453	3001.4638619249363	419	SWEATER
3001.4638619249363	3004.7608892789353	99999	sp
3004.7608892789353	3005.652	88888	STEVE'S
3005.652	3007.272	99999	sp
3007.272	3008.512	99999	sp
3008.512	3008.825979820768	99999	sp
3008.825979820768	3009.402	46	BARB'S
3009.402	3009.6882760836334	188	GOLD
3009.6882760836334	3010.232	63	BRACELET
3010.232	3010.502	471	WAS
3010.502	3010.602	1	A
3010.602	3011.3480342650173	193	GRADUATION
3011.3480342650173	3011.7442877154367	338	PRESENT
3011.7442877154367	3017.378498265298	99999	sp
3017.378498265298	3017.574004242876	130	DRAW
3017.574004242876	3017.9362796130945	145	EVERY
3017.9362796130945	3017.9981898393276	99999	sp
3017.9981898393276	3018.350100598968	307	OUTER
3018.350100598968	3018.575013764558	243	LINE
3018.575013764558	3019.2270870707457	156	FIRST
3019.2270870707457	3019.5473838493135	99999	sp
3019.5473838493135	3019.9670426663756	435	THEN
3019.9670426663756	3020.2707664093687	154	FILL
3020.2707664093687	3020.6094080885027	217	IN
3020.6094080885027	3020.895417602823	99999	sp
3020.895417602823	3021.1179032622913	433	THE
3021.1179032622913	3022.0503435555406	222	INTERIOR
3022.0503435555406	3034.0679381589416	99999	sp
3034.0679381589416	3034.1431716374286	433	THE
3034.1431716374286	3034.4235064883965	474	WATER
3034.4235064883965	3034.86449510928	103	CONTAINED
3034.86449510928	3035.4997370659717	447	TOO
3035.4997370659717	3036.0054985448774	268	MUCH
3036.0054985448774	3036.7297782896194	90	CHLORINE
3036.7297782896194	3036.882924638722	99999	sp
3036.882924638722	3037.022	20	AND
3037.022	3037.592	408	STUNG
3037.592	3037.742	208	HIS
3037.742	3038.372	149	EYES
3038.372	3059.848387073677	99999	sp
3059.848387073677	3060.092	229	JOHN'S
3060.092	3060.352	66	BROTHER
3060.352	3060.842	362	REPAINTED
3060.842	3060.932	433	THE
3060.932	3061.343652365315	173	GARAGE
3061.343652365315	3061.6434114197714	129	DOOR
3061.6434114197714	3070.4763308750576	99999	sp
3070.4763308750576	3070.922	84	CHALLENGE
3070.922	3071.202	132	EACH
3071.202	3071.642	175	GENERAL'S
3071.642	3072.512	221	INTELLIGENCE
3072.512	3078.532	99999	sp
3078.532	3079.102	99999	sp
3079.102	3079.1758227565506	99999	sp
3079.1758227565506	3080.0390810107997	17	AMBIDEXTROUS
3080.0390810107997	3080.592	326	PICKPOCKETS
3080.592	3081.411301653599	6	ACCOMPLISH
3081.411301653599	3081.962	266	MORE
3081.962	3086.742	99999	sp
3086.742	3089.612	99999	sp
3089.612	3089.6804787793894	99999	sp
3089.6804787793894	3089.742	1	A
3089.742	3090.1997143195376	270	MUSCULAR
3090.1997143195376	3090.732	2	ABDOMEN
3090.732	3090.870177085457	224	IS
3090.870177085457	3090.99276734302	189	GOOD
3090.99276734302	3091.182	161	FOR
3091.182	3091.282	495	YOUR
3091.282	3091.862	43	BACK
3091.862	3099.5381596999246	99999	sp
3099.5381596999246	3099.622	437	THEY
3099.622	3099.7660227704264	316	OWN
3099.7660227704264	3099.822	1	A
3099.822	3100.007562771352	52	BIG
3100.007562771352	3100.41624633756	209	HOUSE
3100.41624633756	3100.502	217	IN
3100.502	3100.5968018690705	433	THE
3100.5968018690705	3100.94291886267	360	REMOTE
3100.94291886267	3101.652	109	COUNTRYSIDE
3101.652	3108.7119514699802	99999	sp
3108.7119514699802	3108.7948117963756	433	THE
3108.7948117963756	3109.2206437860104	368	ROSE
3109.2206437860104	3110.362587779331	106	CORSAGE
3110.362587779331	3111.542	392	SMELLED
3111.542	3112.472	420	SWEET
3112.472	3120.882195029412	99999	sp
3120.882195029412	3121.0711841410707	432	THAT
3121.0711841410707	3121.1542741815415	99999	sp
3121.1542741815415	3121.612	325	PICKPOCKET
3121.612	3121.772	471	WAS
3121.772	3122.012	80	CAUGHT
3122.012	3122.33405230644	355	RED
3122.33405230644	3122.972	199	HANDED
3122.972	3129.5974371010802	99999	sp
3129.5974371010802	3129.686810755184	19	AN
3129.686810755184	3130.042	9	ADULT
3130.042	3130.642	254	MALE
3130.642	3131.264088636878	42	BABOON'S
3131.264088636878	3131.5116026688584	429	TEETH
3131.5116026688584	3131.702	30	ARE
3131.702	3132.194504398582	284	NOT
3132.194504398582	3132.932	414	SUITABLE
3132.932	3133.6058912882954	99999	sp
3133.6058912882954	3133.7443746890795	161	FOR
3133.7443746890795	3134.052	135	EATING
3134.052	3134.812	375	SHELLFISH
3134.812	3142.6960525845207	99999	sp
3142.6960525845207	3142.822	204	HER
3142.822	3143.202	469	WARDROBE
3143.202	3143.661086201037	102	CONSISTS
3143.661086201037	3143.742	293	OF
3143.742	3143.932	297	ONLY
3143.932	3144.345843036244	384	SKIRTS
3144.345843036244	3144.452	20	AND
3144.452	3145.062	54	BLOUSES
3145.062	3153.174301881083	99999	sp
3153.174301881083	3153.276333349073	433	THE
3153.276333349073	3153.442	452	TWO
3153.442	3153.8390108026656	33	ARTISTS
3153.8390108026656	3154.2754848820246	147	EXCHANGED
3154.2754848820246	3155.022	39	AUTOGRAPHS
3155.022	3161.365032034424	99999	sp
3161.365032034424	3161.8858675155357	71	BUTTERSCOTCH
3161.8858675155357	3162.4890477623353	169	FUDGE
3162.4890477623353	3162.772	186	GOES
3162.772	3163.642	480	WELL
3163.642	3164.2292862061704	99999	sp
3164.2292862061704	3164.477646541244	486	WITH
3164.477646541244	3165.2203886194116	462	VANILLA
3165.2203886194116	3165.592	212	ICE
3165.592	3165.792	112	CREAM
3165.792	3172.549176826595	99999	sp
3172.549176826595	3173.060666374014	365	RICH
3173.060666374014	3173.412	348	PURCHASED
3173.412	3173.772	373	SEVERAL
3173.772	3174.292	381	SIGNED
3174.292	3175.0883459526826	244	LITHOGRAPHS
3175.0883459526826	3182.509895091555	99999	sp
3182.509895091555	3182.8985670907996	24	ANY
3182.8985670907996	3183.852	105	CONTRIBUTIONS
3183.852	3183.952	484	WILL
3183.952	3184.118290682532	47	BE
3184.118290682532	3184.6035488905495	195	GREATLY
3184.6035488905495	3185.402	28	APPRECIATED
3185.402	3193.899962162378	99999	sp
3193.899962162378	3194.007476522692	433	THE
3194.007476522692	3194.466453170129	111	CRANBERRY
3194.466453170129	3194.762	57	BOG
3194.762	3195.002	178	GETS
3195.002	3195.296833392378	464	VERY
3195.296833392378	3195.552	339	PRETTY
3195.552	3195.653513240318	217	IN
3195.653513240318	3196.002	40	AUTUMN
3196.002	3201.602	99999	sp
3201.602	3203.022	99999	sp
3203.022	3203.299052577565	99999	sp
3203.299052577565	3203.471829052932	210	HOW
3203.471829052932	3203.5780805095865	128	DO
3203.5780805095865	3204.042	317	OYSTERS
3204.042	3204.26729732011	252	MAKE
3204.26729732011	3204.7148176667615	319	PEARLS
3204.7148176667615	3212.1601118346	99999	sp
3212.1601118346	3212.292	256	MAY
3212.292	3212.4452247185673	211	I
3212.4452247185673	3212.735606582718	303	ORDER
3212.735606582718	3212.848995688605	1	A
3212.848995688605	3213.2989861977157	318	PARFAIT
3213.2989861977157	3213.638123250198	10	AFTER
3213.638123250198	3213.732	211	I
3213.732	3213.857400055829	134	EAT
3213.857400055829	3214.232	124	DINNER
3214.232	3222.044967542769	99999	sp
3222.044967542769	3222.132	224	IS
3222.132	3222.483608106583	374	SHE
3222.483608106583	3222.719844496156	99999	sp
3222.719844496156	3222.952	187	GOING
3222.952	3223.1295927559913	486	WITH
3223.1295927559913	3223.2668539479328	494	YOU
3230.855006760959	3230.982825746678	76	CAN
3230.982825746678	3231.042	433	THE
3231.042	3231.5406551074293	11	AGENCY
3231.5406551074293	3232.478438603365	88888	OVERFTHROW
3232.478438603365	3233.286267373419	99999	sp
3233.286267373419	3233.672	13	ALIEN
3233.672	3234.312	162	FORCES
3234.312	3242.4146119544234	99999	sp
3242.4146119544234	3242.482	1	A
3242.482	3243.072	370	SCREWDRIVER
3243.072	3243.192	224	IS
3243.192	3243.372	251	MADE
3243.372	3243.562	166	FROM
3243.562	3244.032	468	VODKA
3244.032	3244.212	20	AND
3244.212	3244.542	302	ORANGE
3244.542	3244.972	230	JUICE
3244.972	3251.5530957524957	99999	sp
3251.5530957524957	3251.6651824025844	210	HOW
3251.6651824025844	3251.8590591636826	268	MUCH
3251.8590591636826	3252.3026146897937	16	ALLOWANCE
3252.3026146897937	3252.372	128	DO
3252.372	3252.442	494	YOU
3252.442	3252.6208345577174	177	GET
3252.6208345577174	3258.792	99999	sp
3258.792	3259.586544414719	99999	sp
3259.586544414719	3260.129758923253	115	CYCLICAL
3260.129758923253	3260.512	345	PROGRAMS
3260.512	3260.652	484	WILL
3260.652	3261.5725739854943	280	NEVER
3261.5725739854943	3262.072	100	COMPILE
3262.072	3269.2837559724826	99999	sp
3269.2837559724826	3269.352	433	THE
3269.352	3269.7603386427854	61	BOSTON
3269.7603386427854	3270.0736833530686	45	BALLET
3270.0736833530686	3270.602	311	OVERCAME
3270.602	3270.712	434	THEIR
3270.712	3271.042	170	FUNDING
3271.042	3271.586285339129	379	SHORTAGE
3271.586285339129	3278.7208197608293	99999	sp
3278.7208197608293	3279.3919633881637	145	EVERY
3279.3919633881637	3279.772	74	CAB
3279.772	3280.0328282503597	279	NEEDS
3280.0328282503597	3280.569703222127	363	REPAINTING
3280.569703222127	3280.975625977772	295	OFTEN
3280.975625977772	3288.8192241339184	99999	sp
3288.8192241339184	3289.0550005930954	203	HELP
3289.0550005930954	3289.3322800325855	196	GREG
3289.3322800325855	3289.4330661297954	445	TO
3289.4330661297954	3289.598521724386	324	PICK
3289.598521724386	3289.711032115691	1	A
3289.711032115691	3289.88388738463	320	PECK
3289.88388738463	3290.018205222721	293	OF
3290.018205222721	3290.682	337	POTATOES
3290.682	3299.442	99999	sp
3299.442	3300.032	99999	sp
3300.032	3300.111008129243	99999	sp
3300.111008129243	3300.522006965178	475	WE
3300.522006965178	3300.751472116824	240	LIKE
3300.751472116824	3300.872	55	BLUE
3300.872	3301.2797782278153	88	CHEESE
3301.2797782278153	3301.3689544490126	70	BUT
3301.3689544490126	3301.682	465	VICTOR
3301.682	3301.9526370548474	241	LIKES
3301.9526370548474	3302.142814089371	64	BRIE
3302.142814089371	3310.672	99999	sp
3310.672	3311.701957129634	99999	sp
3311.701957129634	3312.0445569017156	108	COUNT
3312.0445569017156	3312.101907042493	99999	sp
3312.101907042493	3312.154807640063	433	THE
3312.154807640063	3312.4518707150614	288	NUMBER
3312.4518707150614	3312.5525043642547	293	OF
3312.5525043642547	3312.9846122088893	428	TEASPOONS
3312.9846122088893	3313.0920364714584	293	OF
3313.0920364714584	3313.802	394	SOYSAUCE
3313.802	3313.902	432	THAT
3313.902	3314.082	494	YOU
3314.082	3314.3634132174075	7	ADD
3314.3634132174075	3323.2380522904264	99999	sp
3323.2380522904264	3323.925494795012	88888	BYEPIPES
3323.925494795012	3324.0192380652634	99999	sp
3324.0192380652634	3324.797492073058	20	AND
3324.797492073058	3325.6174112347817	59	BONGOS
3325.6174112347817	3325.6721702034138	30	ARE
3325.6721702034138	3326.042	272	MUSICAL
3326.042	3326.672	220	INSTRUMENTS
3326.672	3334.5656670052886	99999	sp
3334.5656670052886	3334.71412465358	210	HOW
3334.71412465358	3334.8345943845707	189	GOOD
3334.8345943845707	3334.998004228633	224	IS
3334.998004228633	3335.092	495	YOUR
3335.092	3335.7750899814932	138	ENDURANCE
3335.7750899814932	3335.822	99999	sp
3335.822	3336.012	88888	HARDLY
3336.012	3336.172	99999	sp
3336.172	3336.272	88888	THERE
3336.272	3336.952	99999	sp
3336.952	3350.682	99999	{NS}
