618.6192534036447	618.923449781719	132	EACH
618.923449781719	619.363449781719	175	GENERAL'S
619.363449781719	620.2201688802152	221	INTELLIGENCE
620.2201688802152	628.47825	99999	sp
628.47825	628.7824831293216	145	EVERY
628.7824831293216	629.1159524682236	74	CAB
629.1159524682236	629.4078786968511	280	NEEDS
629.4078786968511	629.9359524682236	364	REPAINTING
629.9359524682236	630.3731753096592	296	OFTEN
630.3731753096592	638.276875	99999	sp
638.276875	638.3947686987331	210	HOW
638.3947686987331	638.5486754463082	128	DO
638.5486754463082	639.0125958194155	318	OYSTERS
639.0125958194155	639.2693246835702	253	MAKE
639.2693246835702	639.7886754463082	320	PEARLS
639.7886754463082	648.532125	99999	sp
648.532125	648.676222673896	438	THEY
648.676222673896	648.8181903800219	317	OWN
648.8181903800219	648.9252400033635	1	A
648.9252400033635	649.100868685008	52	BIG
649.100868685008	649.466222673896	209	HOUSE
649.466222673896	649.5713800235792	217	IN
649.5713800235792	649.6419419398154	434	THE
649.6419419398154	649.9991953950068	361	REMOTE
649.9991953950068	650.676222673896	109	COUNTRYSIDE
650.676222673896	658.3050079632371	99999	sp
658.3050079632371	658.3607060268873	1	A
658.3607060268873	658.9230510278562	371	SCREWDRIVER
658.9230510278562	659.0155900409108	224	IS
659.0155900409108	659.2239118493618	252	MADE
659.2239118493618	659.4507060268872	166	FROM
659.4507060268872	659.8496562443056	469	VODKA
659.8496562443056	659.954297152698	20	AND
659.954297152698	660.2807060268874	303	ORANGE
660.2807060268874	660.7307060268873	230	JUICE
660.7307060268873	670.9565625	99999	sp
670.9565625	671.0106758958311	434	THE
671.0106758958311	671.3292007667769	475	WATER
671.3292007667769	671.77089085846	103	CONTAINED
671.77089085846	671.9095222932767	448	TOO
671.9095222932767	672.2260056446407	269	MUCH
672.2260056446407	672.6752190835653	90	CHLORINE
672.6752190835653	672.791604616287	20	AND
672.791604616287	673.1033725981838	409	STUNG
673.1033725981838	673.2673593291247	208	HIS
673.2673593291247	673.81050788834	149	EYES
673.81050788834	682.2163972917257	99999	sp
682.2163972917257	682.61998136824	61	BOSTON
682.61998136824	683.1063972917257	45	BALLET
683.1063972917257	683.6163972917257	312	OVERCAME
683.6163972917257	683.7263972917257	435	THEIR
683.7263972917257	684.0829792781101	170	FUNDING
684.0829792781101	684.7263972917257	380	SHORTAGE
684.7263972917257	692.1990625	99999	sp
692.1990625	692.2770569278205	224	IS
692.2770569278205	692.4804241039865	375	SHE
692.4804241039865	692.6970569278205	187	GOING
692.6970569278205	692.9250285253802	487	WITH
692.9250285253802	693.0789811011464	495	YOU
693.0789811011464	701.8347081626769	99999	sp
701.8347081626769	702.0758904407031	24	ANY
702.0758904407031	702.7570187858478	105	CONTRIBUTIONS
702.7570187858478	702.8670187858479	485	WILL
702.8670187858479	703.0535409387797	47	BE
703.0535409387797	703.3770187858479	195	GREATLY
703.3770187858479	704.0053487138861	28	APPRECIATED
704.0053487138861	712.2060154283115	99999	sp
712.2060154283115	712.3903061005833	433	THAT
712.3903061005833	712.8464820352278	326	PICKPOCKET
712.8464820352278	713.0640737270162	472	WAS
713.0640737270162	713.2754286972505	80	CAUGHT
713.2754286972505	713.5098966454004	356	RED
713.5098966454004	713.8974335225048	199	HANDED
713.8974335225048	723.351	99999	sp
723.351	723.6398790718372	366	RICH
723.6398790718372	724.0165650397273	349	PURCHASED
724.0165650397273	724.3498238776033	374	SEVERAL
724.3498238776033	724.7350009847662	382	SIGNED
724.7350009847662	725.6365650397273	245	LITHOGRAPHS
725.6365650397273	734.40475	99999	sp
734.40475	734.6891600866628	203	HELP
734.6891600866628	735.0078213597302	196	GREG
735.0078213597302	735.1540246375794	446	TO
735.1540246375794	735.3430445635374	325	PICK
735.3430445635374	735.4574400443174	1	A
735.4574400443174	735.6754144532276	321	PECK
735.6754144532276	735.8373239930721	294	OF
735.8373239930721	736.4969039840572	338	POTATOES
736.4969039840572	744.654625	99999	sp
744.654625	744.8415971583379	226	IT'S
744.8415971583379	744.9915971583379	285	NOT
744.9915971583379	745.4401000942992	133	EASY
745.4401000942992	745.610887568098	446	TO
745.610887568098	746.0089870575912	113	CREATE
746.0089870575912	746.7715971583378	215	ILLUMINATING
746.7715971583378	747.7315971583379	146	EXAMPLES
747.7315971583379	757.4175	99999	sp
757.4175	758.2205744688183	17	AMBIDEXTROUS
758.2205744688183	758.9085942869049	327	PICKPOCKETS
758.9085942869049	759.4526133133927	6	ACCOMPLISH
759.4526133133927	759.7685942869048	267	MORE
759.7685942869048	770.963625	99999	sp
770.963625	771.1777001743706	270	MUM
771.1777001743706	771.5997027830417	407	STRONGLY
771.5997027830417	772.0964421586833	126	DISLIKES
772.0964421586833	773.0577001743704	27	APPETIZERS
773.0577001743704	786.3069375	99999	sp
786.3069375	786.5024179486262	443	THOSE
786.5024179486262	786.6154899728315	484	WHO
786.6154899728315	786.9374577705686	427	TEACH
786.9374577705686	787.390390242607	462	VALUES
787.390390242607	787.7403902426071	156	FIRST
787.7403902426071	788.2892598281597	4	ABOLISH
788.2892598281597	788.6399401969946	87	CHEATING
788.6399401969946	797.6794375	99999	sp
797.6794375	797.9823628448883	375	SHE
797.9823628448883	798.2201017231552	490	WORE
798.2201017231552	798.6707945583994	471	WARM
798.6707945583994	799.1211555275632	158	FLEECY
799.1211555275632	799.5287573638676	489	WOOLEN
799.5287573638676	800.3792898116751	311	OVERALLS
800.3792898116751	808.2801482313528	99999	sp
808.2801482313528	808.4321469464959	434	THE
808.4321469464959	808.9138386744838	111	CRANBERRY
808.9138386744838	809.3881042198398	57	BOG
809.3881042198398	809.6123009643213	178	GETS
809.6123009643213	809.9457889762864	465	VERY
809.9457889762864	810.1992588885339	340	PRETTY
810.1992588885339	810.2923009643214	217	IN
810.2923009643214	810.6223009643213	40	AUTUMN
810.6223009643213	819.2406875	99999	sp
819.2406875	819.4808641971241	142	EVEN
819.4808641971241	819.7108641971241	211	I
819.7108641971241	820.2977830654949	293	OCCASIONALLY
820.2977830654949	820.5097926746018	177	GET
820.5097926746018	820.5608641971241	434	THE
820.5608641971241	820.9062635241808	265	MONDAY
820.9062635241808	821.402295129179	56	BLUES
821.402295129179	832.766125	99999	sp
832.766125	832.9291638892525	210	HOW
832.9291638892525	833.1491638892526	189	GOOD
833.1491638892526	833.2834319724674	224	IS
833.2834319724674	833.4091638892526	496	YOUR
833.4091638892526	834.1013438547027	138	ENDURANCE
834.1013438547027	844.6448125	99999	sp
844.6448125	844.9795270963739	98	COFFEE
844.9795270963739	845.0831267274041	224	IS
845.0831267274041	845.2417988327126	198	GROWN
845.2417988327126	845.4439031064811	297	ON
845.4439031064811	845.8285750614721	404	STEEP
845.8285750614721	846.1929104185872	99999	sp
846.1929104185872	846.5659643731169	231	JUNGLE
846.5659643731169	846.7856507959556	241	LIKE
846.7856507959556	847.6117988327126	390	SLOPES
847.6117988327126	847.8993064988165	99999	sp
847.8993064988165	848.0643369296718	217	IN
848.0643369296718	848.501617523703	431	TEMPERATE
848.501617523703	849.0617988327126	497	ZONES
849.0617988327126	860.7766875	99999	sp
860.7766875	861.0067462806076	76	CAN
861.0067462806076	861.085624536682	434	THE
861.085624536682	861.8167462806076	11	AGENCY
861.8167462806076	862.4955266483248	315	OVERTHROW
862.4955266483248	862.9467462806076	13	ALIEN
862.9467462806076	863.5967462806077	162	FORCES
863.5967462806077	871.8559180663574	99999	sp
871.8559180663574	872.2483520617473	183	GLUCOSE
872.2483520617473	872.3198927004038	20	AND
872.3198927004038	872.8526809823722	167	FRUCTOSE
872.8526809823722	872.9506598346909	30	ARE
872.9506598346909	873.5006598346909	276	NATURAL
873.5006598346909	874.0506598346909	414	SUGARS
874.0506598346909	874.380659834691	163	FOUND
874.380659834691	874.620504996284	217	IN
874.620504996284	875.1143701972812	168	FRUIT
875.1143701972812	883.9358125	99999	sp
883.9358125	884.3182675449202	75	CALCIUM
884.3182675449202	884.5853073360306	254	MAKES
884.5853073360306	885.0077162852367	58	BONES
885.0077162852367	885.3218571087639	20	AND
885.3218571087639	885.7769805231644	430	TEETH
885.7769805231644	887.2200898253986	406	STRONG
887.2200898253986	895.2515	99999	sp
895.2515	895.398235642769	476	WE
895.398235642769	895.4367722762235	30	ARE
895.4367722762235	895.7143178703985	301	OPEN
895.7143178703985	896.0774515317966	145	EVERY
896.0774515317966	896.4862817880884	265	MONDAY
896.4862817880884	896.9211510390821	143	EVENING
896.9211510390821	905.2600938036428	99999	sp
905.2600938036428	905.3678660480176	434	THE
905.3678660480176	905.7354463815105	165	FRIGHTENED
905.7354463815105	906.0716147050326	89	CHILD
906.0716147050326	906.305855732892	472	WAS
906.305855732892	906.6261463590663	176	GENTLY
906.6261463590663	907.1891266834244	410	SUBDUED
907.1891266834244	907.3361463590663	73	BY
907.3361463590663	907.5361644215059	208	HIS
907.5361644215059	907.7303824638689	52	BIG
907.7303824638689	908.1007859340148	66	BROTHER
908.1007859340148	917.72725	99999	sp
917.72725	917.9347342557098	142	EVEN
917.9347342557098	917.9848295650178	1	A
917.9848295650178	918.3667506775645	383	SIMPLE
918.3667506775645	919.243068545765	468	VOCABULARY
919.243068545765	919.7947342557098	104	CONTAINS
919.7947342557098	920.4047342557099	422	SYMBOLS
920.4047342557099	928.9286875	99999	sp
928.9286875	929.1576282541072	354	READING
929.1576282541072	929.3251903739495	217	IN
929.3251903739495	929.5476282541072	335	POOR
929.5476282541072	930.0027989162259	240	LIGHT
930.0027989162259	930.2545889537531	181	GIVES
930.2545889537531	930.3776282541072	495	YOU
930.3776282541072	931.0476282541072	150	EYESTRAIN
931.0476282541072	938.4069375	99999	sp
938.4069375	939.0136627670095	115	CYCLICAL
939.0136627670095	939.5343229405553	346	PROGRAMS
939.5343229405553	939.6343229405553	485	WILL
939.6343229405553	939.9498391494812	281	NEVER
939.9498391494812	940.4694609343219	100	COMPILE
940.4694609343219	951.7656875	99999	sp
951.7656875	951.900730294977	204	HER
951.900730294977	952.300730294977	470	WARDROBE
952.300730294977	952.7349510918446	102	CONSISTS
952.7349510918446	952.820730294977	294	OF
952.820730294977	953.0869369614582	298	ONLY
953.0869369614582	953.4907302949771	385	SKIRTS
953.4907302949771	953.600730294977	20	AND
953.600730294977	954.2307302949771	54	BLOUSES
954.2307302949771	962.42325	99999	sp
962.42325	962.6844525808385	108	COUNT
962.6844525808385	962.7746082977668	434	THE
962.7746082977668	963.0539832373913	289	NUMBER
963.0539832373913	963.1062584337143	294	OF
963.1062584337143	963.5629526097756	429	TEASPOONS
963.5629526097756	963.6438783586516	294	OF
963.6438783586516	964.1985755367864	395	SOYSAUCE
964.1985755367864	964.308800342954	433	THAT
964.308800342954	964.4439832373914	495	YOU
964.4439832373914	964.7140949987449	7	ADD
964.7140949987449	976.452375	99999	sp
976.452375	976.5643064052042	30	ARE
976.5643064052042	976.6843292372904	495	YOU
976.6843292372904	976.97273808451	250	LOOKING
976.97273808451	977.18273808451	161	FOR
977.18273808451	977.61268592438	136	EMPLOYMENT
977.61268592438	987.968	99999	sp
987.968	988.1125016897499	210	HOW
988.1125016897499	988.5125016897499	269	MUCH
988.5125016897499	989.0909577245845	16	ALLOWANCE
989.0909577245845	989.1925016897499	128	DO
989.1925016897499	989.30250168975	495	YOU
989.30250168975	989.4696517142019	177	GET
989.4696517142019	997.8955625	99999	sp
997.8955625	998.1528453086631	298	ONLY
998.1528453086631	998.3281522538184	434	THE
998.3281522538184	998.6444872199918	51	BEST
998.6444872199918	999.0368307297696	330	PLAYERS
999.0368307297696	999.5003140976207	139	ENJOY
999.5003140976207	1000.2428453086632	336	POPULARITY
1000.2428453086632	1008.31125	99999	sp
1008.31125	1008.7925313219433	44	BAGPIPES
1008.7925313219433	1008.9322597335031	20	AND
1008.9322597335031	1009.4737582997926	59	BONGOS
1009.4737582997926	1009.5822597335031	30	ARE
1009.5822597335031	1010.133775391123	273	MUSICAL
1010.133775391123	1010.8698805664518	220	INSTRUMENTS
1010.8698805664518	1018.6392726447602	99999	sp
1018.6392726447602	1018.6765668919063	1	A
1018.6765668919063	1019.2164786069243	271	MUSCULAR
1019.2164786069243	1019.8618382690979	2	ABDOMEN
1019.8618382690979	1020.1135394583639	224	IS
1020.1135394583639	1020.2420734917106	189	GOOD
1020.2420734917106	1020.4465668919063	161	FOR
1020.4465668919063	1020.5987196083918	496	YOUR
1020.5987196083918	1021.0633730559586	43	BACK
1021.0633730559586	1029.0438125	99999	sp
1029.0438125	1029.173997439028	434	THE
1029.173997439028	1029.3190549615983	453	TWO
1029.3190549615983	1029.7516728055828	33	ARTISTS
1029.7516728055828	1030.2140943227946	147	EXCHANGED
1030.2140943227946	1031.0390549615984	39	AUTOGRAPHS
1031.0390549615984	1044.473375	99999	sp
1044.473375	1044.5355705697325	434	THE
1044.5355705697325	1045.0655705697325	369	ROSE
1045.0655705697325	1045.7055705697326	106	CORSAGE
1045.7055705697326	1046.0958534239205	393	SMELLED
1046.0958534239205	1046.4684624982829	421	SWEET
1046.4684624982829	1056.349	99999	sp
1056.349	1056.5564397178366	130	DRAW
1056.5564397178366	1057.0056037207091	145	EVERY
1057.0056037207091	1057.3596072336557	308	OUTER
1057.3596072336557	1057.5876888526484	244	LINE
1057.5876888526484	1058.413291682022	156	FIRST
1058.413291682022	1058.6296072336556	436	THEN
1058.6296072336556	1058.901280134524	154	FILL
1058.901280134524	1059.1496072336556	434	THE
1059.1496072336556	1059.3396072336557	217	IN
1059.3396072336557	1059.4896072336555	434	THE
1059.4896072336555	1060.0573692029711	222	INTERIOR
1060.0573692029711	1070.3525	99999	sp
1070.3525	1070.5190361696464	257	MAY
1070.5190361696464	1070.609645878301	211	I
1070.609645878301	1070.9182122449806	304	ORDER
1070.9182122449806	1070.9808831789342	1	A
1070.9808831789342	1071.4696458783012	319	PARFAIT
1071.4696458783012	1071.7496458783012	10	AFTER
1071.7496458783012	1072.0496458783011	88888	WHY
1072.0496458783011	1072.21763262284	134	EAT
1072.21763262284	1072.5696458783011	124	DINNER
1072.5696458783011	1080.4767692433609	99999	sp
1080.4767692433609	1080.5696439029703	476	WE
1080.5696439029703	1080.8796439029702	480	WELCOME
1080.8796439029702	1081.1896439029701	256	MANY
1081.1896439029701	1081.386374673439	282	NEW
1081.386374673439	1081.8996439029702	408	STUDENTS
1081.8996439029702	1082.1471866691245	132	EACH
1082.1471866691245	1082.3880380462112	491	YEAR
1082.3880380462112	1091.367875	99999	sp
1091.367875	1091.744269753489	405	STEVE
1091.744269753489	1092.4150417511598	490	WORE
1092.4150417511598	1092.5657112305205	99999	sp
1092.5657112305205	1092.7607417771023	1	A
1092.7607417771023	1093.087875	65	BRIGHT
1093.087875	1093.3966235617913	356	RED
1093.3966235617913	1093.951251164659	78	CASHMERE
1093.951251164659	1094.4078749999999	420	SWEATER
1094.4078749999999	1103.497875	99999	sp
1103.497875	1103.9330922234017	286	NOTHING
1103.9330922234017	1104.152159980376	224	IS
1104.152159980376	1104.8820261854105	295	OFFENSIVE
1104.8820261854105	1105.092816361385	34	AS
1105.092816361385	1105.9395160273318	219	INNOCENCE
1105.9395160273318	1116.401875	99999	sp
1116.401875	1116.9223230433931	71	BUTTERSCOTCH
1116.9223230433931	1117.3473874618744	169	FUDGE
1117.3473874618744	1117.5906088270308	186	GOES
1117.5906088270308	1117.8606088270308	481	WELL
1117.8606088270308	1118.0632681131517	487	WITH
1118.0632681131517	1118.641817435019	463	VANILLA
1118.641817435019	1118.8945414705145	212	ICE
1118.8945414705145	1119.3523107178935	112	CREAM
1119.3523107178935	1127.127375	99999	sp
1127.127375	1127.4793820827156	46	BARB'S
1127.4793820827156	1127.7821997876918	188	GOLD
1127.7821997876918	1128.1989894386213	63	BRACELET
1128.1989894386213	1128.3497715018555	472	WAS
1128.3497715018555	1128.4659813132491	1	A
1128.4659813132491	1129.1212765696541	193	GRADUATION
1129.1212765696541	1129.4221717156329	339	PRESENT
1129.4221717156329	1141.783875	99999	sp
1141.783875	1142.0006569322784	19	AN
1142.0006569322784	1142.3195701863235	9	ADULT
1142.3195701863235	1142.5672073768249	255	MALE
1142.5672073768249	1142.9867213416546	88888	BAL
1142.9867213416546	1143.280020503312	99999	sp
1143.280020503312	1143.8710706976526	42	BABOON'S
1143.8710706976526	1144.1095701863235	430	TEETH
1144.1095701863235	1144.189299595574	30	ARE
1144.189299595574	1144.4094717609903	285	NOT
1144.4094717609903	1144.8795701863235	415	SUITABLE
1144.8795701863235	1145.1167756976997	161	FOR
1145.1167756976997	1145.4177611087266	135	EATING
1145.4177611087266	1146.0895701863235	376	SHELLFISH
1146.0895701863235	1156.18975	99999	sp
1156.18975	1156.391258123861	1	A
1156.391258123861	1156.834787762954	110	CRAB
1156.834787762954	1157.4189580516945	85	CHALLENGED
1157.4189580516945	1157.638203544082	258	ME
1157.638203544082	1158.3969275367099	99999	sp
1158.3969275367099	1158.488203544082	70	BUT
1158.488203544082	1158.60716003424	1	A
1158.60716003424	1158.788203544082	350	QUICK
1158.788203544082	1159.408203544082	402	STAB
1159.408203544082	1159.888203544082	464	VANQUISHED
1159.888203544082	1160.138203544082	207	HIM
1160.138203544082	1169.794625	99999	sp
1169.794625	1170.1517814090862	229	JOHN'S
1170.1517814090862	1170.4768297342757	66	BROTHER
1170.4768297342757	1171.0550269557925	363	REPAINTED
1171.0550269557925	1171.1255398438539	434	THE
1171.1255398438539	1171.5454545857956	173	GARAGE
1171.5454545857956	1171.9055398438538	129	DOOR
1171.9055398438538	1178.6370625	99999	sp
1178.6370625	1178.7315422481465	476	WE
1178.7315422481465	1179.0077259645616	241	LIKE
1179.0077259645616	1179.2032002294548	55	BLUE
1179.2032002294548	1179.7256609329188	88	CHEESE
1179.7256609329188	1179.8750327768466	70	BUT
1179.8750327768466	1180.2195674855507	466	VICTOR
1180.2195674855507	1180.5047653757813	242	LIKES
1180.5047653757813	1180.5911692924115	99999	sp
1180.5911692924115	1180.9171869960596	64	BRIE
1180.9171869960596	1202.9325	99999	sp
1202.9325	1203.0067491261025	30	ARE
1203.0067491261025	1203.1239270855217	496	YOUR
1203.1239270855217	1203.3735372071421	192	GRADES
1203.3735372071421	1203.7261236581471	206	HIGHER
1203.7261236581471	1203.7561236581473	302	OR
1203.7561236581473	1204.091800728218	251	LOWER
1204.091800728218	1204.2561236581473	432	THAN
1204.2561236581473	1204.8870020106704	275	NANCY'S
1204.8870020106704	1213.576	99999	sp
1213.576	1213.7471073712127	375	SHE
1213.7471073712127	1213.9782680714272	490	WORE
1752.0805915966057	1752.4676432090773	84	CHALLENGE
1752.4676432090773	1752.7948016312005	132	EACH
1752.7948016312005	1753.2587954064568	175	GENERAL'S
1753.2587954064568	1754.098795406457	221	INTELLIGENCE
1754.098795406457	1760.9154375	99999	sp
1760.9154375	1761.201455804337	145	EVERY
1761.201455804337	1761.5545353323107	74	CAB
1761.5545353323107	1761.8016620393919	280	NEEDS
1761.8016620393919	1762.3345353323107	364	REPAINTING
1762.3345353323107	1762.7144236364654	296	OFTEN
1762.7144236364654	1769.5785	99999	sp
1769.5785	1769.7379943915125	210	HOW
1769.7379943915125	1769.8968046595023	128	DO
1769.8968046595023	1770.2568046595022	318	OYSTERS
1770.2568046595022	1770.4848385121652	253	MAKE
1770.4848385121652	1770.9868046595022	320	PEARLS
1770.9868046595022	1781.007625	99999	sp
1781.007625	1781.2265796294346	438	THEY
1781.2265796294346	1781.4880435087352	317	OWN
1781.4880435087352	1781.5855234060484	1	A
1781.5855234060484	1781.7165796294348	52	BIG
1781.7165796294348	1782.2409738416784	209	HOUSE
1782.2409738416784	1782.3865796294347	217	IN
1782.3865796294347	1782.4876627515146	434	THE
1782.4876627515146	1783.0647437436096	361	REMOTE
1783.0647437436096	1783.7543749934953	109	COUNTRYSIDE
1783.7543749934953	1790.8466778467816	99999	sp
1790.8466778467816	1790.910214865976	1	A
1790.910214865976	1791.600214865976	371	SCREWDRIVER
1791.600214865976	1791.790214865976	224	IS
1791.790214865976	1792.046519436065	252	MADE
1792.046519436065	1792.3136350610753	166	FROM
1792.3136350610753	1792.770214865976	469	VODKA
1792.770214865976	1793.1657615415434	20	AND
1793.1657615415434	1793.440214865976	303	ORANGE
1793.440214865976	1793.8578799357128	230	JUICE
1793.8578799357128	1801.379375	99999	sp
1801.379375	1801.4503204640123	434	THE
1801.4503204640123	1801.7205170184425	475	WATER
1801.7205170184425	1802.106173572448	103	CONTAINED
1802.106173572448	1802.31270889288	448	TOO
1802.31270889288	1802.5878292349923	269	MUCH
1802.5878292349923	1803.1354789843072	90	CHLORINE
1803.1354789843072	1803.3700634619136	20	AND
1803.3700634619136	1803.7854789843072	409	STUNG
1803.7854789843072	1803.96955444145	208	HIS
1803.96955444145	1804.5254789843073	149	EYES
1804.5254789843073	1811.4595625	99999	sp
1811.4595625	1811.547880985567	434	THE
1811.547880985567	1811.873684184637	61	BOSTON
1811.873684184637	1812.233684184637	45	BALLET
1812.233684184637	1812.8636841846371	312	OVERCAME
1812.8636841846371	1813.0041755562022	435	THEIR
1813.0041755562022	1813.5920547930998	170	FUNDING
1813.5920547930998	1814.5936841846371	380	SHORTAGE
1814.5936841846371	1820.9184375	99999	sp
1820.9184375	1821.0046972005714	224	IS
1821.0046972005714	1821.1480418206042	375	SHE
1821.1480418206042	1821.4031577323865	187	GOING
1821.4031577323865	1821.5585846683066	487	WITH
1821.5585846683066	1821.6678377399194	495	YOU
1821.6678377399194	1829.2801329703937	99999	sp
1829.2801329703937	1829.5141850439456	24	ANY
1829.5141850439456	1830.2027304043397	105	CONTRIBUTIONS
1830.2027304043397	1830.3372805563656	485	WILL
1830.3372805563656	1830.5052687039683	47	BE
1830.5052687039683	1830.8427304043396	195	GREATLY
1830.8427304043396	1831.4311494103551	28	APPRECIATED
1831.4311494103551	1838.5856603271302	99999	sp
1838.5856603271302	1838.7325616752153	434	THE
1838.7325616752153	1838.9682234815407	88888	PIT
1838.9682234815407	1839.4413200231759	99999	sp
1839.4413200231759	1839.6255117134672	433	THAT
1839.6255117134672	1840.1045308514574	326	PICKPOCKET
1840.1045308514574	1840.298469636135	472	WAS
1840.298469636135	1840.4670883140836	80	CAUGHT
1840.4670883140836	1840.7140776183367	356	RED
1840.7140776183367	1841.0914372179914	199	HANDED
1841.0914372179914	1849.1434375	99999	sp
1849.1434375	1849.3634260288463	366	RICH
1849.3634260288463	1849.7271326212997	349	PURCHASED
1849.7271326212997	1850.1396277278084	374	SEVERAL
1850.1396277278084	1850.6071326212998	382	SIGNED
1850.6071326212998	1851.4190047273398	245	LITHOGRAPHS
1851.4190047273398	1859.9940625	99999	sp
1859.9940625	1860.265920269255	203	HELP
1860.265920269255	1860.535977232478	196	GREG
1860.535977232478	1860.6660845802583	446	TO
1860.6660845802583	1860.8213897999358	325	PICK
1860.8213897999358	1860.9289379742784	1	A
1860.9289379742784	1861.1091362275054	321	PECK
1861.1091362275054	1861.2658896519881	294	OF
1861.2658896519881	1861.9172958244606	338	POTATOES
1861.9172958244606	1867.60175	99999	sp
1867.60175	1867.7817675361414	226	IT'S
1867.7817675361414	1867.9630276224489	285	NOT
1867.9630276224489	1868.2317675361414	133	EASY
1868.2317675361414	1868.3901786024956	446	TO
1868.3901786024956	1868.7195710924866	113	CREATE
1868.7195710924866	1869.4217675361413	215	ILLUMINATING
1869.4217675361413	1870.2478768250046	146	EXAMPLES
1870.2478768250046	1877.3349375	99999	sp
1877.3349375	1878.0532393802262	17	AMBIDEXTROUS
1878.0532393802262	1878.6141255123835	327	PICKPOCKETS
1878.6141255123835	1879.3446531585475	6	ACCOMPLISH
1879.3446531585475	1879.7171003687756	267	MORE
1879.7171003687756	1894.5798125	99999	sp
1894.5798125	1894.7367717996394	270	MUM
1894.7367717996394	1895.1336486043542	407	STRONGLY
1895.1336486043542	1895.5736105460992	126	DISLIKES
1895.5736105460992	1896.4617865490593	27	APPETIZERS
1896.4617865490593	1904.293625	99999	sp
1904.293625	1904.5055972675034	443	THOSE
1904.5055972675034	1904.5777974284872	484	WHO
1904.5777974284872	1904.7953235545278	427	TEACH
1904.7953235545278	1905.2777137240855	462	VALUES
1905.2777137240855	1905.56194057099	156	FIRST
1905.56194057099	1906.020830719367	4	ABOLISH
1906.020830719367	1906.2661486981915	87	CHEATING
1906.2661486981915	1914.631875	99999	sp
1914.631875	1914.8029823712127	375	SHE
1914.8029823712127	1915.0341430714273	490	WORE
1915.0341430714273	1915.4368008899648	471	WARM
1915.4368008899648	1916.1149673173759	158	FLEECY
1916.1149673173759	1916.6474030902186	489	WOOLEN
1916.6474030902186	1917.352117161782	311	OVERALLS
1917.352117161782	1925.7638881901844	99999	sp
1925.7638881901844	1925.8607987452979	434	THE
1925.8607987452979	1926.360140744151	111	CRANBERRY
1926.360140744151	1926.6613371964902	57	BOG
1926.6613371964902	1926.8652213545997	178	GETS
1926.8652213545997	1927.1626978703243	465	VERY
1927.1626978703243	1927.4137168043442	340	PRETTY
1927.4137168043442	1927.5352213545998	217	IN
1927.5352213545998	1927.8119517953908	40	AUTUMN
1927.8119517953908	1935.72125	99999	sp
1935.72125	1935.9330258833727	142	EVEN
1935.9330258833727	1936.1676348794686	211	I
1936.1676348794686	1936.8125443966608	293	OCCASIONALLY
1936.8125443966608	1936.9770668347228	177	GET
1936.9770668347228	1937.0376348794684	434	THE
1937.0376348794684	1937.428788455424	265	MONDAY
1937.428788455424	1937.8558362636654	56	BLUES
1937.8558362636654	1944.789	99999	sp
1944.789	1944.9152918149332	210	HOW
1944.9152918149332	1945.1072369601388	189	GOOD
1945.1072369601388	1945.2651708864762	224	IS
1945.2651708864762	1945.4070198244287	496	YOUR
1945.4070198244287	1945.985009013658	138	ENDURANCE
1945.985009013658	1953.711550856837	99999	sp
1953.711550856837	1953.9970462974882	98	COFFEE
1953.9970462974882	1954.1070443535086	224	IS
1954.1070443535086	1954.311445804563	198	GROWN
1954.311445804563	1954.4485871842733	297	ON
1954.4485871842733	1955.3364059169835	404	STEEP
1955.3364059169835	1955.831445804563	231	JUNGLE
1955.831445804563	1956.001445804563	241	LIKE
1956.001445804563	1956.6652538188368	390	SLOPES
1956.6652538188368	1957.041213852521	217	IN
1957.041213852521	1957.488091525996	431	TEMPERATE
1957.488091525996	1958.031445804563	497	ZONES
1958.031445804563	1965.9015625	99999	sp
1965.9015625	1966.039435263847	76	CAN
1966.039435263847	1966.0987580814206	434	THE
1966.0987580814206	1966.5105521587186	11	AGENCY
1966.5105521587186	1967.0042462472193	315	OVERTHROW
1967.0042462472193	1967.3755468174375	13	ALIEN
1967.3755468174375	1968.0067336436816	162	FORCES
1968.0067336436816	1974.8843095223294	99999	sp
1974.8843095223294	1975.2821607705935	183	GLUCOSE
1975.2821607705935	1975.3425473235077	20	AND
1975.3425473235077	1975.856565766295	167	FRUCTOSE
1975.856565766295	1975.932417593094	30	ARE
1975.932417593094	1976.412417593094	276	NATURAL
1976.412417593094	1977.1124175930938	414	SUGARS
1977.1124175930938	1977.3823300933798	163	FOUND
1977.3823300933798	1977.4621785687307	217	IN
1977.4621785687307	1977.7640885667013	168	FRUIT
1977.7640885667013	1984.855875	99999	sp
1984.855875	1985.2875947325686	75	CALCIUM
1985.2875947325686	1985.6201206837477	254	MAKES
1985.6201206837477	1985.9437056181346	58	BONES
1985.9437056181346	1986.2134744882762	20	AND
1986.2134744882762	1986.5740826938347	430	TEETH
1986.5740826938347	1986.980651716138	406	STRONG
1986.980651716138	1994.253375	99999	sp
1994.253375	1994.3273831646884	476	WE
1994.3273831646884	1994.4246360195928	30	ARE
1994.4246360195928	1994.681807586407	301	OPEN
1994.681807586407	1995.0267407422903	145	EVERY
1995.0267407422903	1995.3765682625547	265	MONDAY
1995.3765682625547	1995.7271233942597	143	EVENING
1995.7271233942597	2003.1519744956777	99999	sp
2003.1519744956777	2003.1932571853376	434	THE
2003.1932571853376	2003.490968889617	165	FRIGHTENED
2003.490968889617	2003.8218808288098	89	CHILD
2003.8218808288098	2004.0125994280363	472	WAS
2004.0125994280363	2004.2618808288098	176	GENTLY
2004.2618808288098	2004.8766799495743	410	SUBDUED
2004.8766799495743	2004.9918808288096	73	BY
2004.9918808288096	2005.2213161731001	208	HIS
2005.2213161731001	2005.6171715344074	52	BIG
2005.6171715344074	2005.746899037745	99999	sp
2005.746899037745	2006.0897608278096	66	BROTHER
2006.0897608278096	2013.2413125	99999	sp
2013.2413125	2013.43020332007	142	EVEN
2013.43020332007	2013.4708763768738	1	A
2013.4708763768738	2014.0002033200699	383	SIMPLE
2014.0002033200699	2015.0231937026429	468	VOCABULARY
2015.0231937026429	2015.6740195090217	104	CONTAINS
2015.6740195090217	2016.44020332007	422	SYMBOLS
2016.44020332007	2023.4358125	99999	sp
2023.4358125	2023.6886879286658	354	READING
2023.6886879286658	2023.862580961584	217	IN
2023.862580961584	2024.079419863233	335	POOR
2024.079419863233	2024.4255629789916	240	LIGHT
2024.4255629789916	2024.6658623873743	181	GIVES
2024.6658623873743	2024.784608757254	495	YOU
2024.784608757254	2025.3273066653444	150	EYESTRAIN
2025.3273066653444	2032.2685	99999	sp
2032.2685	2033.0525701185627	115	CYCLICAL
2033.0525701185627	2033.5163295164095	346	PROGRAMS
2033.5163295164095	2033.6110217757168	485	WILL
2033.6110217757168	2033.94473562505	281	NEVER
2033.94473562505	2034.4896008470193	100	COMPILE
2034.4896008470193	2043.6921875	99999	sp
2043.6921875	2043.8516646772314	204	HER
2043.8516646772314	2044.3103377335356	470	WARDROBE
2044.3103377335356	2044.8032715196464	102	CONSISTS
2044.8032715196464	2044.904247814736	294	OF
2044.904247814736	2045.1616646772313	298	ONLY
2045.1616646772313	2045.5810927090643	385	SKIRTS
2045.5810927090643	2045.724082156873	20	AND
2045.724082156873	2046.454718779595	54	BLOUSES
2046.454718779595	2054.0960625	99999	sp
2054.0960625	2054.3572650808383	108	COUNT
2054.3572650808383	2054.402904473225	434	THE
2054.402904473225	2054.715447508423	289	NUMBER
2054.715447508423	2054.779070933714	294	OF
2054.779070933714	2055.2357651097755	429	TEASPOONS
2055.2357651097755	2055.3166908586513	294	OF
2055.3166908586513	2055.871388036786	395	SOYSAUCE
2055.871388036786	2055.981612842954	433	THAT
2055.981612842954	2056.116795737391	495	YOU
2056.116795737391	2056.3869074987447	7	ADD
2056.3869074987447	2062.8538125	99999	sp
2062.8538125	2062.9411072237917	30	ARE
2062.9411072237917	2063.065244338116	495	YOU
2063.065244338116	2063.3613834011067	250	LOOKING
2063.3613834011067	2063.560282771772	161	FOR
2063.560282771772	2063.9326218858155	136	EMPLOYMENT
2063.9326218858155	2071.480125	99999	sp
2071.480125	2071.548214277105	210	HOW
2071.548214277105	2071.7563729242556	269	MUCH
2071.7563729242556	2072.167983082236	16	ALLOWANCE
2072.167983082236	2072.3312408737047	128	DO
2072.3312408737047	2072.4226355191367	495	YOU
2072.4226355191367	2072.5130969872907	177	GET
2072.5130969872907	2080.3799375	99999	sp
2080.3799375	2080.5899434034445	298	ONLY
2080.5899434034445	2080.713099407838	434	THE
2080.713099407838	2080.9743609894113	51	BEST
2080.9743609894113	2081.4775684372985	330	PLAYERS
2081.4775684372985	2081.9095249542015	139	ENJOY
2081.9095249542015	2082.59676158997	336	POPULARITY
2082.59676158997	2089.886	99999	sp
2089.886	2090.5259493668573	44	BAGPIPES
2090.5259493668573	2090.8180064653534	20	AND
2090.8180064653534	2091.788006465353	59	BONGOS
2091.788006465353	2092.0525174854724	30	ARE
2092.0525174854724	2092.538006465353	273	MUSICAL
2092.538006465353	2093.2280064653532	220	INSTRUMENTS
2093.2280064653532	2100.202441847315	99999	sp
2100.202441847315	2100.26997259176	1	A
2100.26997259176	2100.7499725917605	271	MUSCULAR
2100.7499725917605	2101.3408166014065	2	ABDOMEN
2101.3408166014065	2101.539599495164	224	IS
2101.539599495164	2101.6298051034573	189	GOOD
2101.6298051034573	2101.8199725917602	161	FOR
2101.8199725917602	2101.976308794712	496	YOUR
2101.976308794712	2102.427732394399	43	BACK
2102.427732394399	2108.86725	99999	sp
2108.86725	2108.938908324988	434	THE
2108.938908324988	2109.0989083249883	453	TWO
2109.0989083249883	2109.5161799361745	33	ARTISTS
2109.5161799361745	2109.9801270514095	147	EXCHANGED
2109.9801270514095	2110.738908324988	39	AUTOGRAPHS
2110.738908324988	2118.5724375	99999	sp
2118.5724375	2118.6466866261026	30	ARE
2118.6466866261026	2118.763864585522	496	YOUR
2118.763864585522	2119.0134747071424	192	GRADES
2119.0134747071424	2119.366061158147	206	HIGHER
2119.366061158147	2119.3960611581474	302	OR
2119.3960611581474	2119.731738228218	251	LOWER
2119.731738228218	2119.8960611581474	432	THAN
2119.8960611581474	2120.5269395106707	275	NANCY'S
2120.5269395106707	2126.2538125	99999	sp
2126.2538125	2126.3152248353076	434	THE
2126.3152248353076	2126.6199623754096	369	ROSE
2126.6199623754096	2127.09557387112	106	CORSAGE
2127.09557387112	2127.5499623754095	393	SMELLED
2127.5499623754095	2128.3827798362436	421	SWEET
2128.3827798362436	2135.6599375	99999	sp
2135.6599375	2135.823150285634	130	DRAW
2135.823150285634	2136.1969982960322	145	EVERY
2136.1969982960322	2136.52338806036	308	OUTER
2136.52338806036	2136.7158726919374	244	LINE
2136.7158726919374	2137.1969982960322	156	FIRST
2137.1969982960322	2137.6569982960323	436	THEN
2137.6569982960323	2137.942907756933	154	FILL
2137.942907756933	2138.0916409960546	434	THE
2138.0916409960546	2138.3987736433437	217	IN
2138.3987736433437	2138.804024028971	434	THE
2138.804024028971	2139.5844270869366	222	INTERIOR
2139.5844270869366	2146.711125	99999	sp
2146.711125	2146.902433902167	257	MAY
2146.902433902167	2147.209315633676	211	I
2147.209315633676	2147.628130588497	304	ORDER
2147.628130588497	2147.7839244191355	1	A
2147.7839244191355	2148.773705390521	319	PARFAIT
2148.773705390521	2149.067362290483	10	AFTER
2149.067362290483	2149.4573622904827	124	DINNER
2149.4573622904827	2156.9436681068732	99999	sp
2156.9436681068732	2157.0373516542886	476	WE
2157.0373516542886	2157.3773516542888	480	WELCOME
2157.3773516542888	2157.6973516542885	256	MANY
2157.6973516542885	2157.8621346700133	282	NEW
2157.8621346700133	2158.3273516542886	408	STUDENTS
2158.3273516542886	2158.541215719062	132	EACH
2158.541215719062	2158.757636376544	491	YEAR
2158.757636376544	2166.4476875	99999	sp
2166.4476875	2166.7276875000002	405	STEVE
2166.7276875000002	2166.9362500952025	490	WORE
2166.9362500952025	2167.0378418028185	1	A
2167.0378418028185	2167.328606525839	65	BRIGHT
2167.328606525839	2168.2070552901014	356	RED
2168.2070552901014	2168.889846069196	78	CASHMERE
2168.889846069196	2169.572810656853	420	SWEATER
2169.572810656853	2177.7418199655267	99999	sp
2177.7418199655267	2178.1291837780477	286	NOTHING
2178.1291837780477	2178.2997142028016	224	IS
2178.2997142028016	2178.8835832729865	295	OFFENSIVE
2178.8835832729865	2180.462125	99999	sp
2180.462125	2180.734370363346	286	NOTHING
2180.734370363346	2181.039443068603	224	IS
2181.039443068603	2181.3343703633454	34	AS
2181.3343703633454	2182.0638910701027	295	OFFENSIVE
2182.0638910701027	2182.1822980259194	34	AS
2182.1822980259194	2182.8843703633456	219	INNOCENCE
2182.8843703633456	2189.9290625	99999	sp
2189.9290625	2190.430369845779	71	BUTTERSCOTCH
2190.430369845779	2190.720777838507	169	FUDGE
2190.720777838507	2190.970369845779	186	GOES
2190.970369845779	2191.470369845779	481	WELL
2191.470369845779	2191.6603698457784	487	WITH
2191.6603698457784	2192.4656402392193	463	VANILLA
2192.4656402392193	2192.7872723525743	212	ICE
2192.7872723525743	2193.064108760187	112	CREAM
2193.064108760187	2200.5226875	99999	sp
2200.5226875	2200.847643262452	46	BARB'S
2200.847643262452	2201.1444966684912	184	GO
2201.1444966684912	2201.794349498708	99999	sp
2201.794349498708	2202.2687827191203	63	BRACELET
2202.2687827191203	2202.4287256311627	472	WAS
2202.4287256311627	2202.57242726748	1	A
2202.57242726748	2203.2696680396007	193	GRADUATION
2203.2696680396007	2203.545993571826	339	PRESENT
2203.545993571826	2210.7933125	99999	sp
2210.7933125	2210.91419811018	19	AN
2210.91419811018	2211.222934740497	9	ADULT
2211.222934740497	2211.5692076484574	255	MALE
2211.5692076484574	2212.086206445157	42	BABOON'S
2212.086206445157	2212.324843198332	430	TEETH
2212.324843198332	2212.4804733880387	30	ARE
2212.4804733880387	2212.7113432277993	285	NOT
2212.7113432277993	2213.1478877814866	415	SUITABLE
2213.1478877814866	2213.3204733880384	161	FOR
2213.3204733880384	2213.600086586852	135	EATING
2213.600086586852	2214.2487865489256	376	SHELLFISH
2214.2487865489256	2221.9350625	99999	sp
2221.9350625	2222.0784808011513	1	A
2222.0784808011513	2222.425511483321	110	CRAB
2222.425511483321	2222.940209626301	85	CHALLENGED
2222.940209626301	2223.1028296005334	258	ME
2223.1028296005334	2223.6459436208534	99999	sp
2223.6459436208534	2223.7433692320737	70	BUT
2223.7433692320737	2223.8788929284233	1	A
2223.8788929284233	2224.0823388870804	350	QUICK
2224.0823388870804	2224.6501061293575	402	STAB
2224.6501061293575	2225.1562305385455	464	VANQUISHED
2225.1562305385455	2225.3301061293573	207	HIM
2225.3301061293573	2233.228125	99999	sp
2233.228125	2233.592422092752	229	JOHN'S
2233.592422092752	2233.9686058087937	66	BROTHER
2233.9686058087937	2234.515151213077	363	REPAINTED
2234.515151213077	2234.646014581926	434	THE
2234.646014581926	2235.009969629748	173	GARAGE
2235.009969629748	2235.2902534602235	129	DOOR
2235.2902534602235	2241.62175	99999	sp
2241.62175	2241.7050433587788	476	WE
2241.7050433587788	2241.9462066882666	241	LIKE
2241.9462066882666	2242.127106445082	55	BLUE
2242.127106445082	2242.690028506803	88	CHEESE
2242.690028506803	2242.844247094037	70	BUT
2242.844247094037	2243.1562948096957	466	VICTOR
2243.1562948096957	2243.50243132593	242	LIKES
2243.50243132593	2243.704247094037	64	BRIE
2243.704247094037	2285.2635	99999	sp
2819.5793024894806	2820.1397451293856	84	CHALLENGE
2820.1397451293856	2820.630480771895	132	EACH
2820.630480771895	2821.142056892949	175	GENERAL'S
2821.142056892949	2822.174410311707	221	INTELLIGENCE
2822.174410311707	2830.9865	99999	sp
2830.9865	2831.53979019333	145	EVERY
2831.53979019333	2832.0800072435222	74	CAB
2832.0800072435222	2832.3974105839616	280	NEEDS
2832.3974105839616	2833.250104725441	364	REPAINTING
2833.250104725441	2833.3415055311866	99999	sp
2833.3415055311866	2840.6690625	99999	sp
2840.6690625	2840.7895801930003	210	HOW
2840.7895801930003	2840.9064732937304	128	DO
2840.9064732937304	2841.279417024141	318	OYSTERS
2841.279417024141	2841.541926098495	253	MAKE
2841.541926098495	2842.089417024141	320	PEARLS
2842.089417024141	2848.8164375	99999	sp
2848.8164375	2848.914274494514	438	THEY
2848.914274494514	2849.041176295028	317	OWN
2849.041176295028	2849.1660378053716	1	A
2849.1660378053716	2849.3060619767284	52	BIG
2849.3060619767284	2849.6940419926177	209	HOUSE
2849.6940419926177	2849.7642744945138	217	IN
2849.7642744945138	2849.8242744945137	434	THE
2849.8242744945137	2850.1775815677697	361	REMOTE
2850.1775815677697	2850.7955299028754	109	COUNTRYSIDE
2850.7955299028754	2857.606414292895	99999	sp
2857.606414292895	2857.6571808488093	1	A
2857.6571808488093	2858.3671808488093	371	SCREWDRIVER
2858.3671808488093	2858.4980419666836	224	IS
2858.4980419666836	2858.679793087931	252	MADE
2858.679793087931	2858.897180848809	166	FROM
2858.897180848809	2859.5367718143066	469	VODKA
2859.5367718143066	2859.9412788829372	20	AND
2859.9412788829372	2860.167180848809	303	ORANGE
2860.167180848809	2860.6192675052894	230	JUICE
2860.6192675052894	2867.812375	99999	sp
2867.812375	2867.8885964044002	434	THE
2867.8885964044002	2868.225055628569	475	WATER
2868.225055628569	2868.620446910863	103	CONTAINED
2868.620446910863	2868.7378914836354	448	TOO
2868.7378914836354	2869.033675715181	269	MUCH
2869.033675715181	2869.4978914836356	90	CHLORINE
2869.4978914836356	2869.608565947216	20	AND
2869.608565947216	2869.9178914836357	409	STUNG
2869.9178914836357	2870.0586327089513	208	HIS
2870.0586327089513	2870.5778914836355	149	EYES
2870.5778914836355	2878.8155625	99999	sp
2878.8155625	2878.8743195208117	434	THE
2878.8743195208117	2879.3043195208115	61	BOSTON
2879.3043195208115	2879.6943195208114	45	BALLET
2879.6943195208114	2880.2043195208116	312	OVERCAME
2880.2043195208116	2880.2899626246767	435	THEIR
2880.2899626246767	2880.6665022447955	170	FUNDING
2880.6665022447955	2881.2743195208113	380	SHORTAGE
2881.2743195208113	2889.1496875	99999	sp
2889.1496875	2889.221523923422	224	IS
2889.221523923422	2889.429027457191	375	SHE
2889.429027457191	2889.719489712607	187	GOING
2889.719489712607	2889.7892757423947	446	TO
2889.7892757423947	2890.1459182436806	47	BE
2890.1459182436806	2890.3895005018767	487	WITH
2890.3895005018767	2890.5513540908505	495	YOU
2890.5513540908505	2898.769999247971	99999	sp
2898.769999247971	2898.933209832023	24	ANY
2898.933209832023	2899.665706514624	105	CONTRIBUTIONS
2899.665706514624	2899.789637280667	485	WILL
2899.789637280667	2899.9051233309474	47	BE
2899.9051233309474	2900.2227284897044	195	GREATLY
2900.2227284897044	2900.8197068268255	28	APPRECIATED
2900.8197068268255	2908.0376875	99999	sp
2908.0376875	2908.5504163405567	326	PICKPOCKET
2908.5504163405567	2908.768599130397	472	WAS
2908.768599130397	2908.8629503306133	99999	sp
2908.8629503306133	2909.359012512841	80	CAUGHT
2909.359012512841	2909.7895286663743	356	RED
2909.7895286663743	2910.773803028314	199	HANDED
2910.773803028314	2921.115125	99999	sp
2921.115125	2921.367755053051	366	RICH
2921.367755053051	2921.7253425194476	349	PURCHASED
2921.7253425194476	2922.017026493744	374	SEVERAL
2922.017026493744	2922.319598341913	382	SIGNED
2922.319598341913	2923.113374275735	245	LITHOGRAPHS
2923.113374275735	2939.504875	99999	sp
2939.504875	2939.694875	226	IT'S
2939.694875	2939.8778364953514	285	NOT
2939.8778364953514	2940.134875	133	EASY
2940.134875	2940.239895513805	446	TO
2940.239895513805	2940.4548750000004	113	CREATE
2940.4548750000004	2941.1757092604794	215	ILLUMINATING
2941.1757092604794	2942.0448750000005	146	EXAMPLES
2942.0448750000005	2952.4511875	99999	sp
2952.4511875	2953.1378029651073	17	AMBIDEXTROUS
2953.1378029651073	2953.693636351343	327	PICKPOCKETS
2953.693636351343	2954.2208417923835	6	ACCOMPLISH
2954.2208417923835	2954.578577201498	267	MORE
2954.578577201498	2961.752625	99999	sp
2961.752625	2962.029664211158	270	MUM
2962.029664211158	2962.496791324359	407	STRONGLY
2962.496791324359	2963.022306415729	126	DISLIKES
2963.022306415729	2964.0396642111577	27	APPETIZERS
2964.0396642111577	2970.846375	99999	sp
2970.846375	2971.1269566888586	443	THOSE
2971.1269566888586	2971.2368399472734	484	WHO
2971.2368399472734	2971.5069566888587	427	TEACH
2971.5069566888587	2972.0269566888587	462	VALUES
2972.0269566888587	2972.346956688859	156	FIRST
2972.346956688859	2972.766063421145	4	ABOLISH
2972.766063421145	2973.0719095189697	87	CHEATING
2973.0719095189697	2980.114875	99999	sp
2980.114875	2980.3148750000005	375	SHE
2980.3148750000005	2980.5548750000003	490	WORE
2980.5548750000003	2980.8748750000004	471	WARM
2980.8748750000004	2981.3248750000002	158	FLEECY
2981.3248750000002	2981.7548750000005	489	WOOLEN
2981.7548750000005	2982.4948750000003	311	OVERALLS
2982.4948750000003	2993.955598380147	99999	sp
2993.955598380147	2994.0810268691484	434	THE
2994.0810268691484	2994.4802178771874	111	CRANBERRY
2994.4802178771874	2995.0481048691718	57	BOG
2995.0481048691718	2995.3453214353685	178	GETS
2995.3453214353685	2995.686294477886	465	VERY
2995.686294477886	2995.9567035346017	340	PRETTY
2995.9567035346017	2996.055686441185	217	IN
2996.055686441185	2996.439345646613	40	AUTUMN
2996.439345646613	3004.1208125	99999	sp
3004.1208125	3004.3306408242192	142	EVEN
3004.3306408242192	3004.516968459215	211	I
3004.516968459215	3005.070640824219	293	OCCASIONALLY
3005.070640824219	3005.2441103870756	177	GET
3005.2441103870756	3005.3106408242193	434	THE
3005.3106408242193	3005.640640824219	265	MONDAY
3005.640640824219	3006.140640824219	56	BLUES
3006.140640824219	3013.753	99999	sp
3013.753	3013.885338115344	210	HOW
3013.885338115344	3014.0728766011484	189	GOOD
3014.0728766011484	3014.2048637547678	224	IS
3014.2048637547678	3014.286251808142	496	YOUR
3014.286251808142	3014.9114265706976	138	ENDURANCE
3014.9114265706976	3025.637849688514	99999	sp
3025.637849688514	3026.060280326087	98	COFFEE
3026.060280326087	3026.192624005373	224	IS
3026.192624005373	3026.3774234690363	198	GROWN
3026.3774234690363	3026.5226604086156	297	ON
3026.5226604086156	3026.879342665897	404	STEEP
3026.879342665897	3027.1726604086157	231	JUNGLE
3027.1726604086157	3027.3422585238136	241	LIKE
3027.3422585238136	3028.1760114967474	390	SLOPES
3028.1760114967474	3028.319381506713	217	IN
3028.319381506713	3028.6546181011095	431	TEMPERATE
3028.6546181011095	3029.2285556263237	497	ZONES
3029.2285556263237	3040.5045625	99999	sp
3040.5045625	3040.6443116064434	76	CAN
3040.6443116064434	3040.73200936963	434	THE
3040.73200936963	3041.148720276956	11	AGENCY
3041.148720276956	3041.7003995728955	88888	OVERFLOW
3041.7003995728955	3042.8971682171123	99999	sp
3042.8971682171123	3043.5001720694445	315	OVERTHROW
3043.5001720694445	3043.892643812449	99999	sp
3043.892643812449	3044.2301720694445	13	ALIEN
3044.2301720694445	3044.9088809605632	162	FORCES
3044.9088809605632	3064.615401189995	99999	sp
3064.615401189995	3065.1029244790884	20	AND
3065.1029244790884	3065.5931834199946	167	FRUCTOSE
3065.5931834199946	3065.677674439461	30	ARE
3065.677674439461	3066.0892700444992	276	NATURAL
3066.0892700444992	3066.620012684059	414	SUGARS
3066.620012684059	3066.7352882074465	433	THAT
3066.7352882074465	3066.858156873131	30	ARE
3066.858156873131	3067.253209702725	163	FOUND
3067.253209702725	3067.364828696823	217	IN
3067.364828696823	3067.6465102134516	168	FRUIT
3067.6465102134516	3074.5944375	99999	sp
3074.5944375	3075.0061081584445	75	CALCIUM
3075.0061081584445	3075.2686718335935	254	MAKES
3075.2686718335935	3075.553384758239	58	BONES
3075.553384758239	3075.6821116186848	20	AND
3075.6821116186848	3075.8561081584444	430	TEETH
3075.8561081584444	3076.22131945374	406	STRONG
3076.22131945374	3084.4444375	99999	sp
3084.4444375	3084.569908354337	476	WE
3084.569908354337	3084.645228876588	30	ARE
3084.645228876588	3084.92716390107	301	OPEN
3084.92716390107	3085.305102253999	145	EVERY
3085.305102253999	3085.74716390107	265	MONDAY
3085.74716390107	3086.21716390107	143	EVENING
3086.21716390107	3094.1475010081685	99999	sp
3094.1475010081685	3094.2216675146587	434	THE
3094.2216675146587	3094.5960195011394	165	FRIGHTENED
3094.5960195011394	3094.9216675146586	89	CHILD
3094.9216675146586	3095.161667514659	472	WAS
3095.161667514659	3095.4684534187195	176	GENTLY
3095.4684534187195	3096.0069828123455	410	SUBDUED
3096.0069828123455	3096.1198962646513	73	BY
3096.1198962646513	3096.305043387844	208	HIS
3096.305043387844	3096.5366566396783	52	BIG
3096.5366566396783	3096.9616741494983	66	BROTHER
3096.9616741494983	3103.8719375	99999	sp
3103.8719375	3104.159142282093	142	EVEN
3104.159142282093	3104.19365202006	1	A
3104.19365202006	3104.5878762241605	383	SIMPLE
3104.5878762241605	3105.279142282093	468	VOCABULARY
3105.279142282093	3105.669142282093	104	CONTAINS
3105.669142282093	3106.289142282093	422	SYMBOLS
3106.289142282093	3115.2570625	99999	sp
3115.2570625	3115.524784335451	354	READING
3115.524784335451	3115.7173780158273	217	IN
3115.7173780158273	3115.950403350376	335	POOR
3115.950403350376	3116.21933794327	240	LIGHT
3116.21933794327	3116.4762061907977	181	GIVES
3116.4762061907977	3116.5865510013555	495	YOU
3116.5865510013555	3117.1431112241503	150	EYESTRAIN
3117.1431112241503	3125.0646875	99999	sp
3125.0646875	3125.623981666327	115	CYCLICAL
3125.623981666327	3126.056478633313	346	PROGRAMS
3126.056478633313	3126.149339176643	485	WILL
3126.149339176643	3126.4795099973726	281	NEVER
3126.4795099973726	3126.99665384407	100	COMPILE
3126.99665384407	3137.6381875	99999	sp
3137.6381875	3137.8037161531456	204	HER
3137.8037161531456	3138.301934282883	470	WARDROBE
3138.301934282883	3138.7814083115813	102	CONSISTS
3138.7814083115813	3138.864646268403	294	OF
3138.864646268403	3139.0846462684026	298	ONLY
3139.0846462684026	3139.557615465157	385	SKIRTS
3139.557615465157	3139.6909949415854	20	AND
3139.6909949415854	3140.5559161714295	54	BLOUSES
3140.5559161714295	3147.075	99999	sp
3147.075	3147.3362025808383	108	COUNT
3147.3362025808383	3147.381841973225	434	THE
3147.381841973225	3147.705733237391	289	NUMBER
3147.705733237391	3147.7983216924345	294	OF
3147.7983216924345	3148.2271982406937	429	TEASPOONS
3148.2271982406937	3148.3098372806367	294	OF
3148.3098372806367	3148.850325536786	395	SOYSAUCE
3148.850325536786	3148.9657332373913	433	THAT
3148.9657332373913	3149.095733237391	495	YOU
3149.095733237391	3149.3657332373914	7	ADD
3149.3657332373914	3157.3520047940942	99999	sp
3157.3520047940942	3157.4279308904793	30	ARE
3157.4279308904793	3157.5672977614504	495	YOU
3157.5672977614504	3157.837930890479	250	LOOKING
3157.837930890479	3158.007651421533	161	FOR
3158.007651421533	3158.4983211786825	136	EMPLOYMENT
3158.4983211786825	3168.1894375	99999	sp
3168.1894375	3168.274753645061	210	HOW
3168.274753645061	3168.462111562089	269	MUCH
3168.462111562089	3168.854753645061	16	ALLOWANCE
3168.854753645061	3168.964753645061	128	DO
3168.964753645061	3169.024753645061	495	YOU
3169.024753645061	3169.214753645061	177	GET
3169.214753645061	3177.603875	99999	sp
3177.603875	3177.73429998415	298	ONLY
3177.73429998415	3177.79052723447	434	THE
3177.79052723447	3178.1042999841497	51	BEST
3178.1042999841497	3178.4874392652173	330	PLAYERS
3178.4874392652173	3178.831718098215	139	ENJOY
3178.831718098215	3179.5142999841496	336	POPULARITY
3179.5142999841496	3188.232458554546	99999	sp
3188.232458554546	3188.9528173816634	44	BAGPIPES
3188.9528173816634	3189.1301361920173	20	AND
3189.1301361920173	3189.517875945765	59	BONGOS
3189.517875945765	3189.6252815100065	30	ARE
3189.6252815100065	3190.09330084952	273	MUSICAL
3190.09330084952	3190.8036113269186	220	INSTRUMENTS
3190.8036113269186	3198.606847407734	99999	sp
3198.606847407734	3198.656387424778	1	A
3198.656387424778	3199.0859742091075	271	MUSCULAR
3199.0859742091075	3199.6110340880805	2	ABDOMEN
3199.6110340880805	3199.7584853257126	224	IS
3199.7584853257126	3199.911196049976	189	GOOD
3199.911196049976	3200.1010340880807	161	FOR
3200.1010340880807	3200.261572100046	496	YOUR
3200.261572100046	3200.7010340880806	43	BACK
3200.7010340880806	3207.1550625	99999	sp
3207.1550625	3207.2832645838675	434	THE
3207.2832645838675	3207.4349284870045	453	TWO
3207.4349284870045	3207.8580004190553	33	ARTISTS
3207.8580004190553	3208.303909947475	147	EXCHANGED
3208.303909947475	3209.146969641552	39	AUTOGRAPHS
3209.146969641552	3216.6509375	99999	sp
3216.6509375	3216.8023706535582	30	ARE
3216.8023706535582	3217.056968421218	496	YOUR
3217.056968421218	3217.413923858529	192	GRADES
3217.413923858529	3217.7249256070404	206	HIGHER
3217.7249256070404	3217.7990917911857	302	OR
3217.7990917911857	3218.1462743291054	251	LOWER
3218.1462743291054	3218.3062743291052	432	THAN
3218.3062743291052	3219.0562743291052	275	NANCY'S
3219.0562743291052	3225.7354375	99999	sp
3225.7354375	3225.8128082872777	434	THE
3225.8128082872777	3226.126079974475	369	ROSE
3226.126079974475	3226.6760336349066	106	CORSAGE
3226.6760336349066	3227.0760336349067	393	SMELLED
3227.0760336349067	3227.3888078548516	421	SWEET
3227.3888078548516	3236.9769375	99999	sp
3236.9769375	3237.193855834582	130	DRAW
3237.193855834582	3237.580517572448	145	EVERY
3237.580517572448	3237.860517572448	308	OUTER
3237.860517572448	3238.101342739084	244	LINE
3238.101342739084	3238.560517572448	156	FIRST
3238.560517572448	3238.7105175724478	436	THEN
3238.7105175724478	3239.050517572448	154	FILL
3239.050517572448	3239.150517572448	217	IN
3239.150517572448	3239.280517572448	434	THE
3239.280517572448	3240.0205175724477	222	INTERIOR
3240.0205175724477	3247.176875	99999	sp
3247.176875	3247.2846365763057	257	MAY
3247.2846365763057	3247.4181201748765	211	I
3247.4181201748765	3247.7146365763056	304	ORDER
3247.7146365763056	3247.7933857572707	1	A
3247.7933857572707	3248.2357952801067	319	PARFAIT
3248.2357952801067	3248.535058289212	10	AFTER
3248.535058289212	3248.667889016732	211	I
3248.667889016732	3248.8615425829225	134	EAT
3248.8615425829225	3249.1946365763056	124	DINNER
3249.1946365763056	3255.0887184522485	99999	sp
3255.0887184522485	3255.1807864459297	476	WE
3255.1807864459297	3255.471362186829	480	WELCOME
3255.471362186829	3255.6974662945286	256	MANY
3255.6974662945286	3255.851362186829	282	NEW
3255.851362186829	3256.301362186829	408	STUDENTS
3256.301362186829	3256.532959602675	132	EACH
3256.532959602675	3256.770840086141	491	YEAR
3256.770840086141	3264.4961875	99999	sp
3264.4961875	3264.828376492403	405	STEVE
3264.828376492403	3265.012468471023	490	WORE
3265.012468471023	3265.0838176801562	1	A
3265.0838176801562	3265.288758483964	65	BRIGHT
3265.288758483964	3265.611450363644	356	RED
3265.611450363644	3266.023610650215	78	CASHMERE
3266.023610650215	3266.391485772233	420	SWEATER
3266.391485772233	3273.79925	99999	sp
3273.79925	3274.16778534613	286	NOTHING
3274.16778534613	3274.498905936308	224	IS
3274.498905936308	3274.9007878301913	34	AS
3274.9007878301913	3275.549726408942	295	OFFENSIVE
3275.549726408942	3275.8812671941587	34	AS
3275.8812671941587	3276.721744542135	219	INNOCENCE
3276.721744542135	3283.4530625	99999	sp
3283.4530625	3283.9549719149754	71	BUTTERSCOTCH
3283.9549719149754	3284.3017855581893	169	FUDGE
3284.3017855581893	3284.5441417174266	186	GOES
3284.5441417174266	3284.7849719149754	481	WELL
3284.7849719149754	3284.9549719149754	487	WITH
3284.9549719149754	3285.3868347796733	463	VANILLA
3285.3868347796733	3285.8103257381704	212	ICE
3285.8103257381704	3286.6249719149755	112	CREAM
3286.6249719149755	3293.305875	99999	sp
3293.305875	3293.6931934714066	46	BARB'S
3293.6931934714066	3293.9487241347138	188	GOLD
3293.9487241347138	3294.2866311763255	63	BRACELET
3294.2866311763255	3294.4789346644297	472	WAS
3294.4789346644297	3294.5928302657876	1	A
3294.5928302657876	3295.189947030114	193	GRADUATION
3295.189947030114	3295.5146533921848	339	PRESENT
3295.5146533921848	3304.2271875	99999	sp
3304.2271875	3304.3932891311815	19	AN
3304.3932891311815	3304.6918404141325	9	ADULT
3304.6918404141325	3305.0318404141326	255	MALE
3305.0318404141326	3305.8518404141328	42	BABOON'S
3305.8518404141328	3306.1518404141325	430	TEETH
3306.1518404141325	3306.331840414133	30	ARE
3306.331840414133	3306.6404476485727	285	NOT
3306.6404476485727	3307.1219063609246	415	SUITABLE
3307.1219063609246	3307.290930643897	161	FOR
3307.290930643897	3307.5718404141326	135	EATING
3307.5718404141326	3308.3202877763933	376	SHELLFISH
3308.3202877763933	3316.626875	99999	sp
3316.626875	3316.740908426816	1	A
3316.740908426816	3317.0672876373405	110	CRAB
3317.0672876373405	3317.4868693221674	85	CHALLENGED
3317.4868693221674	3317.7276012059638	258	ME
3317.7276012059638	3317.8258406408686	70	BUT
3317.8258406408686	3317.956693902981	1	A
3317.956693902981	3318.1363676873257	350	QUICK
3318.1363676873257	3318.6363676873257	402	STAB
3318.6363676873257	3319.1114519114103	464	VANQUISHED
3319.1114519114103	3319.2963676873255	207	HIM
3319.2963676873255	3329.9720625	99999	sp
3329.9720625	3330.3320625	229	JOHN'S
3330.3320625	3330.631958112607	66	BROTHER
3330.631958112607	3331.1195318771884	363	REPAINTED
3331.1195318771884	3331.2012970012843	434	THE
3331.2012970012843	3331.5967023185003	173	GARAGE
3331.5967023185003	3331.8620625000003	129	DOOR
3331.8620625000003	3338.644535819436	99999	sp
3338.644535819436	3338.74120197123	476	WE
3338.74120197123	3338.9632185508117	241	LIKE
3338.9632185508117	3339.1212019712298	55	BLUE
3339.1212019712298	3339.5402901528487	88	CHEESE
3339.5402901528487	3339.6442332659494	70	BUT
3339.6442332659494	3340.0359342387887	466	VICTOR
3340.0359342387887	3340.3211773108987	242	LIKES
3340.3211773108987	3340.50120197123	64	BRIE
3340.50120197123	3354.15	99999	sp
