5.142	5.282	30	ARE
5.282	5.442	496	YOUR
5.442	5.801	192	GRADES
5.801	6.112	206	HIGHER
6.112	6.412	302	OR
6.412	6.862	251	LOWER
6.862	6.982	432	THAN
6.982	7.801	275	NANCY'S
7.801	13.619	99999	sp
13.619	13.889	375	SHE
13.889	14.179	490	WORE
14.179	14.649	471	WARM
14.649	15.252	158	FLEECY
15.252	15.752	489	WOOLEN
15.752	16.662	311	OVERALLS
16.662	22.212	99999	sp
22.212	22.702	354	READING
22.702	22.962	217	IN
22.962	22.992	99999	sp
22.992	23.252	335	POOR
23.252	23.652	240	LIGHT
23.652	23.732	99999	sp
23.732	24.032	181	GIVES
24.032	24.212	495	YOU
24.212	24.962	150	EYESTRAIN
24.962	32.229	99999	sp
32.229	32.581	142	EVEN
32.581	32.892	211	I
32.892	33.441	293	OCCASIONALLY
33.441	33.659	177	GET
33.659	33.761	434	THE
33.761	34.09	265	MONDAY
34.09	34.659	56	BLUES
34.659	43.289	99999	sp
43.289	43.502	476	WE
43.502	43.669	30	ARE
43.669	44.119	301	OPEN
44.119	44.52	145	EVERY
44.52	44.909	265	MONDAY
44.909	45.511	143	EVENING
45.511	55.739	99999	sp
264.022	264.132	30	ARE
264.132	264.302	496	YOUR
264.302	264.721	192	GRADES
264.721	265.232	206	HIGHER
265.232	265.362	302	OR
265.362	265.851	251	LOWER
265.851	266.012	432	THAN
266.012	266.752	275	NANCY'S
266.752	270.661	99999	{NS}
270.661	272.622	99999	{NS}
272.622	272.851	375	SHE
272.851	273.132	490	WORE
273.132	273.572	471	WARM
273.572	274.202	158	FLEECY
274.202	274.651	489	WOOLEN
274.651	275.612	311	OVERALLS
275.612	283.772	99999	{NS}
283.772	284.172	354	READING
284.172	284.192	99999	sp
284.192	284.462	217	IN
284.462	284.471	99999	sp
284.471	284.692	335	POOR
284.692	285.072	240	LIGHT
285.072	285.091	99999	sp
285.091	285.392	181	GIVES
285.392	285.552	495	YOU
285.552	286.291	150	EYESTRAIN
286.291	291.952	99999	{NS}
291.952	292.022	99999	sp
292.022	292.432	142	EVEN
292.432	292.742	211	I
292.742	293.442	293	OCCASIONALLY
293.442	293.702	177	GET
293.702	293.812	434	THE
293.812	294.182	265	MONDAY
294.182	294.781	56	BLUES
294.781	300.702	99999	{NS}
300.702	300.872	476	WE
300.872	301.072	30	ARE
301.072	301.492	301	OPEN
301.492	301.962	145	EVERY
301.962	302.302	265	MONDAY
302.302	302.942	143	EVENING
302.942	314.232	99999	{NS}
462.531	462.721	496	YOUR
462.721	463.192	192	GRADES
463.192	463.651	206	HIGHER
463.651	463.862	302	OR
463.862	464.312	251	LOWER
464.312	464.452	432	THAN
464.452	465.262	275	NANCY'S
465.262	470.052	99999	{NS}
470.052	470.202	99999	sp
470.202	470.312	99999	{NS}
470.312	470.572	375	SHE
470.572	470.851	490	WORE
470.851	471.302	471	WARM
471.302	471.382	99999	sp
471.382	471.962	158	FLEECY
471.962	472.401	489	WOOLEN
472.401	473.272	311	OVERALLS
473.272	473.982	99999	{NS}
473.982	481.882	99999	{NS}
481.882	482.302	354	READING
482.302	482.562	217	IN
482.562	482.582	99999	sp
482.582	482.812	335	POOR
482.812	483.182	240	LIGHT
483.182	483.442	181	GIVES
483.442	483.582	495	YOU
483.582	484.341	150	EYESTRAIN
484.341	485.372	99999	{NS}
485.372	485.401	99999	sp
485.401	492.612	99999	{NS}
492.612	492.962	142	EVEN
492.962	493.242	211	I
493.242	493.841	293	OCCASIONALLY
493.841	494.082	177	GET
494.082	494.161	99999	sp
494.161	494.291	434	THE
494.291	494.612	265	MONDAY
494.612	495.192	56	BLUES
495.192	503.562	99999	{NS}
503.562	503.732	476	WE
503.732	503.911	30	ARE
503.911	504.291	301	OPEN
504.291	504.692	145	EVERY
504.692	505.112	265	MONDAY
505.112	505.712	143	EVENING
505.712	506.841	99999	{NS}
506.841	506.932	99999	sp
506.932	514.37	99999	{NS}
514.37	514.542	99999	sp
514.542	514.87	226	IT'S
514.87	515.142	285	NOT
515.142	515.51	133	EASY
515.51	515.642	446	TO
515.642	516.142	113	CREATE
516.142	516.851	215	ILLUMINATING
516.851	517.721	146	EXAMPLES
517.721	518.572	99999	{NS}
518.572	518.601	99999	sp
518.601	527.052	99999	{NS}
527.052	527.462	270	MUM
527.462	528.091	407	STRONGLY
528.091	528.682	126	DISLIKES
528.682	529.62	27	APPETIZERS
529.62	534.38	99999	{NS}
534.38	534.721	99999	sp
534.721	538.682	99999	{NS}
538.682	539.042	443	THOSE
539.042	539.182	484	WHO
539.182	539.522	427	TEACH
539.522	540.142	462	VALUES
540.142	540.182	99999	sp
540.182	540.63	156	FIRST
540.63	541.182	4	ABOLISH
541.182	541.672	87	CHEATING
541.672	542.74	99999	{NS}
542.74	550.88	99999	{NS}
550.88	551.082	434	THE
551.082	551.75	165	FRIGHTENED
551.75	552.302	89	CHILD
552.302	552.582	472	WAS
552.582	552.932	176	GENTLY
552.932	553.591	410	SUBDUED
553.591	553.832	73	BY
553.832	554.032	208	HIS
554.032	554.272	52	BIG
554.272	554.75	66	BROTHER
554.75	555.611	99999	{NS}
555.611	555.662	99999	sp
555.662	564.522	99999	{NS}
564.522	564.922	142	EVEN
564.922	564.952	1	A
564.952	565.452	383	SIMPLE
565.452	566.272	468	VOCABULARY
566.272	566.851	104	CONTAINS
566.851	567.552	422	SYMBOLS
567.552	576.522	99999	{NS}
576.522	576.812	99999	sp
576.812	576.971	99999	{NS}
576.971	577.0	1	A
577.0	577.412	110	CRAB
577.412	578.032	85	CHALLENGED
578.032	578.332	258	ME
578.332	578.62	99999	sp
578.62	578.802	70	BUT
578.802	578.851	1	A
578.851	579.13	350	QUICK
579.13	579.572	402	STAB
579.572	580.162	464	VANQUISHED
580.162	580.422	207	HIM
580.422	583.0	99999	{NS}
583.0	583.192	99999	sp
583.192	591.229	183	GLUCOSE
591.229	591.429	20	AND
591.429	592.029	167	FRUCTOSE
592.029	592.169	30	ARE
592.169	592.679	276	NATURAL
592.679	593.191	414	SUGARS
593.191	593.229	99999	sp
593.229	593.601	163	FOUND
593.601	593.8	217	IN
593.8	594.22	168	FRUIT
594.22	594.319	99999	sp
594.319	603.692	99999	{NS}
603.692	603.841	99999	sp
603.841	604.082	99999	{NS}
604.082	604.111	30	ARE
604.111	604.242	495	YOU
604.242	604.622	250	LOOKING
604.622	604.872	161	FOR
604.872	605.542	88888	EMPLOYMEN
605.542	611.742	99999	{NS}
611.742	611.802	99999	sp
611.802	613.582	99999	{NS}
613.582	613.672	99999	sp
613.672	614.021	98	COFFEE
614.021	614.422	224	IS
614.422	614.782	198	GROWN
614.782	615.002	297	ON
615.002	615.651	404	STEEP
615.651	615.729	99999	sp
615.729	616.072	231	JUNGLE
616.072	616.369	241	LIKE
616.369	616.929	390	SLOPES
616.929	617.09	217	IN
617.09	617.669	431	TEMPERATE
617.669	618.322	497	ZONES
618.322	620.179	99999	{NS}
620.179	629.109	99999	{NS}
629.109	629.252	99999	sp
629.252	629.469	476	WE
629.469	629.901	480	WELCOME
629.901	630.191	256	MANY
630.191	630.392	282	NEW
630.392	630.962	408	STUDENTS
630.962	631.309	132	EACH
631.309	631.669	491	YEAR
631.669	632.581	99999	{NS}
632.581	640.419	99999	{NS}
640.419	640.462	99999	sp
640.462	640.849	298	ONLY
640.849	640.95	434	THE
640.95	641.322	51	BEST
641.322	641.799	330	PLAYERS
641.799	642.299	139	ENJOY
642.299	643.151	336	POPULARITY
643.151	649.941	99999	{NS}
649.941	651.87	99999	{NS}
651.87	651.9300000000001	99999	sp
651.9300000000001	652.54	75	CALCIUM
652.54	652.822	254	MAKES
652.822	653.302	58	BONES
653.302	653.561	20	AND
653.561	653.962	430	TEETH
653.962	654.001	99999	sp
654.001	654.611	406	STRONG
654.611	655.531	99999	{NS}
655.531	663.492	99999	{NS}
663.492	663.98	286	NOTHING
663.98	664.251	224	IS
664.251	664.531	34	AS
664.531	665.191	295	OFFENSIVE
665.191	665.501	34	AS
665.501	666.212	219	INNOCENCE
666.212	669.9	99999	{NS}
669.9	675.23	99999	{NS}
675.23	675.802	405	STEVE
675.802	675.822	99999	sp
675.822	676.212	490	WORE
676.212	676.242	1	A
676.242	676.691	65	BRIGHT
676.691	677.102	356	RED
677.102	677.73	78	CASHMERE
677.73	678.302	420	SWEATER
678.302	679.322	99999	{NS}
679.322	688.29	99999	{NS}
688.29	688.4	99999	sp
688.4	689.052	46	BARB'S
689.052	689.4	188	GOLD
689.4	690.022	63	BRACELET
690.022	690.191	472	WAS
690.191	690.26	1	A
690.26	691.031	193	GRADUATION
691.031	691.572	339	PRESENT
691.572	699.141	99999	{NS}
699.141	700.992	99999	{NS}
700.992	701.421	130	DRAW
701.421	701.811	145	EVERY
701.811	702.1320000000001	308	OUTER
702.1320000000001	702.492	244	LINE
702.492	703.12	156	FIRST
703.12	703.281	99999	sp
703.281	703.611	436	THEN
703.611	703.891	154	FILL
703.891	704.031	217	IN
704.031	704.15	434	THE
704.15	704.84	222	INTERIOR
704.84	710.602	99999	{NS}
710.602	710.65	99999	sp
710.65	714.5219999999999	99999	{NS}
714.5219999999999	714.681	434	THE
714.681	715.012	475	WATER
715.012	715.681	103	CONTAINED
715.681	715.742	99999	sp
715.742	716.002	448	TOO
716.002	716.242	269	MUCH
716.242	716.842	90	CHLORINE
716.842	717.042	20	AND
717.042	717.2719999999999	409	STUNG
717.2719999999999	717.5219999999999	208	HIS
717.5219999999999	718.042	149	EYES
718.042	720.092	99999	{NS}
720.092	727.1320000000001	99999	{NS}
727.1320000000001	727.422	99999	sp
727.422	727.892	229	JOHN'S
727.892	728.342	66	BROTHER
728.342	729.052	363	REPAINTED
729.052	729.162	434	THE
729.162	729.612	173	GARAGE
729.612	730.102	129	DOOR
730.102	737.452	99999	{NS}
737.452	739.112	99999	{NS}
739.112	739.431	99999	sp
739.431	739.942	84	CHALLENGE
739.942	740.3820000000001	132	EACH
740.3820000000001	740.992	175	GENERAL'S
740.992	741.922	221	INTELLIGENCE
741.922	748.982	99999	{NS}
748.982	751.142	99999	{NS}
751.142	752.032	17	AMBIDEXTROUS
752.032	752.7719999999999	327	PICKPOCKETS
752.7719999999999	753.3820000000001	6	ACCOMPLISH
753.3820000000001	753.681	267	MORE
753.681	762.892	99999	{NS}
762.892	762.992	99999	sp
762.992	763.102	99999	{NS}
763.102	763.1320000000001	1	A
763.1320000000001	763.662	271	MUSCULAR
763.662	764.312	2	ABDOMEN
764.312	764.532	224	IS
764.532	764.762	189	GOOD
764.762	764.972	161	FOR
764.972	765.142	496	YOUR
765.142	765.492	43	BACK
765.492	772.042	99999	{NS}
772.042	773.8820000000001	99999	{NS}
773.8820000000001	773.972	99999	sp
773.972	774.302	438	THEY
774.302	774.662	317	OWN
774.662	774.822	1	A
774.822	775.062	52	BIG
775.062	775.562	209	HOUSE
775.562	775.812	217	IN
775.812	775.8820000000001	434	THE
775.8820000000001	776.292	361	REMOTE
776.292	777.062	109	COUNTRYSIDE
777.062	777.832	99999	{NS}
777.832	785.8720000000001	99999	{NS}
785.8720000000001	786.042	99999	sp
786.042	786.232	434	THE
786.232	786.692	369	ROSE
786.692	787.4010000000001	106	CORSAGE
787.4010000000001	787.822	393	SMELLED
787.822	788.322	421	SWEET
788.322	788.362	99999	sp
788.362	795.172	99999	{NS}
795.172	797.942	99999	{NS}
797.942	798.002	99999	sp
798.002	798.392	433	THAT
798.392	798.412	99999	sp
798.412	799.192	326	PICKPOCKET
799.192	799.392	472	WAS
799.392	799.692	80	CAUGHT
799.692	799.952	356	RED
799.952	800.3820000000001	199	HANDED
800.3820000000001	801.412	99999	{NS}
801.412	809.2719999999999	99999	{NS}
809.2719999999999	809.431	19	AN
809.431	809.912	9	ADULT
809.912	810.262	255	MALE
810.262	810.842	42	BABOON'S
810.842	811.292	430	TEETH
811.292	811.5219999999999	30	ARE
811.5219999999999	811.822	285	NOT
811.822	812.452	415	SUITABLE
812.452	812.6320000000001	161	FOR
812.6320000000001	813.172	135	EATING
813.172	813.982	376	SHELLFISH
813.982	817.912	99999	{NS}
817.912	824.992	99999	{NS}
824.992	825.232	204	HER
825.232	825.842	470	WARDROBE
825.842	826.582	102	CONSISTS
826.582	826.862	294	OF
826.862	827.192	298	ONLY
827.192	827.812	385	SKIRTS
827.812	828.062	20	AND
828.062	828.802	54	BLOUSES
828.802	829.842	99999	{NS}
829.842	838.9010000000001	99999	{NS}
838.9010000000001	839.012	434	THE
839.012	839.2909999999999	453	TWO
839.2909999999999	839.932	33	ARTISTS
839.932	840.812	147	EXCHANGED
840.812	841.6610000000001	39	AUTOGRAPHS
841.6610000000001	849.182	99999	{NS}
849.182	849.392	99999	sp
849.392	851.502	99999	{NS}
851.502	852.242	71	BUTTERSCOTCH
852.242	852.802	169	FUDGE
852.802	852.851	99999	sp
852.851	853.1510000000001	186	GOES
853.1510000000001	853.452	481	WELL
853.452	853.6220000000001	487	WITH
853.6220000000001	853.932	463	VANILLA
853.932	854.3620000000001	212	ICE
854.3620000000001	854.812	112	CREAM
854.812	855.572	99999	{NS}
855.572	855.6220000000001	99999	sp
855.6220000000001	864.332	99999	{NS}
864.332	864.552	99999	sp
864.552	865.052	366	RICH
865.052	865.721	349	PURCHASED
865.721	866.3820000000001	374	SEVERAL
866.3820000000001	866.832	382	SIGNED
866.832	867.742	245	LITHOGRAPHS
867.742	874.7719999999999	99999	{NS}
874.7719999999999	874.9010000000001	99999	sp
874.9010000000001	876.312	99999	{NS}
876.312	876.471	434	THE
876.471	877.101	111	CRANBERRY
877.101	877.582	57	BOG
877.582	877.9110000000001	178	GETS
877.9110000000001	878.2909999999999	465	VERY
878.2909999999999	878.6120000000001	340	PRETTY
878.6120000000001	878.892	217	IN
878.892	879.3820000000001	40	AUTUMN
879.3820000000001	880.422	99999	{NS}
880.422	888.6220000000001	99999	{NS}
888.6220000000001	888.892	210	HOW
888.892	889.1610000000001	128	DO
889.1610000000001	889.721	318	OYSTERS
889.721	889.952	253	MAKE
889.952	890.562	320	PEARLS
890.562	895.1510000000001	99999	{NS}
895.1510000000001	898.3720000000001	99999	{NS}
898.3720000000001	898.482	99999	sp
898.482	898.8620000000001	257	MAY
898.8620000000001	898.892	211	I
898.892	899.3820000000001	304	ORDER
899.3820000000001	899.4110000000001	1	A
899.4110000000001	900.091	319	PARFAIT
900.091	900.492	10	AFTER
900.492	900.6320000000001	211	I
900.6320000000001	900.7719999999999	134	EAT
900.7719999999999	901.142	124	DINNER
901.142	902.1220000000001	99999	{NS}
902.1220000000001	910.341	99999	{NS}
910.341	910.5219999999999	99999	sp
910.5219999999999	910.672	224	IS
910.672	910.812	375	SHE
910.812	911.212	187	GOING
911.212	911.4010000000001	487	WITH
911.4010000000001	911.682	495	YOU
911.682	918.832	99999	{NS}
918.832	918.932	99999	{NS}
918.932	919.142	76	CAN
919.142	919.202	434	THE
919.202	919.9110000000001	11	AGENCY
919.9110000000001	920.6120000000001	315	OVERTHROW
920.6120000000001	921.1510000000001	13	ALIEN
921.1510000000001	921.851	162	FORCES
921.851	922.702	99999	{NS}
922.702	930.562	99999	{NS}
930.562	930.692	1	A
930.692	931.3620000000001	371	SCREWDRIVER
931.3620000000001	931.762	224	IS
931.762	932.1320000000001	252	MADE
932.1320000000001	932.312	166	FROM
932.312	932.672	469	VODKA
932.672	933.062	20	AND
933.062	933.531	303	ORANGE
933.531	934.012	230	JUICE
934.012	940.822	99999	{NS}
940.822	942.712	99999	{NS}
942.712	942.962	210	HOW
942.962	943.212	269	MUCH
943.212	943.8620000000001	16	ALLOWANCE
943.8620000000001	944.002	128	DO
944.002	944.2719999999999	495	YOU
944.2719999999999	944.6320000000001	177	GET
944.6320000000001	944.682	99999	sp
944.682	950.992	99999	{NS}
950.992	952.841	99999	{NS}
952.841	953.0409999999999	99999	sp
953.0409999999999	953.682	115	CYCLICAL
953.682	954.4010000000001	346	PROGRAMS
954.4010000000001	954.512	485	WILL
954.512	954.841	281	NEVER
954.841	955.512	100	COMPILE
955.512	958.341	99999	{NS}
958.341	963.6320000000001	99999	{NS}
963.6320000000001	963.832	434	THE
963.832	964.452	61	BOSTON
964.452	964.992	45	BALLET
964.992	965.692	312	OVERCAME
965.692	965.851	435	THEIR
965.851	966.2719999999999	170	FUNDING
966.2719999999999	966.932	380	SHORTAGE
966.932	975.3620000000001	99999	{NS}
975.3620000000001	975.462	99999	sp
975.462	975.562	99999	{NS}
975.562	975.952	145	EVERY
975.952	976.3820000000001	74	CAB
976.3820000000001	976.742	280	NEEDS
976.742	977.432	364	REPAINTING
977.432	978.0409999999999	296	OFTEN
978.0409999999999	986.202	99999	{NS}
986.202	988.242	99999	{NS}
988.242	988.6120000000001	203	HELP
988.6120000000001	988.642	99999	sp
988.642	989.052	196	GREG
989.052	989.072	99999	sp
989.072	989.2719999999999	446	TO
989.2719999999999	989.562	325	PICK
989.562	989.702	1	A
989.702	990.002	321	PECK
990.002	990.1510000000001	294	OF
990.1510000000001	990.922	338	POTATOES
990.922	991.732	99999	{NS}
991.732	999.952	99999	{NS}
999.952	999.992	99999	sp
999.992	1000.192	476	WE
1000.192	1000.512	241	LIKE
1000.512	1000.702	55	BLUE
1000.702	1001.2719999999999	88	CHEESE
1001.2719999999999	1001.582	70	BUT
1001.582	1001.9010000000001	466	VICTOR
1001.9010000000001	1002.2719999999999	242	LIKES
1002.2719999999999	1002.692	64	BRIE
1002.692	1011.031	99999	{NS}
1011.031	1011.192	99999	sp
1011.192	1011.281	99999	{NS}
1011.281	1011.601	108	COUNT
1011.601	1011.732	434	THE
1011.732	1012.101	289	NUMBER
1012.101	1012.202	294	OF
1012.202	1012.851	429	TEASPOONS
1012.851	1012.9110000000001	294	OF
1012.9110000000001	1013.591	395	SOYSAUCE
1013.591	1013.702	433	THAT
1013.702	1013.942	495	YOU
1013.942	1014.302	7	ADD
1014.302	1021.591	99999	{NS}
1021.591	1021.6610000000001	99999	sp
1021.6610000000001	1023.702	99999	{NS}
1023.702	1024.462	44	BAGPIPES
1024.462	1024.772	20	AND
1024.772	1025.362	59	BONGOS
1025.362	1025.522	30	ARE
1025.522	1026.062	273	MUSICAL
1026.062	1026.922	220	INSTRUMENTS
1026.922	1033.932	99999	{NS}
1033.932	1035.862	99999	{NS}
1035.862	1036.091	210	HOW
1036.091	1036.502	189	GOOD
1036.502	1036.781	224	IS
1036.781	1036.952	496	YOUR
1036.952	1037.791	138	ENDURANCE
1037.791	1056.512	99999	{NS}
1582.221	1582.262	99999	sp
1582.262	1582.382	30	ARE
1582.382	1582.5819999999999	496	YOUR
1582.5819999999999	1582.971	192	GRADES
1582.971	1583.562	206	HIGHER
1583.562	1583.692	302	OR
1583.692	1584.212	251	LOWER
1584.212	1584.382	432	THAN
1584.382	1585.101	275	NANCY'S
1585.101	1586.101	99999	{NS}
1586.101	1590.5819999999999	99999	{NS}
1590.5819999999999	1590.841	375	SHE
1590.841	1591.132	490	WORE
1591.132	1591.591	471	WARM
1591.591	1592.151	158	FLEECY
1592.151	1592.5720000000001	489	WOOLEN
1592.5720000000001	1593.372	311	OVERALLS
1593.372	1594.172	99999	{NS}
1594.172	1601.732	99999	{NS}
1601.732	1601.8319999999999	99999	sp
1601.8319999999999	1602.341	354	READING
1602.341	1602.591	217	IN
1602.591	1602.622	99999	sp
1602.622	1602.872	335	POOR
1602.872	1603.182	240	LIGHT
1603.182	1603.591	181	GIVES
1603.591	1603.752	495	YOU
1603.752	1604.5720000000001	150	EYESTRAIN
1604.5720000000001	1613.762	99999	{NS}
1613.762	1613.8319999999999	99999	{NS}
1613.8319999999999	1614.182	142	EVEN
1614.182	1614.432	211	I
1614.432	1615.3020000000001	293	OCCASIONALLY
1615.3020000000001	1615.601	177	GET
1615.601	1615.712	434	THE
1615.712	1616.091	265	MONDAY
1616.091	1616.732	56	BLUES
1616.732	1617.531	99999	{NS}
1617.531	1625.622	99999	{NS}
1625.622	1625.772	476	WE
1625.772	1625.962	30	ARE
1625.962	1626.392	301	OPEN
1626.392	1626.772	145	EVERY
1626.772	1627.401	88888	MONDAIM
1627.401	1627.942	143	EVENING
1627.942	1628.992	99999	{NS}
1628.992	1637.132	99999	{NS}
1637.132	1637.422	226	IT'S
1637.422	1637.661	285	NOT
1637.661	1638.022	133	EASY
1638.022	1638.161	446	TO
1638.161	1638.601	113	CREATE
1638.601	1639.3220000000001	215	ILLUMINATING
1639.3220000000001	1640.202	146	EXAMPLES
1640.202	1646.8020000000001	99999	{NS}
1646.8020000000001	1648.5819999999999	99999	{NS}
1648.5819999999999	1648.952	270	MUM
1648.952	1649.5819999999999	407	STRONGLY
1649.5819999999999	1650.192	126	DISLIKES
1650.192	1651.202	27	APPETIZERS
1651.202	1652.132	99999	{NS}
1652.132	1659.8020000000001	99999	{NS}
1659.8020000000001	1659.8319999999999	99999	sp
1659.8319999999999	1660.312	443	THOSE
1660.312	1660.452	484	WHO
1660.452	1660.791	427	TEACH
1660.791	1661.442	462	VALUES
1661.442	1661.8220000000001	156	FIRST
1661.8220000000001	1662.442	4	ABOLISH
1662.442	1662.971	87	CHEATING
1662.971	1666.022	99999	{NS}
1666.022	1671.712	99999	{NS}
1671.712	1671.851	434	THE
1671.851	1672.432	165	FRIGHTENED
1672.432	1672.901	89	CHILD
1672.901	1673.142	472	WAS
1673.142	1673.512	176	GENTLY
1673.512	1674.101	410	SUBDUED
1674.101	1674.362	73	BY
1674.362	1674.601	208	HIS
1674.601	1674.841	52	BIG
1674.841	1675.362	66	BROTHER
1675.362	1684.8319999999999	99999	{NS}
1684.8319999999999	1685.0	99999	{NS}
1685.0	1685.392	142	EVEN
1685.392	1685.49	1	A
1685.49	1686.022	383	SIMPLE
1686.022	1686.942	468	VOCABULARY
1686.942	1687.51	104	CONTAINS
1687.51	1688.25	422	SYMBOLS
1688.25	1697.471	99999	{NS}
1697.471	1697.962	99999	{NS}
1697.962	1697.99	1	A
1697.99	1698.1109999999999	110	CRAB
1698.1109999999999	1698.682	85	CHALLENGED
1698.682	1699.0320000000002	258	ME
1699.0320000000002	1699.091	99999	sp
1699.091	1699.5	70	BUT
1699.5	1699.5320000000002	1	A
1699.5320000000002	1699.8609999999999	350	QUICK
1699.8609999999999	1700.351	402	STAB
1700.351	1700.37	99999	sp
1700.37	1700.892	464	VANQUISHED
1700.892	1701.231	207	HIM
1701.231	1702.01	99999	{NS}
1702.01	1710.812	99999	{NS}
1710.812	1711.481	183	GLUCOSE
1711.481	1711.702	20	AND
1711.702	1712.3609999999999	167	FRUCTOSE
1712.3609999999999	1712.591	30	ARE
1712.591	1713.0520000000001	276	NATURAL
1713.0520000000001	1713.63	414	SUGARS
1713.63	1714.022	163	FOUND
1714.022	1714.231	217	IN
1714.231	1714.63	168	FRUIT
1714.63	1725.202	99999	{NS}
1725.202	1725.422	99999	{NS}
1725.422	1725.452	30	ARE
1725.452	1725.5819999999999	495	YOU
1725.5819999999999	1725.952	250	LOOKING
1725.952	1726.182	161	FOR
1726.182	1726.8220000000001	88888	EMPLOYMEN
1726.8220000000001	1727.892	99999	{NS}
1727.892	1735.152	99999	{NS}
1735.152	1735.5520000000001	98	COFFEE
1735.5520000000001	1735.981	224	IS
1735.981	1736.412	198	GROWN
1736.412	1736.682	297	ON
1736.682	1737.221	404	STEEP
1737.221	1737.672	231	JUNGLE
1737.672	1737.922	241	LIKE
1737.922	1738.481	390	SLOPES
1738.481	1738.731	217	IN
1738.731	1739.26	431	TEMPERATE
1739.26	1739.87	497	ZONES
1739.87	1741.8020000000001	99999	{NS}
1741.8020000000001	1741.87	99999	sp
1741.87	1749.0	99999	{NS}
1749.0	1750.921	99999	sp
1750.921	1751.129	476	WE
1751.129	1751.482	480	WELCOME
1751.482	1751.861	256	MANY
1751.861	1752.049	282	NEW
1752.049	1752.649	408	STUDENTS
1752.649	1753.032	132	EACH
1753.032	1753.462	491	YEAR
1753.462	1762.759	99999	{NS}
1762.759	1762.979	99999	{NS}
1762.979	1763.279	298	ONLY
1763.279	1763.389	434	THE
1763.389	1763.789	51	BEST
1763.789	1764.309	330	PLAYERS
1764.309	1764.8	139	ENJOY
1764.8	1765.712	336	POPULARITY
1765.712	1766.292	99999	{NS}
1766.292	1774.082	99999	{NS}
1774.082	1774.202	99999	sp
1774.202	1774.852	75	CALCIUM
1774.852	1775.142	254	MAKES
1775.142	1775.642	58	BONES
1775.642	1775.931	20	AND
1775.931	1776.262	430	TEETH
1776.262	1776.931	406	STRONG
1776.931	1778.091	99999	{NS}
1778.091	1786.039	99999	{NS}
1786.039	1786.081	99999	sp
1786.081	1786.651	286	NOTHING
1786.651	1786.849	224	IS
1786.849	1787.081	34	AS
1787.081	1787.77	295	OFFENSIVE
1787.77	1788.081	34	AS
1788.081	1788.869	219	INNOCENCE
1788.869	1789.909	99999	{NS}
1789.909	1797.651	99999	{NS}
1797.651	1798.09	88888	SH
1798.09	1798.179	99999	sp
1798.179	1798.761	405	STEVE
1798.761	1799.099	490	WORE
1799.099	1799.13	1	A
1799.13	1799.52	65	BRIGHT
1799.52	1799.95	356	RED
1799.95	1800.401	78	CASHMERE
1800.401	1800.909	420	SWEATER
1800.909	1807.729	99999	{NS}
1807.729	1809.691	99999	{NS}
1809.691	1809.761	99999	sp
1809.761	1810.252	46	BARB'S
1810.252	1810.5720000000001	188	GOLD
1810.5720000000001	1811.142	63	BRACELET
1811.142	1811.3220000000001	472	WAS
1811.3220000000001	1811.38	1	A
1811.38	1812.099	193	GRADUATION
1812.099	1812.651	339	PRESENT
1812.651	1821.831	99999	{NS}
1821.831	1822.23	99999	{NS}
1822.23	1822.3220000000001	130	DRAW
1822.3220000000001	1822.662	145	EVERY
1822.662	1823.04	308	OUTER
1823.04	1823.462	244	LINE
1823.462	1824.12	156	FIRST
1824.12	1824.421	99999	sp
1824.421	1824.76	436	THEN
1824.76	1825.031	154	FILL
1825.031	1825.18	217	IN
1825.18	1825.3220000000001	434	THE
1825.3220000000001	1825.992	222	INTERIOR
1825.992	1833.471	99999	{NS}
1833.471	1833.781	99999	sp
1833.781	1835.671	99999	{NS}
1835.671	1835.831	434	THE
1835.831	1836.132	475	WATER
1836.132	1836.882	103	CONTAINED
1836.882	1836.9	99999	sp
1836.9	1837.2	448	TOO
1837.2	1837.441	269	MUCH
1837.441	1838.052	90	CHLORINE
1838.052	1838.281	20	AND
1838.281	1838.5720000000001	409	STUNG
1838.5720000000001	1838.852	208	HIS
1838.852	1839.4	149	EYES
1839.4	1849.15	99999	{NS}
1849.15	1849.311	99999	{NS}
1849.311	1849.811	229	JOHN'S
1849.811	1850.272	66	BROTHER
1850.272	1850.87	363	REPAINTED
1850.87	1850.962	434	THE
1850.962	1851.471	173	GARAGE
1851.471	1851.9	129	DOOR
1851.9	1860.662	99999	{NS}
1860.662	1860.79	99999	{NS}
1860.79	1861.302	84	CHALLENGE
1861.302	1861.751	132	EACH
1861.751	1862.352	175	GENERAL'S
1862.352	1863.34	221	INTELLIGENCE
1863.34	1865.272	99999	{NS}
1865.272	1865.421	99999	sp
1865.421	1872.111	99999	{NS}
1872.111	1872.221	99999	sp
1872.221	1873.171	17	AMBIDEXTROUS
1873.171	1873.971	327	PICKPOCKETS
1873.971	1874.721	6	ACCOMPLISH
1874.721	1875.09	267	MORE
1875.09	1875.781	99999	{NS}
1875.781	1883.782	99999	{NS}
1883.782	1883.922	1	A
1883.922	1884.562	271	MUSCULAR
1884.562	1885.272	2	ABDOMEN
1885.272	1885.462	224	IS
1885.462	1885.681	189	GOOD
1885.681	1885.912	161	FOR
1885.912	1886.052	496	YOUR
1886.052	1886.392	43	BACK
1886.392	1887.632	99999	{NS}
1887.632	1895.312	99999	{NS}
1895.312	1895.681	99999	sp
1895.681	1895.922	438	THEY
1895.922	1896.222	317	OWN
1896.222	1896.352	1	A
1896.352	1896.612	52	BIG
1896.612	1896.622	99999	sp
1896.622	1897.151	209	HOUSE
1897.151	1897.302	217	IN
1897.302	1897.372	434	THE
1897.372	1897.792	361	REMOTE
1897.792	1898.562	109	COUNTRYSIDE
1898.562	1906.722	99999	{NS}
1906.722	1906.892	99999	sp
1906.892	1906.962	99999	{NS}
1906.962	1907.052	434	THE
1907.052	1907.502	369	ROSE
1907.502	1908.222	106	CORSAGE
1908.222	1908.812	393	SMELLED
1908.812	1909.3319999999999	421	SWEET
1909.3319999999999	1909.382	99999	sp
1909.382	1910.422	99999	{NS}
1910.422	1918.192	99999	{NS}
1918.192	1918.362	99999	sp
1918.362	1918.772	433	THAT
1918.772	1918.812	99999	sp
1918.812	1919.5720000000001	326	PICKPOCKET
1919.5720000000001	1919.772	472	WAS
1919.772	1920.132	80	CAUGHT
1920.132	1920.362	356	RED
1920.362	1920.862	199	HANDED
1920.862	1927.422	99999	{NS}
1927.422	1929.312	99999	{NS}
1929.312	1929.512	19	AN
1929.512	1929.972	9	ADULT
1929.972	1930.302	255	MALE
1930.302	1930.972	42	BABOON'S
1930.972	1931.401	430	TEETH
1931.401	1931.632	30	ARE
1931.632	1931.982	285	NOT
1931.982	1932.5720000000001	415	SUITABLE
1932.5720000000001	1932.792	161	FOR
1932.792	1933.302	135	EATING
1933.302	1934.192	376	SHELLFISH
1934.192	1942.792	99999	{NS}
1942.792	1944.681	99999	{NS}
1944.681	1944.901	204	HER
1944.901	1945.512	470	WARDROBE
1945.512	1946.232	102	CONSISTS
1946.232	1946.442	294	OF
1946.442	1946.802	298	ONLY
1946.802	1947.392	385	SKIRTS
1947.392	1947.632	20	AND
1947.632	1948.412	54	BLOUSES
1948.412	1956.952	99999	{NS}
1956.952	1957.0819999999999	99999	sp
1957.0819999999999	1957.892	99999	{NS}
1957.892	1958.132	99999	sp
1958.132	1958.302	434	THE
1958.302	1958.632	453	TWO
1958.632	1959.312	33	ARTISTS
1959.312	1960.132	147	EXCHANGED
1960.132	1960.181	99999	sp
1960.181	1961.181	88888	PHOTOGRAPHS
1961.181	1962.362	99999	sp
1962.362	1963.122	39	AUTOGRAPHS
1963.122	1972.651	99999	{NS}
1972.651	1974.612	99999	{NS}
1974.612	1975.392	71	BUTTERSCOTCH
1975.392	1976.002	169	FUDGE
1976.002	1976.172	99999	sp
1976.172	1976.422	186	GOES
1976.422	1976.782	481	WELL
1976.782	1976.982	487	WITH
1976.982	1977.282	463	VANILLA
1977.282	1977.732	212	ICE
1977.732	1978.162	112	CREAM
1978.162	1978.8220000000001	99999	{NS}
1978.8220000000001	1988.0819999999999	99999	{NS}
1988.0819999999999	1988.462	366	RICH
1988.462	1989.162	349	PURCHASED
1989.162	1989.702	374	SEVERAL
1989.702	1990.172	382	SIGNED
1990.172	1991.062	245	LITHOGRAPHS
1991.062	1991.542	99999	{NS}
1991.542	1999.552	99999	{NS}
1999.552	1999.5720000000001	99999	sp
1999.5720000000001	1999.931	24	ANY
1999.931	2000.862	105	CONTRIBUTIONS
2000.862	2001.012	485	WILL
2001.012	2001.142	47	BE
2001.142	2001.562	195	GREATLY
2001.562	2002.002	88888	ACCEP
2002.002	2002.222	99999	sp
2002.222	2003.102	28	APPRECIATED
2003.102	2011.401	99999	{NS}
2011.401	2011.422	99999	sp
2011.422	2013.382	99999	{NS}
2013.382	2013.5720000000001	434	THE
2013.5720000000001	2014.272	111	CRANBERRY
2014.272	2014.752	57	BOG
2014.752	2015.112	178	GETS
2015.112	2015.512	465	VERY
2015.512	2015.841	340	PRETTY
2015.841	2016.101	217	IN
2016.101	2016.632	40	AUTUMN
2016.632	2017.161	99999	{NS}
2017.161	2025.172	99999	{NS}
2025.172	2025.362	210	HOW
2025.362	2025.642	128	DO
2025.642	2026.221	318	OYSTERS
2026.221	2026.442	253	MAKE
2026.442	2027.091	320	PEARLS
2027.091	2032.612	99999	{NS}
2032.612	2034.591	99999	{NS}
2034.591	2034.712	99999	sp
2034.712	2035.0720000000001	257	MAY
2035.0720000000001	2035.122	211	I
2035.122	2035.432	304	ORDER
2035.432	2035.482	1	A
2035.482	2036.0520000000001	319	PARFAIT
2036.0520000000001	2036.372	10	AFTER
2036.372	2036.531	211	I
2036.531	2036.672	134	EAT
2036.672	2037.031	124	DINNER
2037.031	2043.932	99999	{NS}
2043.932	2045.812	99999	{NS}
2045.812	2045.982	224	IS
2045.982	2046.132	375	SHE
2046.132	2046.522	187	GOING
2046.522	2046.732	487	WITH
2046.732	2047.022	495	YOU
2047.022	2054.242	99999	{NS}
2054.242	2054.432	99999	sp
2054.432	2054.531	99999	{NS}
2054.531	2054.712	76	CAN
2054.712	2054.781	434	THE
2054.781	2055.482	11	AGENCY
2055.482	2056.132	315	OVERTHROW
2056.132	2056.672	13	ALIEN
2056.672	2057.362	162	FORCES
2057.362	2064.401	99999	{NS}
2064.401	2066.242	99999	{NS}
2066.242	2066.312	99999	sp
2066.312	2066.401	1	A
2066.401	2067.072	371	SCREWDRIVER
2067.072	2067.471	224	IS
2067.471	2067.841	252	MADE
2067.841	2068.041	166	FROM
2068.041	2068.401	469	VODKA
2068.401	2068.791	20	AND
2068.791	2069.151	303	ORANGE
2069.151	2069.772	230	JUICE
2069.772	2077.192	99999	{NS}
2077.192	2079.022	99999	{NS}
2079.022	2079.122	99999	sp
2079.122	2079.341	210	HOW
2079.341	2079.572	269	MUCH
2079.572	2080.272	16	ALLOWANCE
2080.272	2080.452	128	DO
2080.452	2080.591	495	YOU
2080.591	2080.922	177	GET
2080.922	2088.822	99999	{NS}
2088.822	2088.992	99999	{NS}
2088.992	2089.601	115	CYCLICAL
2089.601	2090.262	346	PROGRAMS
2090.262	2090.411	485	WILL
2090.411	2090.712	281	NEVER
2090.712	2091.362	100	COMPILE
2091.362	2091.812	99999	{NS}
2091.812	2098.841	99999	{NS}
2098.841	2098.952	434	THE
2098.952	2099.482	61	BOSTON
2099.482	2100.012	45	BALLET
2100.012	2100.702	312	OVERCAME
2100.702	2100.841	435	THEIR
2100.841	2101.252	170	FUNDING
2101.252	2101.911	380	SHORTAGE
2101.911	2109.702	99999	{NS}
2109.702	2109.832	99999	sp
2109.832	2109.952	99999	{NS}
2109.952	2110.312	145	EVERY
2110.312	2110.802	74	CAB
2110.802	2111.122	280	NEEDS
2111.122	2111.762	364	REPAINTING
2111.762	2112.382	296	OFTEN
2112.382	2118.161	99999	{NS}
2118.161	2120.082	99999	{NS}
2120.082	2120.411	203	HELP
2120.411	2120.422	99999	sp
2120.422	2120.822	196	GREG
2120.822	2121.041	446	TO
2121.041	2121.322	325	PICK
2121.322	2121.471	1	A
2121.471	2121.742	321	PECK
2121.742	2121.862	294	OF
2121.862	2122.552	338	POTATOES
2122.552	2124.822	99999	{NS}
2124.822	2130.841	99999	{NS}
2130.841	2131.082	476	WE
2131.082	2131.401	241	LIKE
2131.401	2131.612	55	BLUE
2131.612	2132.252	88	CHEESE
2132.252	2132.322	99999	sp
2132.322	2132.522	70	BUT
2132.522	2132.841	466	VICTOR
2132.841	2133.252	242	LIKES
2133.252	2133.672	64	BRIE
2133.672	2141.952	99999	{NS}
2141.952	2142.022	99999	sp
2142.022	2142.101	99999	{NS}
2142.101	2142.452	108	COUNT
2142.452	2142.562	434	THE
2142.562	2142.992	289	NUMBER
2142.992	2143.132	294	OF
2143.132	2143.752	429	TEASPOONS
2143.752	2143.822	294	OF
2143.822	2144.442	395	SOYSAUCE
2144.442	2144.562	433	THAT
2144.562	2144.752	495	YOU
2144.752	2145.142	7	ADD
2145.142	2145.872	99999	{NS}
2145.872	2154.002	99999	{NS}
2154.002	2154.151	99999	sp
2154.151	2154.901	44	BAGPIPES
2154.901	2155.151	20	AND
2155.151	2155.772	59	BONGOS
2155.772	2155.932	30	ARE
2155.932	2156.422	273	MUSICAL
2156.422	2157.281	220	INSTRUMENTS
2157.281	2163.971	99999	{NS}
2163.971	2166.041	99999	{NS}
2166.041	2166.332	210	HOW
2166.332	2166.721	189	GOOD
2166.721	2166.962	224	IS
2166.962	2167.082	496	YOUR
2167.082	2167.971	138	ENDURANCE
2167.971	2168.832	99999	{NS}
2168.832	2187.132	99999	{NS}
2779.041	2779.862	99999	{NS}
2779.862	2791.952	99999	{NS}
2791.952	2791.971	99999	sp
2791.971	2792.112	30	ARE
2792.112	2792.302	496	YOUR
2792.302	2792.682	192	GRADES
2792.682	2792.721	99999	sp
2792.721	2793.172	206	HIGHER
2793.172	2793.372	302	OR
2793.372	2793.822	251	LOWER
2793.822	2794.012	432	THAN
2794.012	2794.812	275	NANCY'S
2794.812	2802.022	99999	{NS}
2802.022	2803.742	99999	{NS}
2803.742	2803.892	99999	sp
2803.892	2804.182	375	SHE
2804.182	2804.442	490	WORE
2804.442	2804.901	471	WARM
2804.901	2805.482	158	FLEECY
2805.482	2805.932	489	WOOLEN
2805.932	2806.781	311	OVERALLS
2806.781	2813.702	99999	{NS}
2813.702	2815.502	99999	{NS}
2815.502	2815.541	99999	sp
2815.541	2816.012	354	READING
2816.012	2816.312	217	IN
2816.312	2816.341	99999	sp
2816.341	2816.552	335	POOR
2816.552	2816.862	240	LIGHT
2816.862	2817.242	181	GIVES
2817.242	2817.452	495	YOU
2817.452	2818.272	150	EYESTRAIN
2818.272	2826.452	99999	{NS}
2826.452	2826.661	99999	{NS}
2826.661	2826.942	142	EVEN
2826.942	2827.221	211	I
2827.221	2828.031	293	OCCASIONALLY
2828.031	2828.262	177	GET
2828.262	2828.351	434	THE
2828.351	2828.752	265	MONDAY
2828.752	2829.302	56	BLUES
2829.302	2836.281	99999	{NS}
2836.281	2838.112	99999	{NS}
2838.112	2838.312	476	WE
2838.312	2838.492	30	ARE
2838.492	2838.872	301	OPEN
2838.872	2839.332	145	EVERY
2839.332	2839.692	265	MONDAY
2839.692	2840.382	143	EVENING
2840.382	2848.62	99999	{NS}
2848.62	2848.832	99999	{NS}
2848.832	2849.101	226	IT'S
2849.101	2849.37	285	NOT
2849.37	2849.76	133	EASY
2849.76	2849.892	446	TO
2849.892	2850.37	113	CREATE
2850.37	2851.172	215	ILLUMINATING
2851.172	2852.072	146	EXAMPLES
2852.072	2860.772	99999	{NS}
2860.772	2861.312	99999	{NS}
2861.312	2861.38	99999	sp
2861.38	2861.802	270	MUM
2861.802	2862.422	407	STRONGLY
2862.422	2863.082	126	DISLIKES
2863.082	2864.13	27	APPETIZERS
2864.13	2870.721	99999	{NS}
2870.721	2872.462	99999	{NS}
2872.462	2872.591	99999	sp
2872.591	2873.052	443	THOSE
2873.052	2873.091	99999	sp
2873.091	2873.221	484	WHO
2873.221	2873.591	427	TEACH
2873.591	2874.312	462	VALUES
2874.312	2874.351	99999	sp
2874.351	2874.861	156	FIRST
2874.861	2875.462	4	ABOLISH
2875.462	2876.052	87	CHEATING
2876.052	2883.471	99999	{NS}
2883.471	2885.322	99999	{NS}
2885.322	2885.49	99999	sp
2885.49	2885.642	434	THE
2885.642	2886.192	165	FRIGHTENED
2886.192	2886.692	89	CHILD
2886.692	2887.082	472	WAS
2887.082	2887.452	176	GENTLY
2887.452	2888.091	410	SUBDUED
2888.091	2888.322	73	BY
2888.322	2888.542	208	HIS
2888.542	2888.75	52	BIG
2888.75	2889.2309999999998	66	BROTHER
2889.2309999999998	2899.922	99999	{NS}
2899.922	2900.142	99999	{NS}
2900.142	2900.462	142	EVEN
2900.462	2900.572	1	A
2900.572	2901.062	383	SIMPLE
2901.062	2901.922	468	VOCABULARY
2901.922	2902.452	104	CONTAINS
2902.452	2903.13	422	SYMBOLS
2903.13	2903.75	99999	{NS}
2903.75	2911.682	99999	{NS}
2911.682	2911.832	1	A
2911.832	2912.26	110	CRAB
2912.26	2912.902	85	CHALLENGED
2912.902	2913.192	258	ME
2913.192	2913.452	99999	sp
2913.452	2913.63	70	BUT
2913.63	2913.672	1	A
2913.672	2913.962	350	QUICK
2913.962	2915.0	402	STAB
2915.0	2915.382	88888	TIM
2915.382	2922.722	99999	sp
2922.722	2924.429	99999	{NS}
2924.429	2924.691	99999	sp
2924.691	2925.259	183	GLUCOSE
2925.259	2925.509	20	AND
2925.509	2926.162	167	FRUCTOSE
2926.162	2926.319	30	ARE
2926.319	2926.819	276	NATURAL
2926.819	2927.38	414	SUGARS
2927.38	2927.412	99999	sp
2927.412	2927.809	163	FOUND
2927.809	2928.009	217	IN
2928.009	2928.521	168	FRUIT
2928.521	2937.752	99999	{NS}
2937.752	2937.992	99999	{NS}
2937.992	2938.021	30	ARE
2938.021	2938.181	495	YOU
2938.181	2938.521	250	LOOKING
2938.521	2938.752	161	FOR
2938.752	2939.412	88888	EMPLOYMEN
2939.412	2940.642	99999	{NS}
2940.642	2947.599	99999	{NS}
2947.599	2947.659	99999	sp
2947.659	2947.989	98	COFFEE
2947.989	2948.401	224	IS
2948.401	2948.822	198	GROWN
2948.822	2949.059	297	ON
2949.059	2949.539	404	STEEP
2949.539	2949.989	231	JUNGLE
2949.989	2950.261	241	LIKE
2950.261	2950.77	390	SLOPES
2950.77	2950.989	217	IN
2950.989	2951.45	431	TEMPERATE
2951.45	2951.962	497	ZONES
2951.962	2960.059	99999	{NS}
2960.059	2960.109	99999	sp
2960.109	2961.752	99999	{NS}
2961.752	2961.919	99999	sp
2961.919	2962.119	476	WE
2962.119	2962.52	480	WELCOME
2962.52	2962.799	256	MANY
2962.799	2963.099	282	NEW
2963.099	2963.669	408	STUDENTS
2963.669	2964.039	132	EACH
2964.039	2964.45	491	YEAR
2964.45	2965.719	99999	{NS}
2965.719	2973.289	99999	{NS}
2973.289	2973.679	298	ONLY
2973.679	2973.799	434	THE
2973.799	2974.179	51	BEST
2974.179	2974.712	330	PLAYERS
2974.712	2975.2	139	ENJOY
2975.2	2976.142	336	POPULARITY
2976.142	2984.12	99999	{NS}
2984.12	2984.272	99999	{NS}
2984.272	2984.802	75	CALCIUM
2984.802	2985.111	254	MAKES
2985.111	2985.59	58	BONES
2985.59	2985.822	20	AND
2985.822	2986.2	430	TEETH
2986.2	2986.251	99999	sp
2986.251	2986.811	406	STRONG
2986.811	2987.441	99999	{NS}
2987.441	2987.62	99999	sp
2987.62	2995.031	99999	{NS}
2995.031	2995.141	99999	sp
2995.141	2995.721	286	NOTHING
2995.721	2995.95	224	IS
2995.95	2996.221	34	AS
2996.221	2996.962	295	OFFENSIVE
2996.962	2997.302	34	AS
2997.302	2998.132	219	INNOCENCE
2998.132	3005.781	99999	{NS}
3005.781	3005.87	99999	sp
3005.87	3007.76	99999	{NS}
3007.76	3008.361	405	STEVE
3008.361	3008.382	99999	sp
3008.382	3008.751	490	WORE
3008.751	3008.84	1	A
3008.84	3009.281	65	BRIGHT
3009.281	3009.602	356	RED
3009.602	3010.281	78	CASHMERE
3010.281	3010.822	420	SWEATER
3010.822	3013.581	99999	{NS}
3013.581	3013.802	99999	sp
3013.802	3019.73	99999	{NS}
3019.73	3019.76	99999	sp
3019.76	3020.23	46	BARB'S
3020.23	3020.611	188	GOLD
3020.611	3021.281	63	BRACELET
3021.281	3021.43	472	WAS
3021.43	3021.492	1	A
3021.492	3022.23	193	GRADUATION
3022.23	3022.671	339	PRESENT
3022.671	3032.26	99999	{NS}
3032.26	3032.51	99999	{NS}
3032.51	3032.602	130	DRAW
3032.602	3032.992	145	EVERY
3032.992	3033.322	308	OUTER
3033.322	3033.7	244	LINE
3033.7	3034.361	156	FIRST
3034.361	3034.51	99999	sp
3034.51	3034.992	436	THEN
3034.992	3035.311	154	FILL
3035.311	3035.572	217	IN
3035.572	3035.662	434	THE
3035.662	3036.4	222	INTERIOR
3036.4	3046.232	99999	{NS}
3046.232	3046.302	99999	sp
3046.302	3046.452	99999	{NS}
3046.452	3046.612	434	THE
3046.612	3046.912	475	WATER
3046.912	3047.651	103	CONTAINED
3047.651	3047.962	448	TOO
3047.962	3048.192	269	MUCH
3048.192	3048.812	90	CHLORINE
3048.812	3048.992	20	AND
3048.992	3049.352	409	STUNG
3049.352	3049.612	208	HIS
3049.612	3050.172	149	EYES
3050.172	3057.622	99999	{NS}
3057.622	3057.662	99999	sp
3057.662	3059.452	99999	{NS}
3059.452	3059.982	229	JOHN'S
3059.982	3060.422	66	BROTHER
3060.422	3061.052	363	REPAINTED
3061.052	3061.151	434	THE
3061.151	3061.692	173	GARAGE
3061.692	3062.122	129	DOOR
3062.122	3068.602	99999	{NS}
3068.602	3070.262	99999	{NS}
3070.262	3070.362	99999	sp
3070.362	3070.882	84	CHALLENGE
3070.882	3071.262	132	EACH
3071.262	3071.822	175	GENERAL'S
3071.822	3072.842	221	INTELLIGENCE
3072.842	3077.762	99999	{NS}
3077.762	3078.002	99999	sp
3078.002	3080.842	99999	{NS}
3080.842	3081.782	17	AMBIDEXTROUS
3081.782	3082.552	327	PICKPOCKETS
3082.552	3083.242	6	ACCOMPLISH
3083.242	3083.622	267	MORE
3083.622	3091.962	99999	{NS}
3091.962	3092.102	99999	{NS}
3092.102	3092.132	1	A
3092.132	3092.622	271	MUSCULAR
3092.622	3093.282	2	ABDOMEN
3093.282	3093.542	224	IS
3093.542	3093.802	189	GOOD
3093.802	3094.022	161	FOR
3094.022	3094.192	496	YOUR
3094.192	3094.532	43	BACK
3094.532	3095.431	99999	{NS}
3095.431	3102.992	99999	{NS}
3102.992	3103.232	438	THEY
3103.232	3103.532	317	OWN
3103.532	3103.662	1	A
3103.662	3103.912	52	BIG
3103.912	3103.922	99999	sp
3103.922	3104.401	209	HOUSE
3104.401	3104.592	217	IN
3104.592	3104.662	434	THE
3104.662	3105.072	361	REMOTE
3105.072	3105.822	109	COUNTRYSIDE
3105.822	3113.212	99999	{NS}
3113.212	3114.782	99999	{NS}
3114.782	3115.032	99999	sp
3115.032	3115.172	434	THE
3115.172	3115.602	369	ROSE
3115.602	3116.292	106	CORSAGE
3116.292	3116.752	393	SMELLED
3116.752	3117.222	421	SWEET
3117.222	3123.222	99999	{NS}
3123.222	3125.012	99999	{NS}
3125.012	3125.492	433	THAT
3125.492	3126.172	326	PICKPOCKET
3126.172	3126.342	472	WAS
3126.342	3126.681	80	CAUGHT
3126.681	3126.952	356	RED
3126.952	3127.442	199	HANDED
3127.442	3128.412	99999	{NS}
3128.412	3135.882	99999	{NS}
3135.882	3136.052	19	AN
3136.052	3136.542	9	ADULT
3136.542	3136.812	255	MALE
3136.812	3137.342	42	BABOON'S
3137.342	3137.392	99999	sp
3137.392	3137.882	430	TEETH
3137.882	3138.042	30	ARE
3138.042	3138.362	285	NOT
3138.362	3138.931	415	SUITABLE
3138.931	3139.102	161	FOR
3139.102	3139.572	135	EATING
3139.572	3140.362	376	SHELLFISH
3140.362	3141.062	99999	{NS}
3141.062	3150.282	99999	{NS}
3150.282	3150.512	204	HER
3150.512	3151.112	470	WARDROBE
3151.112	3151.782	102	CONSISTS
3151.782	3151.992	294	OF
3151.992	3152.362	298	ONLY
3152.362	3152.931	385	SKIRTS
3152.931	3153.162	20	AND
3153.162	3153.862	54	BLOUSES
3153.862	3158.812	99999	{NS}
3158.812	3159.252	99999	sp
3159.252	3162.912	99999	{NS}
3162.912	3163.022	434	THE
3163.022	3163.332	453	TWO
3163.332	3163.892	33	ARTISTS
3163.892	3164.712	147	EXCHANGED
3164.712	3165.252	88888	PHOTO
3165.252	3165.602	99999	sp
3165.602	3166.132	88888	GRAPHS
3166.132	3174.832	99999	{NS}
3174.832	3174.922	99999	sp
3174.922	3175.082	99999	{NS}
3175.082	3175.822	71	BUTTERSCOTCH
3175.822	3176.252	169	FUDGE
3176.252	3176.512	186	GOES
3176.512	3176.832	481	WELL
3176.832	3176.982	487	WITH
3176.982	3177.272	463	VANILLA
3177.272	3177.682	212	ICE
3177.682	3178.072	112	CREAM
3178.072	3185.281	99999	{NS}
3185.281	3185.341	99999	sp
3185.341	3187.072	99999	{NS}
3187.072	3187.242	99999	sp
3187.242	3187.642	366	RICH
3187.642	3188.132	349	PURCHASED
3188.132	3188.632	374	SEVERAL
3188.632	3189.082	382	SIGNED
3189.082	3189.992	245	LITHOGRAPHS
3189.992	3196.202	99999	{NS}
3196.202	3196.262	99999	sp
3196.262	3197.732	99999	{NS}
3197.732	3198.022	99999	sp
3198.022	3198.401	24	ANY
3198.401	3199.272	105	CONTRIBUTIONS
3199.272	3199.422	485	WILL
3199.422	3199.582	47	BE
3199.582	3200.101	195	GREATLY
3200.101	3201.072	28	APPRECIATED
3201.072	3201.732	99999	{NS}
3201.732	3209.802	99999	{NS}
3209.802	3210.052	99999	sp
3210.052	3210.192	434	THE
3210.192	3210.791	111	CRANBERRY
3210.791	3211.212	57	BOG
3211.212	3211.291	99999	sp
3211.291	3211.582	178	GETS
3211.582	3211.901	465	VERY
3211.901	3212.161	340	PRETTY
3212.161	3212.512	217	IN
3212.512	3213.012	40	AUTUMN
3213.012	3219.281	99999	{NS}
3219.281	3221.101	99999	{NS}
3221.101	3221.302	210	HOW
3221.302	3221.552	128	DO
3221.552	3222.072	318	OYSTERS
3222.072	3222.302	253	MAKE
3222.302	3222.312	99999	sp
3222.312	3222.971	320	PEARLS
3222.971	3227.772	99999	{NS}
3227.772	3231.052	99999	{NS}
3231.052	3231.101	99999	sp
3231.101	3231.462	257	MAY
3231.462	3231.492	211	I
3231.492	3231.882	304	ORDER
3231.882	3231.911	1	A
3231.911	3232.432	319	PARFAIT
3232.432	3232.752	10	AFTER
3232.752	3232.932	211	I
3232.932	3233.062	134	EAT
3233.062	3233.362	124	DINNER
3233.362	3234.512	99999	{NS}
3234.512	3242.272	99999	{NS}
3242.272	3242.401	224	IS
3242.401	3242.582	375	SHE
3242.582	3242.901	187	GOING
3242.901	3243.101	487	WITH
3243.101	3243.362	495	YOU
3243.362	3248.791	99999	{NS}
3248.791	3250.492	99999	{NS}
3250.492	3250.601	99999	sp
3250.601	3250.892	76	CAN
3250.892	3250.982	434	THE
3250.982	3251.661	11	AGENCY
3251.661	3252.312	315	OVERTHROW
3252.312	3252.851	13	ALIEN
3252.851	3253.541	162	FORCES
3253.541	3260.372	99999	{NS}
3260.372	3261.971	99999	{NS}
3261.971	3262.242	99999	sp
3262.242	3262.322	1	A
3262.322	3262.971	371	SCREWDRIVER
3262.971	3263.341	224	IS
3263.341	3263.672	252	MADE
3263.672	3263.892	166	FROM
3263.892	3264.252	469	VODKA
3264.252	3264.601	20	AND
3264.601	3264.952	303	ORANGE
3264.952	3265.522	230	JUICE
3265.522	3266.281	99999	{NS}
3266.281	3274.442	99999	{NS}
3274.442	3274.572	99999	sp
3274.572	3274.802	210	HOW
3274.802	3275.031	269	MUCH
3275.031	3275.622	16	ALLOWANCE
3275.622	3275.742	128	DO
3275.742	3275.952	495	YOU
3275.952	3276.291	177	GET
3276.291	3279.101	99999	{NS}
3279.101	3280.101	99999	sp
3280.101	3284.471	99999	{NS}
3284.471	3285.072	115	CYCLICAL
3285.072	3285.742	346	PROGRAMS
3285.742	3285.862	485	WILL
3285.862	3286.192	281	NEVER
3286.192	3286.841	100	COMPILE
3286.841	3287.452	99999	{NS}
3287.452	3294.572	99999	{NS}
3294.572	3294.682	99999	sp
3294.682	3294.802	434	THE
3294.802	3295.341	61	BOSTON
3295.341	3295.862	45	BALLET
3295.862	3296.572	312	OVERCAME
3296.572	3296.721	435	THEIR
3296.721	3297.132	170	FUNDING
3297.132	3297.862	380	SHORTAGE
3297.862	3307.022	99999	{NS}
3307.022	3307.132	99999	{NS}
3307.132	3307.512	145	EVERY
3307.512	3307.922	74	CAB
3307.922	3308.212	280	NEEDS
3308.212	3308.851	364	REPAINTING
3308.851	3309.401	88888	OFFEN
3309.401	3313.832	99999	{NS}
3313.832	3313.932	99999	sp
3313.932	3317.791	99999	{NS}
3317.791	3318.112	203	HELP
3318.112	3318.502	196	GREG
3318.502	3318.512	99999	sp
3318.512	3318.682	446	TO
3318.682	3318.971	325	PICK
3318.971	3319.091	1	A
3319.091	3319.372	321	PECK
3319.372	3319.471	294	OF
3319.471	3320.232	338	POTATOES
3320.232	3326.272	99999	{NS}
3326.272	3328.052	99999	{NS}
3328.052	3328.252	476	WE
3328.252	3328.562	241	LIKE
3328.562	3328.772	55	BLUE
3328.772	3329.341	88	CHEESE
3329.341	3329.572	70	BUT
3329.572	3329.901	466	VICTOR
3329.901	3330.322	242	LIKES
3330.322	3330.752	64	BRIE
3330.752	3337.291	99999	{NS}
3337.291	3339.291	99999	{NS}
3339.291	3339.622	108	COUNT
3339.622	3339.752	434	THE
3339.752	3340.161	289	NUMBER
3340.161	3340.242	294	OF
3340.242	3340.901	429	TEASPOONS
3340.901	3340.982	294	OF
3340.982	3341.651	395	SOYSAUCE
3341.651	3341.772	433	THAT
3341.772	3341.982	495	YOU
3341.982	3342.332	7	ADD
3342.332	3343.182	99999	{NS}
3343.182	3351.512	99999	{NS}
3351.512	3352.151	44	BAGPIPES
3352.151	3352.401	20	AND
3352.401	3353.031	59	BONGOS
3353.031	3353.151	30	ARE
3353.151	3353.742	273	MUSICAL
3353.742	3354.661	220	INSTRUMENTS
3354.661	3361.992	99999	{NS}
3361.992	3362.022	99999	sp
3362.022	3363.851	99999	{NS}
3363.851	3364.161	210	HOW
3364.161	3364.492	189	GOOD
3364.492	3364.712	224	IS
3364.712	3364.882	496	YOUR
3364.882	3365.672	138	ENDURANCE
3365.672	3376.971	99999	{NS}
3989.031	3990.992	99999	{NS}
3990.992	3991.132	99999	{NS}
3991.132	3991.161	30	ARE
3991.161	3991.341	496	YOUR
3991.341	3991.802	192	GRADES
3991.802	3992.291	206	HIGHER
3992.291	3992.492	302	OR
3992.492	3992.942	251	LOWER
3992.942	3993.091	432	THAN
3993.091	3993.971	275	NANCY'S
3993.971	3994.732	99999	{NS}
3994.732	3994.791	99999	sp
3994.791	4002.682	99999	{NS}
4002.682	4002.862	99999	sp
4002.862	4003.142	375	SHE
4003.142	4003.442	490	WORE
4003.442	4003.952	471	WARM
4003.952	4004.582	158	FLEECY
4004.582	4004.952	489	WOOLEN
4004.952	4005.892	311	OVERALLS
