55.739	55.892	30	ARE
55.892	56.049	496	YOUR
56.049	56.441	192	GRADES
56.441	56.462	99999	sp
56.462	56.909	206	HIGHER
56.909	56.979	302	OR
56.979	57.409	251	LOWER
57.409	57.549	432	THAN
57.549	58.261	275	NANCY'S
58.261	68.76	99999	sp
68.76	68.962	375	SHE
68.962	69.191	490	WORE
69.191	69.632	471	WARM
69.632	70.2	158	FLEECY
70.2	70.662	489	WOOLEN
70.662	71.48	311	OVERALLS
71.48	82.072	99999	sp
82.072	82.522	354	READING
82.522	82.76	217	IN
82.76	82.772	99999	sp
82.772	83.01	335	POOR
83.01	83.272	240	LIGHT
83.272	83.632	181	GIVES
83.632	83.76	495	YOU
83.76	84.522	150	EYESTRAIN
84.522	93.671	99999	sp
93.671	94.001	142	EVEN
94.001	94.311	211	I
94.311	94.861	293	OCCASIONALLY
94.861	95.102	177	GET
95.102	95.2	434	THE
95.2	95.561	265	MONDAY
95.561	96.162	56	BLUES
96.162	105.811	99999	sp
105.811	106.001	476	WE
106.001	106.191	30	ARE
106.191	106.581	301	OPEN
106.581	107.052	145	EVERY
107.052	107.412	265	MONDAY
107.412	108.081	143	EVENING
263.812	264.022	99999	sp
314.232	314.762	99999	sp
314.762	316.672	99999	{NS}
316.672	316.752	30	ARE
316.752	316.901	496	YOUR
316.901	317.362	192	GRADES
317.362	317.392	99999	sp
317.392	317.901	206	HIGHER
317.901	318.091	302	OR
318.091	318.512	251	LOWER
318.512	318.682	432	THAN
318.682	319.401	275	NANCY'S
319.401	328.721	99999	{NS}
328.721	328.851	99999	{NS}
328.851	329.062	375	SHE
329.062	329.312	490	WORE
329.312	329.752	471	WARM
329.752	330.302	158	FLEECY
330.302	330.702	489	WOOLEN
330.702	331.541	311	OVERALLS
331.541	335.411	99999	{NS}
335.411	335.462	99999	sp
335.462	337.082	99999	{NS}
337.082	337.322	99999	sp
337.322	337.791	354	READING
337.791	337.812	99999	sp
337.812	338.052	217	IN
338.052	338.082	99999	sp
338.082	338.291	335	POOR
338.291	338.582	240	LIGHT
338.582	338.901	181	GIVES
338.901	339.012	495	YOU
339.012	339.762	150	EYESTRAIN
339.762	340.622	99999	{NS}
340.622	348.812	99999	{NS}
348.812	349.012	99999	sp
349.012	349.392	142	EVEN
349.392	349.721	211	I
349.721	350.341	293	OCCASIONALLY
350.341	350.591	177	GET
350.591	350.682	434	THE
350.682	351.022	265	MONDAY
351.022	351.582	56	BLUES
351.582	359.022	99999	{NS}
359.022	360.942	99999	{NS}
360.942	361.101	476	WE
361.101	361.302	30	ARE
361.302	361.692	301	OPEN
361.692	362.142	145	EVERY
362.142	362.502	265	MONDAY
362.502	363.232	143	EVENING
462.452	462.531	30	ARE
1056.512	1058.0720000000001	99999	{NS}
1058.0720000000001	1058.291	375	SHE
1058.291	1058.5720000000001	490	WORE
1058.5720000000001	1058.992	471	WARM
1058.992	1059.632	158	FLEECY
1059.632	1060.002	489	WOOLEN
1060.002	1060.882	311	OVERALLS
1060.882	1061.492	99999	{NS}
1061.492	1070.262	99999	{NS}
1070.262	1070.442	99999	sp
1070.442	1070.932	354	READING
1070.932	1071.202	217	IN
1071.202	1071.232	99999	sp
1071.232	1071.452	335	POOR
1071.452	1071.732	240	LIGHT
1071.732	1072.101	181	GIVES
1072.101	1072.221	495	YOU
1072.221	1073.041	150	EYESTRAIN
1073.041	1073.682	99999	{NS}
1073.682	1073.882	99999	sp
1073.882	1082.492	99999	{NS}
1082.492	1082.862	142	EVEN
1082.862	1083.142	211	I
1083.142	1083.872	293	OCCASIONALLY
1083.872	1084.122	177	GET
1084.122	1084.242	434	THE
1084.242	1084.591	265	MONDAY
1084.591	1085.202	56	BLUES
1085.202	1085.8020000000001	99999	sp
1085.8020000000001	1092.262	99999	{NS}
1092.262	1093.8020000000001	99999	{NS}
1093.8020000000001	1094.012	99999	sp
1094.012	1094.182	476	WE
1094.182	1094.372	30	ARE
1094.372	1094.8319999999999	301	OPEN
1094.8319999999999	1095.212	145	EVERY
1095.212	1095.5720000000001	265	MONDAY
1095.5720000000001	1096.3319999999999	143	EVENING
1096.3319999999999	1096.772	99999	sp
1096.772	1103.292	99999	{NS}
1103.292	1103.432	99999	sp
1103.432	1103.542	99999	{NS}
1103.542	1103.812	226	IT'S
1103.812	1104.0819999999999	285	NOT
1104.0819999999999	1104.471	133	EASY
1104.471	1104.5819999999999	446	TO
1104.5819999999999	1105.0819999999999	113	CREATE
1105.0819999999999	1105.892	215	ILLUMINATING
1105.892	1106.7820000000002	146	EXAMPLES
1106.7820000000002	1107.3220000000001	99999	sp
1107.3220000000001	1113.452	99999	{NS}
1113.452	1115.3319999999999	99999	{NS}
1115.3319999999999	1115.712	270	MUM
1115.712	1116.3220000000001	407	STRONGLY
1116.3220000000001	1116.932	126	DISLIKES
1116.932	1117.892	27	APPETIZERS
1117.892	1118.341	99999	{NS}
1118.341	1125.3609999999999	99999	{NS}
1125.3609999999999	1125.62	99999	sp
1125.62	1126.1109999999999	443	THOSE
1126.1109999999999	1126.25	484	WHO
1126.25	1126.5819999999999	427	TEACH
1126.5819999999999	1127.231	462	VALUES
1127.231	1127.26	99999	sp
1127.26	1127.63	156	FIRST
1127.63	1128.26	4	ABOLISH
1128.26	1128.841	87	CHEATING
1128.841	1128.932	99999	sp
1128.932	1132.422	99999	{NS}
1132.422	1132.5720000000001	99999	sp
1132.5720000000001	1137.682	99999	{NS}
1137.682	1137.792	99999	sp
1137.792	1138.01	434	THE
1138.01	1138.51	165	FRIGHTENED
1138.51	1139.042	89	CHILD
1139.042	1139.272	472	WAS
1139.272	1139.652	176	GENTLY
1139.652	1140.2820000000002	410	SUBDUED
1140.2820000000002	1140.471	73	BY
1140.471	1140.712	208	HIS
1140.712	1140.912	52	BIG
1140.912	1141.38	66	BROTHER
1141.38	1148.522	99999	{NS}
1148.522	1150.25	99999	{NS}
1150.25	1150.442	99999	sp
1150.442	1150.902	142	EVEN
1150.902	1150.971	1	A
1150.971	1151.471	383	SIMPLE
1151.471	1152.341	468	VOCABULARY
1152.341	1152.962	104	CONTAINS
1152.962	1153.682	422	SYMBOLS
1153.682	1162.3020000000001	99999	{NS}
1162.3020000000001	1162.422	99999	sp
1162.422	1162.591	99999	{NS}
1162.591	1162.62	1	A
1162.62	1163.01	110	CRAB
1163.01	1163.522	85	CHALLENGED
1163.522	1163.892	258	ME
1163.892	1164.142	99999	sp
1164.142	1164.3220000000001	70	BUT
1164.3220000000001	1164.3609999999999	1	A
1164.3609999999999	1164.642	350	QUICK
1164.642	1166.0	402	STAB
1166.0	1174.502	99999	{NS}
1174.502	1174.699	99999	{NS}
1174.699	1175.252	183	GLUCOSE
1175.252	1175.509	20	AND
1175.509	1176.111	167	FRUCTOSE
1176.111	1176.279	30	ARE
1176.279	1176.8	276	NATURAL
1176.8	1177.399	414	SUGARS
1177.399	1177.779	163	FOUND
1177.779	1177.979	217	IN
1177.979	1178.389	168	FRUIT
1178.389	1186.992	99999	{NS}
1186.992	1187.382	99999	{NS}
1187.382	1187.412	30	ARE
1187.412	1187.572	495	YOU
1187.572	1187.912	250	LOOKING
1187.912	1188.181	161	FOR
1188.181	1188.792	88888	EMPLOYMEN
1188.792	1195.882	99999	{NS}
1195.882	1197.752	99999	{NS}
1197.752	1198.109	98	COFFEE
1198.109	1198.502	224	IS
1198.502	1198.901	198	GROWN
1198.901	1199.119	297	ON
1199.119	1199.609	404	STEEP
1199.609	1199.761	99999	sp
1199.761	1200.119	231	JUNGLE
1200.119	1200.392	241	LIKE
1200.392	1200.941	390	SLOPES
1200.941	1201.191	217	IN
1201.191	1201.719	431	TEMPERATE
1201.719	1202.212	497	ZONES
1202.212	1208.369	99999	{NS}
1208.369	1210.289	99999	{NS}
1210.289	1210.469	476	WE
1210.469	1210.892	480	WELCOME
1210.892	1211.191	256	MANY
1211.191	1211.34	282	NEW
1211.34	1211.969	408	STUDENTS
1211.969	1212.261	132	EACH
1212.261	1212.669	491	YEAR
2187.132	2187.151	99999	sp
2187.151	2187.272	30	ARE
2187.272	2187.471	496	YOUR
2187.471	2187.892	192	GRADES
2187.892	2188.462	206	HIGHER
2188.462	2188.612	302	OR
2188.612	2189.082	251	LOWER
2189.082	2189.262	432	THAN
2189.262	2190.072	275	NANCY'S
2190.072	2198.752	99999	{NS}
2198.752	2198.882	99999	{NS}
2198.882	2199.112	375	SHE
2199.112	2199.392	490	WORE
2199.392	2199.872	471	WARM
2199.872	2200.452	158	FLEECY
2200.452	2200.832	489	WOOLEN
2200.832	2201.762	311	OVERALLS
2201.762	2202.232	99999	{NS}
2202.232	2210.932	99999	{NS}
2210.932	2211.041	99999	sp
2211.041	2211.512	354	READING
2211.512	2211.791	217	IN
2211.791	2211.812	99999	sp
2211.812	2212.022	335	POOR
2212.022	2212.302	240	LIGHT
2212.302	2212.692	181	GIVES
2212.692	2212.922	495	YOU
2212.922	2213.692	150	EYESTRAIN
2213.692	2219.911	99999	{NS}
2219.911	2220.012	99999	sp
2220.012	2221.882	99999	{NS}
2221.882	2222.151	99999	sp
2222.151	2222.492	142	EVEN
2222.492	2222.812	211	I
2222.812	2223.582	293	OCCASIONALLY
2223.582	2223.882	177	GET
2223.882	2223.992	434	THE
2223.992	2224.332	265	MONDAY
2224.332	2224.911	56	BLUES
2224.911	2231.591	99999	{NS}
2231.591	2233.382	99999	{NS}
2233.382	2233.422	99999	sp
2233.422	2233.601	476	WE
2233.601	2233.772	30	ARE
2233.772	2234.221	301	OPEN
2234.221	2234.632	145	EVERY
2234.632	2235.002	265	MONDAY
2235.002	2235.522	143	EVENING
2235.522	2244.122	99999	{NS}
2244.122	2244.202	99999	sp
2244.202	2244.332	99999	{NS}
2244.332	2244.601	226	IT'S
2244.601	2244.812	285	NOT
2244.812	2245.182	133	EASY
2245.182	2245.302	446	TO
2245.302	2245.732	113	CREATE
2245.732	2246.531	215	ILLUMINATING
2246.531	2247.482	146	EXAMPLES
2247.482	2247.932	99999	{NS}
2247.932	2255.942	99999	{NS}
2255.942	2256.351	270	MUM
2256.351	2256.952	407	STRONGLY
2256.952	2257.541	126	DISLIKES
2257.541	2258.492	27	APPETIZERS
2258.492	2259.182	99999	{NS}
2259.182	2267.62	99999	{NS}
2267.62	2268.022	443	THOSE
2268.022	2268.1620000000003	484	WHO
2268.1620000000003	2268.49	427	TEACH
2268.49	2269.2309999999998	462	VALUES
2269.2309999999998	2269.282	99999	sp
2269.282	2269.721	156	FIRST
2269.721	2270.332	4	ABOLISH
2270.332	2270.861	87	CHEATING
2270.861	2279.601	99999	{NS}
2279.601	2279.692	99999	{NS}
2279.692	2279.832	434	THE
2279.832	2280.392	165	FRIGHTENED
2280.392	2280.88	89	CHILD
2280.88	2281.111	472	WAS
2281.111	2281.4809999999998	176	GENTLY
2281.4809999999998	2282.091	410	SUBDUED
2282.091	2282.302	73	BY
2282.302	2282.522	208	HIS
2282.522	2282.721	52	BIG
2282.721	2283.212	66	BROTHER
2283.212	2283.7309999999998	99999	{NS}
2283.7309999999998	2283.772	99999	sp
2283.772	2292.221	99999	{NS}
2292.221	2292.322	99999	sp
2292.322	2292.75	142	EVEN
2292.75	2292.812	1	A
2292.812	2293.282	383	SIMPLE
2293.282	2294.1620000000003	468	VOCABULARY
2294.1620000000003	2294.721	104	CONTAINS
2294.721	2295.4809999999998	422	SYMBOLS
2295.4809999999998	2302.4120000000003	99999	{NS}
2302.4120000000003	2303.952	99999	{NS}
2303.952	2304.172	99999	sp
2304.172	2304.351	1	A
2304.351	2304.792	110	CRAB
2304.792	2305.302	85	CHALLENGED
2305.302	2305.611	258	ME
2305.611	2305.902	70	BUT
2305.902	2305.952	1	A
2305.952	2306.24	350	QUICK
2306.24	2306.692	402	STAB
2306.692	2307.2309999999998	464	VANQUISHED
2307.2309999999998	2307.552	207	HIM
2307.552	2313.892	99999	{NS}
2313.892	2315.6620000000003	99999	{NS}
2315.6620000000003	2315.802	99999	sp
2315.802	2316.361	183	GLUCOSE
2316.361	2316.562	20	AND
2316.562	2317.192	167	FRUCTOSE
2317.192	2317.392	30	ARE
2317.392	2317.851	276	NATURAL
2317.851	2318.5	414	SUGARS
2318.5	2318.861	163	FOUND
2318.861	2319.052	217	IN
2319.052	2319.572	168	FRUIT
2319.572	2321.63	99999	{NS}
2321.63	2321.99	99999	sp
2321.99	2326.611	99999	{NS}
2326.611	2326.721	30	ARE
2326.721	2326.88	495	YOU
2326.88	2327.322	250	LOOKING
2327.322	2327.562	161	FOR
2327.562	2328.152	88888	EMPLOYMEN
2328.152	2332.0	99999	{NS}
2332.0	2332.322	99999	sp
2332.322	2338.152	98	COFFEE
2338.152	2338.551	224	IS
2338.551	2338.942	198	GROWN
2338.942	2339.182	297	ON
2339.182	2339.682	404	STEEP
2339.682	2340.101	231	JUNGLE
2340.101	2340.309	241	LIKE
2340.309	2340.789	390	SLOPES
2340.789	2341.021	217	IN
2341.021	2341.55	431	TEMPERATE
2341.55	2342.22	497	ZONES
2342.22	2350.102	99999	{NS}
2350.102	2351.742	99999	{NS}
2351.742	2351.931	99999	sp
2351.931	2352.142	476	WE
2352.142	2352.542	480	WELCOME
2352.542	2352.822	256	MANY
2352.822	2353.002	282	NEW
2353.002	2353.542	408	STUDENTS
2353.542	2353.872	132	EACH
2353.872	2354.242	491	YEAR
2354.242	2363.822	99999	{NS}
2363.822	2363.922	99999	sp
2363.922	2364.119	99999	{NS}
2364.119	2364.479	298	ONLY
2364.479	2364.619	434	THE
2364.619	2364.95	51	BEST
2364.95	2365.441	330	PLAYERS
2365.441	2365.849	139	ENJOY
2365.849	2366.691	336	POPULARITY
2366.691	2374.849	99999	{NS}
2374.849	2374.901	99999	sp
2374.901	2376.191	99999	{NS}
2376.191	2376.331	99999	sp
2376.331	2376.929	75	CALCIUM
2376.929	2377.239	254	MAKES
2377.239	2377.669	58	BONES
2377.669	2377.901	20	AND
2377.901	2378.27	430	TEETH
2378.27	2378.34	99999	sp
2378.34	2378.929	406	STRONG
2378.929	2384.779	99999	{NS}
2384.779	2386.59	99999	{NS}
2386.59	2387.2	286	NOTHING
2387.2	2387.349	224	IS
2387.349	2387.609	34	AS
2387.609	2388.279	295	OFFENSIVE
2388.279	2388.609	34	AS
2388.609	2389.369	219	INNOCENCE
2389.369	2398.141	99999	{NS}
2398.141	2398.281	99999	{NS}
2398.281	2398.93	405	STEVE
2398.93	2399.242	490	WORE
2399.242	2399.272	1	A
2399.272	2399.68	65	BRIGHT
2399.68	2399.98	356	RED
2399.98	2400.561	78	CASHMERE
2400.561	2401.15	420	SWEATER
2401.15	2408.531	99999	{NS}
2408.531	2410.391	99999	{NS}
2410.391	2411.01	46	BARB'S
2411.01	2411.352	188	GOLD
2411.352	2411.98	63	BRACELET
2411.98	2412.162	472	WAS
2412.162	2412.242	1	A
2412.242	2413.01	193	GRADUATION
2413.01	2413.59	339	PRESENT
2413.59	2421.662	99999	{NS}
2421.662	2421.691	99999	sp
2421.691	2422.081	99999	{NS}
2422.081	2422.18	130	DRAW
2422.18	2422.561	145	EVERY
2422.561	2422.941	308	OUTER
2422.941	2423.311	244	LINE
2423.311	2423.98	156	FIRST
2423.98	2424.031	99999	sp
2424.031	2424.531	436	THEN
2424.531	2424.831	154	FILL
2424.831	2425.102	217	IN
2425.102	2425.221	434	THE
2425.221	2425.98	222	INTERIOR
2425.98	2432.641	99999	{NS}
2432.641	2434.561	99999	{NS}
2434.561	2434.7	434	THE
2434.7	2435.052	475	WATER
2435.052	2435.602	88888	CONTAIN
2435.602	2435.882	448	TOO
2435.882	2436.102	269	MUCH
2436.102	2436.691	90	CHLORINE
2436.691	2436.93	20	AND
2436.93	2437.29	409	STUNG
2437.29	2437.51	208	HIS
2437.51	2438.081	149	EYES
2438.081	2438.811	99999	{NS}
2438.811	2447.962	99999	{NS}
2447.962	2448.471	229	JOHN'S
2448.471	2448.941	66	BROTHER
2448.941	2449.581	363	REPAINTED
2449.581	2449.671	434	THE
2449.671	2450.2	173	GARAGE
2450.2	2450.662	129	DOOR
2450.662	2458.641	99999	{NS}
2458.641	2458.671	99999	sp
2458.671	2460.592	99999	{NS}
2460.592	2461.142	84	CHALLENGE
2461.142	2461.602	132	EACH
2461.602	2462.172	175	GENERAL'S
2462.172	2463.202	221	INTELLIGENCE
2463.202	2470.192	99999	{NS}
2470.192	2472.151	99999	{NS}
2472.151	2473.072	17	AMBIDEXTROUS
2473.072	2473.812	327	PICKPOCKETS
2473.812	2474.492	6	ACCOMPLISH
2474.492	2474.882	267	MORE
2474.882	2483.702	99999	{NS}
2483.702	2483.762	99999	sp
2483.762	2483.892	99999	{NS}
2483.892	2483.922	1	A
2483.922	2484.382	271	MUSCULAR
2484.382	2485.222	2	ABDOMEN
2485.222	2485.412	224	IS
2485.412	2485.651	189	GOOD
2485.651	2485.892	161	FOR
2485.892	2486.042	496	YOUR
2486.042	2486.372	43	BACK
2486.372	2487.262	99999	{NS}
2487.262	2494.992	99999	{NS}
2494.992	2495.242	99999	sp
2495.242	2495.522	438	THEY
2495.522	2495.992	317	OWN
2495.992	2496.022	1	A
2496.022	2496.232	52	BIG
2496.232	2496.772	209	HOUSE
2496.772	2496.931	217	IN
2496.931	2496.992	434	THE
2496.992	2497.401	361	REMOTE
2497.401	2498.151	109	COUNTRYSIDE
2498.151	2498.762	99999	{NS}
2498.762	2506.422	99999	{NS}
2506.422	2506.522	434	THE
2506.522	2506.962	369	ROSE
2506.962	2507.681	106	CORSAGE
2507.681	2508.262	393	SMELLED
2508.262	2508.762	421	SWEET
2508.762	2508.792	99999	sp
2508.792	2509.372	99999	{NS}
2509.372	2517.622	99999	{NS}
2517.622	2517.952	433	THAT
2517.952	2518.692	326	PICKPOCKET
2518.692	2518.852	472	WAS
2518.852	2519.162	80	CAUGHT
2519.162	2519.482	356	RED
2519.482	2519.992	199	HANDED
2519.992	2526.202	99999	{NS}
2526.202	2528.092	99999	{NS}
2528.092	2528.272	19	AN
2528.272	2528.772	9	ADULT
2528.772	2529.032	255	MALE
2529.032	2529.622	42	BABOON'S
2529.622	2530.122	430	TEETH
2530.122	2530.272	30	ARE
2530.272	2530.622	285	NOT
2530.622	2531.202	415	SUITABLE
2531.202	2531.422	161	FOR
2531.422	2531.832	135	EATING
2531.832	2532.742	376	SHELLFISH
2532.742	2539.502	99999	{NS}
2539.502	2541.192	99999	{NS}
2541.192	2541.572	204	HER
2541.572	2542.122	470	WARDROBE
2542.122	2542.812	102	CONSISTS
2542.812	2542.962	294	OF
2542.962	2543.362	298	ONLY
2543.362	2543.931	385	SKIRTS
2543.931	2544.151	20	AND
2544.151	2544.931	54	BLOUSES
2544.931	2550.102	99999	{NS}
2550.102	2550.232	99999	sp
2550.232	2556.401	99999	{NS}
2556.401	2556.502	434	THE
2556.502	2556.812	453	TWO
2556.812	2557.442	33	ARTISTS
2557.442	2558.252	147	EXCHANGED
2558.252	2559.151	39	AUTOGRAPHS
2559.151	2559.882	99999	{NS}
2559.882	2568.862	99999	{NS}
2568.862	2569.572	71	BUTTERSCOTCH
2569.572	2570.102	169	FUDGE
2570.102	2570.142	99999	sp
2570.142	2570.412	186	GOES
2570.412	2570.722	481	WELL
2570.722	2570.872	487	WITH
2570.872	2571.202	463	VANILLA
2571.202	2571.632	212	ICE
2571.632	2572.112	112	CREAM
2572.112	2572.692	99999	{NS}
2572.692	2582.651	99999	{NS}
2582.651	2582.812	99999	sp
2582.812	2583.242	366	RICH
2583.242	2583.882	349	PURCHASED
2583.882	2584.431	374	SEVERAL
2584.431	2584.842	382	SIGNED
2584.842	2585.722	245	LITHOGRAPHS
2585.722	2586.362	99999	{NS}
2586.362	2593.622	99999	{NS}
2593.622	2594.022	24	ANY
2594.022	2594.962	105	CONTRIBUTIONS
2594.962	2595.132	485	WILL
2595.132	2595.291	47	BE
2595.291	2595.781	195	GREATLY
2595.781	2596.632	28	APPRECIATED
2596.632	2603.692	99999	{NS}
2603.692	2605.692	99999	{NS}
2605.692	2605.781	434	THE
2605.781	2606.452	111	CRANBERRY
2606.452	2606.872	57	BOG
2606.872	2607.151	178	GETS
2607.151	2607.531	465	VERY
2607.531	2607.911	340	PRETTY
2607.911	2608.142	217	IN
2608.142	2608.692	40	AUTUMN
2608.692	2615.712	99999	{NS}
2615.712	2617.512	99999	{NS}
2617.512	2617.721	210	HOW
2617.721	2617.962	128	DO
2617.962	2618.522	318	OYSTERS
2618.522	2618.762	253	MAKE
2618.762	2618.772	99999	sp
2618.772	2619.392	320	PEARLS
2619.392	2620.541	99999	{NS}
2620.541	2628.502	99999	{NS}
2628.502	2628.841	257	MAY
2628.841	2628.901	211	I
2628.901	2629.341	304	ORDER
2629.341	2629.372	1	A
2629.372	2629.952	319	PARFAIT
2629.952	2630.302	10	AFTER
2630.302	2630.492	211	I
2630.492	2630.622	134	EAT
2630.622	2630.992	124	DINNER
2630.992	2635.832	99999	{NS}
2635.832	2635.982	99999	sp
2635.982	2640.962	99999	{NS}
2640.962	2641.082	99999	sp
2641.082	2641.242	224	IS
2641.242	2641.411	375	SHE
2641.411	2641.791	187	GOING
2641.791	2641.992	487	WITH
2641.992	2642.262	495	YOU
2642.262	2643.101	99999	{NS}
2643.101	2651.332	99999	{NS}
2651.332	2651.692	76	CAN
2651.692	2651.822	434	THE
2651.822	2652.462	11	AGENCY
2652.462	2653.112	315	OVERTHROW
2653.112	2653.612	13	ALIEN
2653.612	2654.272	162	FORCES
2654.272	2659.031	99999	{NS}
2659.031	2663.212	99999	{NS}
2663.212	2663.442	99999	sp
2663.442	2663.512	1	A
2663.512	2664.202	371	SCREWDRIVER
2664.202	2664.541	224	IS
2664.541	2664.901	252	MADE
2664.901	2665.161	166	FROM
2665.161	2665.502	469	VODKA
2665.502	2665.851	20	AND
2665.851	2666.312	303	ORANGE
2666.312	2666.791	230	JUICE
2666.791	2673.541	99999	{NS}
2673.541	2675.322	99999	{NS}
2675.322	2675.541	210	HOW
2675.541	2675.762	269	MUCH
2675.762	2676.302	16	ALLOWANCE
2676.302	2676.411	128	DO
2676.411	2676.622	495	YOU
2676.622	2676.982	177	GET
2676.982	2685.572	99999	{NS}
2685.572	2685.742	99999	sp
2685.742	2685.901	99999	{NS}
2685.901	2686.492	115	CYCLICAL
2686.492	2687.192	346	PROGRAMS
2687.192	2687.302	485	WILL
2687.302	2687.632	281	NEVER
2687.632	2688.291	100	COMPILE
2688.291	2694.952	99999	{NS}
2694.952	2696.892	99999	{NS}
2696.892	2697.012	434	THE
2697.012	2697.552	61	BOSTON
2697.552	2698.072	45	BALLET
2698.072	2698.791	312	OVERCAME
2698.791	2698.992	435	THEIR
2698.992	2699.392	170	FUNDING
2699.392	2700.091	380	SHORTAGE
2700.091	2708.832	99999	{NS}
2708.832	2708.992	99999	{NS}
2708.992	2709.382	145	EVERY
2709.382	2709.882	74	CAB
2709.882	2710.151	280	NEEDS
2710.151	2710.791	364	REPAINTING
2710.791	2711.341	88888	OFFEN
2711.341	2718.091	99999	{NS}
2718.091	2719.892	99999	{NS}
2719.892	2720.212	203	HELP
2720.212	2720.632	196	GREG
2720.632	2720.642	99999	sp
2720.642	2720.851	446	TO
2720.851	2721.122	325	PICK
2721.122	2721.272	1	A
2721.272	2721.582	321	PECK
2721.582	2721.721	294	OF
2721.721	2722.442	338	POTATOES
2722.442	2729.422	99999	{NS}
2729.422	2731.072	99999	{NS}
2731.072	2731.281	99999	sp
2731.281	2731.462	476	WE
2731.462	2731.742	241	LIKE
2731.742	2731.971	55	BLUE
2731.971	2732.562	88	CHEESE
2732.562	2732.932	70	BUT
2732.932	2733.262	466	VICTOR
2733.262	2733.651	242	LIKES
2733.651	2734.062	64	BRIE
2734.062	2742.892	99999	{NS}
2742.892	2743.041	99999	{NS}
2743.041	2743.351	108	COUNT
2743.351	2743.442	434	THE
2743.442	2743.762	289	NUMBER
2743.762	2743.862	294	OF
2743.862	2744.442	429	TEASPOONS
2744.442	2744.512	294	OF
2744.512	2745.151	395	SOYSAUCE
2745.151	2745.312	433	THAT
2745.312	2745.502	495	YOU
2745.502	2745.841	7	ADD
2745.841	2750.372	99999	{NS}
2750.372	2750.541	99999	sp
2750.541	2756.392	99999	{NS}
2756.392	2756.512	99999	sp
2756.512	2757.221	44	BAGPIPES
2757.221	2757.432	20	AND
2757.432	2758.031	59	BONGOS
2758.031	2758.151	30	ARE
2758.151	2758.712	273	MUSICAL
2758.712	2759.622	220	INSTRUMENTS
2759.622	2760.122	99999	{NS}
2760.122	2766.552	99999	{NS}
2766.552	2766.832	210	HOW
2766.832	2767.192	189	GOOD
2767.192	2767.411	224	IS
2767.411	2767.531	496	YOUR
2767.531	2768.392	138	ENDURANCE
2768.392	2779.041	99999	{NS}
3376.971	3377.062	99999	sp
3377.062	3381.101	99999	{NS}
3381.101	3381.212	30	ARE
3381.212	3381.382	496	YOUR
3381.382	3381.762	192	GRADES
3381.762	3382.182	206	HIGHER
3382.182	3382.372	302	OR
3382.372	3382.781	251	LOWER
3382.781	3382.942	432	THAN
3382.942	3383.772	275	NANCY'S
3383.772	3384.312	99999	{NS}
3384.312	3392.531	99999	{NS}
3392.531	3392.791	375	SHE
3392.791	3393.082	490	WORE
3393.082	3393.562	471	WARM
3393.562	3394.122	158	FLEECY
3394.122	3394.522	489	WOOLEN
3394.522	3395.432	311	OVERALLS
3395.432	3402.072	99999	{NS}
3402.072	3402.172	99999	sp
3402.172	3403.762	99999	{NS}
3403.762	3403.911	99999	sp
3403.911	3404.392	354	READING
3404.392	3404.622	217	IN
3404.622	3404.642	99999	sp
3404.642	3404.882	335	POOR
3404.882	3405.172	240	LIGHT
3405.172	3405.522	181	GIVES
3405.522	3405.672	495	YOU
3405.672	3406.531	150	EYESTRAIN
3406.531	3414.022	99999	{NS}
3414.022	3414.192	99999	{NS}
3414.192	3414.462	142	EVEN
3414.462	3414.752	211	I
3414.752	3415.492	293	OCCASIONALLY
3415.492	3415.692	177	GET
3415.692	3415.791	434	THE
3415.791	3416.151	265	MONDAY
3416.151	3416.721	56	BLUES
3416.721	3417.531	99999	{NS}
3417.531	3424.872	99999	{NS}
3424.872	3425.022	476	WE
3425.022	3425.232	30	ARE
3425.232	3425.552	301	OPEN
3425.552	3425.992	145	EVERY
3425.992	3426.392	265	MONDAY
3426.392	3426.982	143	EVENING
3426.982	3433.822	99999	{NS}
3433.822	3435.4120000000003	99999	{NS}
3435.4120000000003	3435.652	99999	sp
3435.652	3435.932	226	IT'S
3435.932	3436.24	285	NOT
3436.24	3436.63	133	EASY
3436.63	3436.772	446	TO
3436.772	3437.221	113	CREATE
3437.221	3438.12	215	ILLUMINATING
3438.12	3438.932	146	EXAMPLES
3438.932	3445.51	99999	{NS}
3445.51	3447.24	99999	{NS}
3447.24	3447.62	270	MUM
3447.62	3448.26	407	STRONGLY
3448.26	3448.9120000000003	126	DISLIKES
3448.9120000000003	3449.932	27	APPETIZERS
3449.932	3456.892	99999	{NS}
3456.892	3458.582	99999	{NS}
3458.582	3458.62	99999	sp
3458.62	3459.082	443	THOSE
3459.082	3459.221	484	WHO
3459.221	3459.572	427	TEACH
3459.572	3460.24	462	VALUES
3460.24	3460.601	156	FIRST
3460.601	3461.221	4	ABOLISH
3461.221	3461.75	87	CHEATING
3461.75	3469.351	99999	{NS}
3469.351	3471.182	99999	{NS}
3471.182	3471.312	434	THE
3471.312	3471.792	165	FRIGHTENED
3471.792	3472.302	89	CHILD
3472.302	3472.51	472	WAS
3472.51	3472.851	176	GENTLY
3472.851	3473.422	410	SUBDUED
3473.422	3473.642	73	BY
3473.642	3473.851	208	HIS
3473.851	3474.062	52	BIG
3474.062	3474.572	66	BROTHER
3474.572	3483.202	99999	{NS}
3483.202	3483.38	99999	{NS}
3483.38	3483.7309999999998	142	EVEN
3483.7309999999998	3483.802	1	A
3483.802	3484.312	383	SIMPLE
3484.312	3485.221	468	VOCABULARY
3485.221	3485.802	104	CONTAINS
3485.802	3486.642	422	SYMBOLS
3486.642	3494.072	99999	{NS}
3494.072	3494.13	99999	sp
3494.13	3495.922	99999	{NS}
3495.922	3496.062	1	A
3496.062	3496.471	110	CRAB
3496.471	3498.0	85	CHALLENGED
3498.0	3498.502	402	STAB
3498.502	3499.421	207	HIM
3499.421	3500.179	99999	{NS}
3500.179	3507.339	99999	{NS}
3507.339	3507.669	99999	sp
3507.669	3508.271	183	GLUCOSE
3508.271	3508.502	20	AND
3508.502	3509.199	167	FRUCTOSE
3509.199	3509.339	30	ARE
3509.339	3509.789	276	NATURAL
3509.789	3510.399	414	SUGARS
3510.399	3510.832	163	FOUND
3510.832	3511.002	217	IN
3511.002	3511.559	168	FRUIT
3511.559	3519.412	99999	{NS}
3519.412	3519.642	99999	{NS}
3519.642	3519.672	30	ARE
3519.672	3519.802	495	YOU
3519.802	3520.181	250	LOOKING
3520.181	3520.431	161	FOR
3520.431	3521.072	88888	EMPLOYMEN
3521.072	3529.052	99999	{NS}
3529.052	3529.122	99999	sp
3529.122	3530.979	99999	{NS}
3530.979	3531.38	98	COFFEE
3531.38	3531.761	224	IS
3531.761	3532.179	198	GROWN
3532.179	3532.419	297	ON
3532.419	3532.919	404	STEEP
3532.919	3532.929	99999	sp
3532.929	3533.392	231	JUNGLE
3533.392	3533.619	241	LIKE
3533.619	3534.151	390	SLOPES
3534.151	3534.38	217	IN
3534.38	3534.909	431	TEMPERATE
3534.909	3535.599	497	ZONES
3535.599	3538.669	99999	{NS}
3538.669	3544.401	99999	{NS}
3544.401	3544.619	99999	sp
3544.619	3544.84	476	WE
3544.84	3545.229	480	WELCOME
3545.229	3545.52	256	MANY
3545.52	3545.712	282	NEW
3545.712	3546.369	408	STUDENTS
3546.369	3546.789	132	EACH
3546.789	3547.219	491	YEAR
3547.219	3557.322	99999	{NS}
3557.322	3557.429	99999	sp
3557.429	3557.559	99999	{NS}
3557.559	3557.969	298	ONLY
3557.969	3558.072	434	THE
3558.072	3558.462	51	BEST
3558.462	3558.929	330	PLAYERS
3558.929	3559.392	139	ENJOY
3559.392	3560.289	336	POPULARITY
3560.289	3560.779	99999	{NS}
3560.779	3560.84	99999	sp
3560.84	3568.712	99999	{NS}
3568.712	3569.352	75	CALCIUM
3569.352	3569.611	254	MAKES
3569.611	3570.12	58	BONES
3570.12	3570.37	20	AND
3570.37	3570.742	430	TEETH
3570.742	3570.802	99999	sp
3570.802	3571.421	406	STRONG
3571.421	3572.18	99999	{NS}
3572.18	3579.281	99999	{NS}
3579.281	3579.772	286	NOTHING
3579.772	3580.052	224	IS
3580.052	3580.331	34	AS
3580.331	3581.052	295	OFFENSIVE
3581.052	3581.37	34	AS
3581.37	3582.162	219	INNOCENCE
3582.162	3587.861	99999	{NS}
3587.861	3587.93	99999	sp
3587.93	3591.001	99999	{NS}
3591.001	3591.632	405	STEVE
3591.632	3591.941	490	WORE
3591.941	3591.971	1	A
3591.971	3592.43	65	BRIGHT
3592.43	3592.662	356	RED
3592.662	3593.251	78	CASHMERE
3593.251	3593.831	420	SWEATER
3593.831	3594.441	99999	{NS}
3594.441	3602.98	99999	{NS}
3602.98	3603.441	46	BARB'S
3603.441	3603.751	188	GOLD
3603.751	3604.37	63	BRACELET
3604.37	3604.522	472	WAS
3604.522	3604.59	1	A
3604.59	3605.311	193	GRADUATION
3605.311	3605.9	339	PRESENT
3605.9	3614.04	99999	{NS}
3614.04	3614.221	99999	sp
3614.221	3614.552	99999	{NS}
3614.552	3614.641	130	DRAW
3614.641	3615.031	145	EVERY
3615.031	3615.34	308	OUTER
3615.34	3615.68	244	LINE
3615.68	3616.34	156	FIRST
3616.34	3616.751	436	THEN
3616.751	3617.031	154	FILL
3617.031	3617.29	217	IN
3617.29	3617.4	434	THE
3617.4	3618.132	222	INTERIOR
3618.132	3624.391	99999	{NS}
3624.391	3626.492	99999	{NS}
3626.492	3626.602	434	THE
3626.602	3626.962	475	WATER
3626.962	3627.552	88888	CONTAIN
3627.552	3627.852	448	TOO
3627.852	3628.102	269	MUCH
3628.102	3628.702	90	CHLORINE
3628.702	3628.912	20	AND
3628.912	3629.342	409	STUNG
3629.342	3629.552	208	HIS
3629.552	3630.132	149	EYES
3630.132	3630.912	99999	{NS}
3630.912	3639.592	99999	{NS}
3639.592	3640.002	99999	sp
3640.002	3640.462	229	JOHN'S
3640.462	3640.852	66	BROTHER
3640.852	3641.532	363	REPAINTED
3641.532	3641.632	434	THE
3641.632	3642.202	173	GARAGE
3642.202	3642.642	129	DOOR
3642.642	3643.372	99999	{NS}
3643.372	3652.672	99999	{NS}
3652.672	3653.162	84	CHALLENGE
3653.162	3653.552	132	EACH
3653.552	3654.132	175	GENERAL'S
3654.132	3655.212	221	INTELLIGENCE
3655.212	3665.102	99999	{NS}
3665.102	3665.151	99999	sp
3665.151	3665.332	99999	{NS}
3665.332	3666.172	17	AMBIDEXTROUS
3666.172	3666.931	327	PICKPOCKETS
3666.931	3667.702	6	ACCOMPLISH
3667.702	3668.112	267	MORE
3668.112	3676.422	99999	{NS}
3676.422	3676.622	99999	{NS}
3676.622	3676.651	1	A
3676.651	3677.132	271	MUSCULAR
3677.132	3677.822	2	ABDOMEN
3677.822	3678.072	224	IS
3678.072	3678.362	189	GOOD
3678.362	3678.592	161	FOR
3678.592	3678.752	496	YOUR
3678.752	3679.122	43	BACK
3679.122	3680.022	99999	{NS}
3680.022	3680.052	99999	sp
3680.052	3688.632	99999	{NS}
3688.632	3688.752	99999	sp
3688.752	3689.022	438	THEY
3689.022	3689.422	317	OWN
3689.422	3689.532	1	A
3689.532	3689.782	52	BIG
3689.782	3690.272	209	HOUSE
3690.272	3690.462	217	IN
3690.462	3690.532	434	THE
3690.532	3690.952	361	REMOTE
3690.952	3691.752	109	COUNTRYSIDE
3691.752	3692.762	99999	{NS}
3692.762	3692.792	99999	sp
3692.792	3701.212	99999	{NS}
3701.212	3701.482	99999	sp
3701.482	3701.592	434	THE
3701.592	3702.032	369	ROSE
3702.032	3702.722	106	CORSAGE
3702.722	3703.222	393	SMELLED
3703.222	3703.742	421	SWEET
3703.742	3704.292	99999	{NS}
3704.292	3712.832	99999	{NS}
3712.832	3713.002	99999	sp
3713.002	3713.372	433	THAT
3713.372	3714.092	326	PICKPOCKET
3714.092	3714.262	472	WAS
3714.262	3714.572	80	CAUGHT
3714.572	3714.792	356	RED
3714.792	3715.272	199	HANDED
3715.272	3722.072	99999	{NS}
3722.072	3723.942	99999	{NS}
3723.942	3724.012	99999	sp
3724.012	3724.192	19	AN
3724.192	3724.662	9	ADULT
3724.662	3724.901	255	MALE
3724.901	3725.492	42	BABOON'S
3725.492	3725.852	430	TEETH
3725.852	3726.032	30	ARE
3726.032	3726.342	285	NOT
3726.342	3726.952	415	SUITABLE
3726.952	3727.172	161	FOR
3727.172	3727.612	135	EATING
3727.612	3728.422	376	SHELLFISH
3728.422	3731.401	99999	{NS}
3731.401	3731.472	99999	sp
3731.472	3736.532	99999	{NS}
3736.532	3736.792	204	HER
3736.792	3737.322	470	WARDROBE
3737.322	3737.342	99999	sp
3737.342	3737.972	102	CONSISTS
3737.972	3738.181	294	OF
3738.181	3738.562	298	ONLY
3738.562	3739.192	385	SKIRTS
3739.192	3739.452	20	AND
3739.452	3740.192	54	BLOUSES
3740.192	3741.002	99999	{NS}
3741.002	3750.422	99999	{NS}
3750.422	3750.552	434	THE
3750.552	3750.862	453	TWO
3750.862	3751.462	33	ARTISTS
3751.462	3752.292	147	EXCHANGED
3752.292	3752.312	99999	sp
3752.312	3753.202	39	AUTOGRAPHS
3753.202	3761.721	99999	{NS}
3761.721	3763.531	99999	{NS}
3763.531	3764.232	71	BUTTERSCOTCH
3764.232	3764.291	99999	sp
3764.291	3764.742	169	FUDGE
3764.742	3765.002	186	GOES
3765.002	3765.302	481	WELL
3765.302	3765.432	487	WITH
3765.432	3765.462	99999	sp
3765.462	3765.762	463	VANILLA
3765.762	3766.212	212	ICE
3766.212	3766.672	112	CREAM
3766.672	3767.651	99999	{NS}
3767.651	3777.492	99999	{NS}
3777.492	3777.582	99999	sp
3777.582	3778.022	366	RICH
3778.022	3778.522	349	PURCHASED
3778.522	3779.002	374	SEVERAL
3779.002	3779.411	382	SIGNED
3779.411	3780.302	245	LITHOGRAPHS
3780.302	3787.942	99999	{NS}
3787.942	3787.962	99999	sp
3787.962	3789.781	99999	{NS}
3789.781	3790.161	24	ANY
3790.161	3791.031	105	CONTRIBUTIONS
3791.031	3791.182	485	WILL
3791.182	3791.382	47	BE
3791.382	3791.851	195	GREATLY
3791.851	3792.651	28	APPRECIATED
3792.651	3793.642	99999	{NS}
3793.642	3801.432	99999	{NS}
3801.432	3801.531	434	THE
3801.531	3802.172	111	CRANBERRY
3802.172	3802.541	57	BOG
3802.541	3802.612	99999	sp
3802.612	3802.932	178	GETS
3802.932	3803.291	465	VERY
3803.291	3803.672	340	PRETTY
3803.672	3803.911	217	IN
3803.911	3804.432	40	AUTUMN
3804.432	3805.541	99999	{NS}
3805.541	3813.291	99999	{NS}
3813.291	3813.512	210	HOW
3813.512	3813.772	128	DO
3813.772	3814.291	318	OYSTERS
3814.291	3814.512	253	MAKE
3814.512	3815.132	320	PEARLS
3815.132	3820.091	99999	{NS}
3820.091	3820.182	99999	sp
3820.182	3824.601	99999	{NS}
3824.601	3824.922	257	MAY
3824.922	3824.971	211	I
3824.971	3825.372	304	ORDER
3825.372	3825.401	1	A
3825.401	3825.922	319	PARFAIT
3825.922	3826.232	10	AFTER
3826.232	3826.411	211	I
3826.411	3826.572	134	EAT
3826.572	3826.922	124	DINNER
3826.922	3834.552	99999	{NS}
3834.552	3836.312	99999	{NS}
3836.312	3836.471	224	IS
3836.471	3836.622	375	SHE
3836.622	3836.982	187	GOING
3836.982	3837.182	487	WITH
3837.182	3837.192	99999	sp
3837.192	3837.462	495	YOU
3837.462	3838.541	99999	{NS}
3838.541	3846.832	99999	{NS}
3846.832	3847.012	76	CAN
3847.012	3847.082	434	THE
3847.082	3847.742	11	AGENCY
3847.742	3848.401	315	OVERTHROW
3848.401	3848.862	13	ALIEN
3848.862	3849.492	162	FORCES
3849.492	3850.372	99999	{NS}
3850.372	3858.362	99999	{NS}
3858.362	3858.392	99999	sp
3858.392	3858.492	1	A
3858.492	3859.172	371	SCREWDRIVER
3859.172	3859.512	224	IS
3859.512	3859.851	252	MADE
3859.851	3860.091	166	FROM
3860.091	3860.442	469	VODKA
3860.442	3860.832	20	AND
3860.832	3861.291	303	ORANGE
3861.291	3861.772	230	JUICE
3861.772	3868.862	99999	{NS}
3868.862	3870.332	99999	{NS}
3870.332	3870.682	99999	sp
3870.682	3870.872	210	HOW
3870.872	3871.082	269	MUCH
3871.082	3871.632	16	ALLOWANCE
3871.632	3871.772	128	DO
3871.772	3871.942	495	YOU
3871.942	3872.281	177	GET
3872.281	3873.572	99999	{NS}
3873.572	3882.172	99999	{NS}
3882.172	3882.232	99999	sp
3882.232	3882.822	115	CYCLICAL
3882.822	3883.452	346	PROGRAMS
3883.452	3883.582	485	WILL
3883.582	3883.892	281	NEVER
3883.892	3884.562	100	COMPILE
3884.562	3889.082	99999	{NS}
3889.082	3893.522	99999	{NS}
3893.522	3893.692	99999	sp
3893.692	3893.872	434	THE
3893.872	3894.422	61	BOSTON
3894.422	3894.971	45	BALLET
3894.971	3895.622	312	OVERCAME
3895.622	3895.862	435	THEIR
3895.862	3896.262	170	FUNDING
3896.262	3896.971	380	SHORTAGE
3896.971	3897.971	99999	{NS}
3897.971	3905.872	99999	{NS}
3905.872	3905.922	99999	sp
3905.922	3906.291	145	EVERY
3906.291	3906.742	74	CAB
3906.742	3907.012	280	NEEDS
3907.012	3907.601	364	REPAINTING
3907.601	3908.212	296	OFTEN
3908.212	3917.192	99999	{NS}
3917.192	3917.332	99999	{NS}
3917.332	3917.672	203	HELP
3917.672	3918.062	196	GREG
3918.062	3918.082	99999	sp
3918.082	3918.272	446	TO
3918.272	3918.531	325	PICK
3918.531	3918.622	1	A
3918.622	3918.901	321	PECK
3918.901	3919.012	294	OF
3919.012	3919.752	338	POTATOES
3919.752	3927.432	99999	{NS}
3927.432	3929.151	99999	{NS}
3929.151	3929.312	476	WE
3929.312	3929.601	241	LIKE
3929.601	3929.841	55	BLUE
3929.841	3930.341	88	CHEESE
3930.341	3930.572	70	BUT
3930.572	3930.922	466	VICTOR
3930.922	3931.302	242	LIKES
3931.302	3931.742	64	BRIE
3931.742	3940.462	99999	{NS}
3940.462	3940.802	99999	sp
3940.802	3940.882	99999	{NS}
3940.882	3941.302	108	COUNT
3941.302	3941.432	434	THE
3941.432	3941.862	289	NUMBER
3941.862	3941.932	294	OF
3941.932	3942.552	429	TEASPOONS
3942.552	3942.632	294	OF
3942.632	3943.242	395	SOYSAUCE
3943.242	3943.362	433	THAT
3943.362	3943.591	495	YOU
3943.591	3943.901	7	ADD
3943.901	3944.781	99999	{NS}
3944.781	3954.372	99999	{NS}
3954.372	3954.442	99999	sp
3954.442	3955.182	44	BAGPIPES
3955.182	3955.462	20	AND
3955.462	3956.101	59	BONGOS
3956.101	3956.221	30	ARE
3956.221	3956.841	273	MUSICAL
3956.841	3957.772	220	INSTRUMENTS
3957.772	3963.612	99999	{NS}
3963.612	3965.442	99999	{NS}
3965.442	3965.672	210	HOW
3965.672	3965.982	189	GOOD
3965.982	3966.192	224	IS
3966.192	3966.372	496	YOUR
3966.372	3967.161	138	ENDURANCE
3967.161	3989.031	99999	{NS}
