322.5173125	322.9273125	142	EVEN
322.9273125	323.23731250000003	211	I
323.23731250000003	323.9373125	293	OCCASIONALLY
323.9373125	324.1973125	177	GET
324.1973125	324.3073125	434	THE
324.3073125	324.6773125	265	MONDAY
324.6773125	325.2763125	56	BLUES
325.2763125	342.629125	99999	sp
342.629125	343.029125	354	READING
343.029125	343.049125	99999	sp
343.049125	343.319125	217	IN
343.319125	343.328125	99999	sp
343.328125	343.549125	335	POOR
343.549125	343.929125	240	LIGHT
343.929125	343.948125	99999	sp
343.948125	344.249125	181	GIVES
344.249125	344.409125	495	YOU
344.409125	345.148125	150	EYESTRAIN
345.148125	354.989	99999	sp
354.989	355.159	476	WE
355.159	355.359	30	ARE
355.359	355.779	301	OPEN
355.779	356.24899999999997	145	EVERY
356.24899999999997	356.589	265	MONDAY
356.589	357.229	143	EVENING
357.229	366.3107641120353	99999	sp
366.3107641120353	366.55787499999997	375	SHE
366.55787499999997	366.838875	490	WORE
366.838875	367.27887499999997	471	WARM
367.27887499999997	367.90887499999997	158	FLEECY
367.90887499999997	368.357875	489	WOOLEN
368.357875	369.318875	311	OVERALLS
369.318875	475.890625	99999	sp
1063.4986250000002	1063.608625	99999	sp
1063.608625	1064.2606250000001	46	BARB'S
1064.2606250000001	1064.608625	188	GOLD
1064.608625	1065.2306250000001	63	BRACELET
1065.2306250000001	1065.399625	472	WAS
1065.399625	1065.468625	1	A
1065.468625	1066.2396250000002	193	GRADUATION
1066.2396250000002	1066.780625	339	PRESENT
1066.780625	1075.938	99999	sp
1075.938	1076.049	434	THE
1076.049	1076.328	453	TWO
1076.328	1076.969	33	ARTISTS
1076.969	1077.8490000000002	147	EXCHANGED
1077.8490000000002	1078.698	39	AUTOGRAPHS
1078.698	1087.7021875	99999	sp
1087.7021875	1087.9021874999999	434	THE
1087.9021874999999	1088.5221875	61	BOSTON
1088.5221875	1089.0621875	45	BALLET
1089.0621875	1089.7621875	312	OVERCAME
1089.7621875	1089.9211875	435	THEIR
1089.9211875	1090.3421875	170	FUNDING
1090.3421875	1091.0021875	380	SHORTAGE
1091.0021875	1098.758	99999	sp
1098.758	1098.9080000000001	224	IS
1098.9080000000001	1099.0480000000002	375	SHE
1099.0480000000002	1099.448	187	GOING
1099.448	1099.6370000000002	487	WITH
1099.6370000000002	1099.9180000000001	495	YOU
1099.9180000000001	1109.303375	99999	sp
1109.303375	1109.363375	99999	sp
1109.363375	1109.9733749999998	75	CALCIUM
1109.9733749999998	1110.2553749999997	254	MAKES
1110.2553749999997	1110.7353749999997	58	BONES
1110.7353749999997	1110.9943749999998	20	AND
1110.9943749999998	1111.3953749999998	430	TEETH
1111.3953749999998	1111.4343749999998	99999	sp
1111.4343749999998	1112.044375	406	STRONG
1112.044375	1120.2965625	99999	sp
1120.2965625	1120.5465625	210	HOW
1120.5465625	1120.7965625	269	MUCH
1120.7965625	1121.4465625	16	ALLOWANCE
1121.4465625	1121.5865625	128	DO
1121.5865625	1121.8565624999999	495	YOU
1121.8565624999999	1122.2165625	177	GET
1122.2165625	1122.2665625	99999	sp
1122.2665625	1131.3516875	99999	sp
1131.3516875	1132.1116875	44	BAGPIPES
1132.1116875	1132.4216875	20	AND
1132.4216875	1133.0116875	59	BONGOS
1133.0116875	1133.1716875	30	ARE
1133.1716875	1133.7116875	273	MUSICAL
1133.7116875	1134.5716875	220	INSTRUMENTS
1134.5716875	1143.9613125	99999	sp
1143.9613125	1144.4613125	366	RICH
1144.4613125	1145.1303125	349	PURCHASED
1145.1303125	1145.7913125	374	SEVERAL
1145.7913125	1146.2413125	382	SIGNED
1146.2413125	1147.1513125000001	245	LITHOGRAPHS
1147.1513125000001	1156.285875	99999	sp
1156.285875	1156.375875	99999	sp
1156.375875	1156.705875	438	THEY
1156.705875	1157.065875	317	OWN
1157.065875	1157.225875	1	A
1157.225875	1157.4658749999999	52	BIG
1157.4658749999999	1157.9658749999999	209	HOUSE
1157.9658749999999	1158.2158749999999	217	IN
1158.2158749999999	1158.285875	434	THE
1158.285875	1158.695875	361	REMOTE
1158.695875	1159.4658749999999	109	COUNTRYSIDE
1159.4658749999999	1168.6103125	99999	sp
1168.6103125	1169.1213125	84	CHALLENGE
1169.1213125	1169.5613125	132	EACH
1169.5613125	1170.1713124999999	175	GENERAL'S
1170.1713124999999	1171.1013125	221	INTELLIGENCE
1171.1013125	1181.1651497564612	99999	sp
1181.1651497564612	1181.5551497564613	433	THAT
1181.5551497564613	1181.5751497564613	99999	sp
1181.5751497564613	1182.3551497564613	326	PICKPOCKET
1182.3551497564613	1182.5551497564613	472	WAS
1182.5551497564613	1182.8551497564613	80	CAUGHT
1182.8551497564613	1183.1151497564613	356	RED
1183.1151497564613	1183.5451497564613	199	HANDED
1183.5451497564613	1191.4199375	99999	sp
1191.4199375	1191.7799375	443	THOSE
1191.7799375	1191.9199375	484	WHO
1191.9199375	1192.2599375	427	TEACH
1192.2599375	1192.8799375	462	VALUES
1192.8799375	1192.9199375	99999	sp
1192.9199375	1193.3679375000002	156	FIRST
1193.3679375000002	1193.9199375	4	ABOLISH
1193.9199375	1194.4099375	87	CHEATING
1194.4099375	1205.0322078361446	99999	sp
1205.0322078361446	1205.1652848176468	30	ARE
1205.1652848176468	1205.2962848176467	495	YOU
1205.2962848176467	1205.6762848176468	250	LOOKING
1205.6762848176468	1205.9262848176468	161	FOR
1205.9262848176468	1206.5962848176468	88888	EMPLOYMEN
1206.5962848176468	1596.2857733049555	99999	sp
2192.538572388226	2192.7575	76	CAN
2192.7575	2192.8265	434	THE
2192.8265	2193.478162428038	11	AGENCY
2193.478162428038	2194.1775000000002	315	OVERTHROW
2194.1775000000002	2194.7175	13	ALIEN
2194.7175	2195.4075000000003	162	FORCES
2195.4075000000003	2204.180125	99999	sp
2204.180125	2204.3301249999995	476	WE
2204.3301249999995	2204.520125	30	ARE
2204.520125	2204.950125	301	OPEN
2204.950125	2205.3301249999995	145	EVERY
2205.3301249999995	2205.959125	88888	MONDAIM
2205.959125	2206.5001249999996	143	EVENING
2206.5001249999996	2216.3905	99999	sp
2216.3905	2216.6814999999997	210	HOW
2216.6814999999997	2217.0705	189	GOOD
2217.0705	2217.3115	224	IS
2217.3115	2217.4314999999997	496	YOUR
2217.4314999999997	2218.3205	138	ENDURANCE
2218.3205	2227.5998125	99999	sp
2227.5998125	2227.9288125000003	203	HELP
2227.9288125000003	2227.9398125000002	99999	sp
2227.9398125000002	2228.3398125000003	196	GREG
2228.3398125000003	2228.5588125000004	446	TO
2228.5588125000004	2228.8398125000003	325	PICK
2228.8398125000003	2228.9888125	1	A
2228.9888125	2229.2598125000004	321	PECK
2229.2598125000004	2229.3798125000003	294	OF
2229.3798125000003	2230.0698125000004	338	POTATOES
2230.0698125000004	2238.2569375000003	99999	sp
2238.2569375000003	2238.3269375	99999	{NS}
2238.3269375	2238.6769375000003	142	EVEN
2238.6769375000003	2238.9269375000003	211	I
2238.9269375000003	2239.7969375000002	293	OCCASIONALLY
2239.7969375000002	2240.0959375	177	GET
2240.0959375	2240.2069375	434	THE
2240.2069375	2240.5859375	265	MONDAY
2240.5859375	2241.2269375	56	BLUES
2241.2269375	2249.8267017954045	99999	sp
2249.8267017954045	2249.9080625	1	A
2249.9080625	2250.5480625	271	MUSCULAR
2250.5480625	2251.2580625	2	ABDOMEN
2251.2580625	2251.4480625	224	IS
2251.4480625	2251.6670625	189	GOOD
2251.6670625	2251.8980625000004	161	FOR
2251.8980625000004	2252.0380625	496	YOUR
2252.0380625	2252.3780625	43	BACK
2252.3780625	2261.30725	99999	sp
2261.30725	2261.6992499999997	142	EVEN
2261.6992499999997	2261.7972499999996	1	A
2261.7972499999996	2262.32925	383	SIMPLE
2262.32925	2263.24925	468	VOCABULARY
2263.24925	2263.81725	104	CONTAINS
2263.81725	2264.55725	422	SYMBOLS
2264.55725	2273.4975000000004	99999	sp
2273.4975000000004	2273.5675	99999	sp
2273.5675	2274.0585	46	BARB'S
2274.0585	2274.3785000000003	188	GOLD
2274.3785000000003	2274.9485000000004	63	BRACELET
2274.9485000000004	2275.1285000000003	472	WAS
2275.1285000000003	2275.1865000000003	1	A
2275.1865000000003	2275.9055	193	GRADUATION
2275.9055	2276.4575000000004	339	PRESENT
2276.4575000000004	2285.98925	99999	sp
2285.98925	2286.48925	229	JOHN'S
2286.48925	2286.95025	66	BROTHER
2286.95025	2287.54825	363	REPAINTED
2287.54825	2287.6402500000004	434	THE
2287.6402500000004	2288.1492500000004	173	GARAGE
2288.1492500000004	2288.5782500000005	129	DOOR
2288.5782500000005	2297.8431380941956	99999	sp
2297.8431380941956	2297.9131380941953	99999	sp
2297.9131380941953	2298.0021380941953	1	A
2298.0021380941953	2298.6731380941956	371	SCREWDRIVER
2298.6731380941956	2299.0721380941955	224	IS
2299.0721380941955	2299.4421380941953	252	MADE
2299.4421380941953	2299.6421380941956	166	FROM
2299.6421380941956	2300.0021380941953	469	VODKA
2300.0021380941953	2300.3921380941956	20	AND
2300.3921380941956	2300.7521380941953	303	ORANGE
2300.7521380941953	2301.3731380941954	230	JUICE
2301.3731380941954	2309.9433125000005	99999	sp
2309.9433125000005	2310.0713125	99999	{NS}
2310.0713125	2310.5833125	84	CHALLENGE
2310.5833125	2311.0323125000004	132	EACH
2311.0323125000004	2311.6333125	175	GENERAL'S
2311.6333125	2312.6213125000004	221	INTELLIGENCE
2312.6213125000004	2321.94475	99999	sp
2321.94475	2322.13475	210	HOW
2322.13475	2322.41475	128	DO
2322.41475	2322.99375	318	OYSTERS
2322.99375	2323.21475	253	MAKE
2323.21475	2323.86375	320	PEARLS
2323.86375	2330.8345	99999	sp
2330.8345	2330.9945	434	THE
2330.9945	2331.2955	475	WATER
2331.2955	2332.0455	103	CONTAINED
2332.0455	2332.0635	99999	sp
2332.0635	2332.3635	448	TOO
2332.3635	2332.6045	269	MUCH
2332.6045	2333.2155	90	CHLORINE
2333.2155	2333.4444999999996	20	AND
2333.4444999999996	2333.7355	409	STUNG
2333.7355	2334.0155	208	HIS
2334.0155	2334.5635	149	EYES
2334.5635	2344.6616875	99999	sp
2344.6616875	2344.8816875	204	HER
2344.8816875	2345.4926875	470	WARDROBE
2345.4926875	2346.2126875	102	CONSISTS
2346.2126875	2346.4226875	294	OF
2346.4226875	2346.7826875	298	ONLY
2346.7826875	2347.3726875	385	SKIRTS
2347.3726875	2347.6126875	20	AND
2347.6126875	2348.3926874999997	54	BLOUSES
2348.3926874999997	2356.6702455579707	99999	sp
2356.6702455579707	2356.8048169731405	99999	{NS}
2356.8048169731405	2357.1612455579707	130	DRAW
2357.1612455579707	2357.501245557971	145	EVERY
2357.501245557971	2357.8792455579705	308	OUTER
2357.8792455579705	2358.301245557971	244	LINE
2358.301245557971	2358.9592455579705	156	FIRST
2358.9592455579705	2359.260245557971	99999	sp
2359.260245557971	2359.599245557971	436	THEN
2359.599245557971	2359.8702455579705	154	FILL
2359.8702455579705	2360.019245557971	217	IN
2360.019245557971	2360.1612455579707	434	THE
2360.1612455579707	2360.8312455579708	222	INTERIOR
2360.8312455579708	2369.479969283401	99999	sp
2369.479969283401	2369.669969283401	434	THE
2369.669969283401	2370.3699692834007	111	CRANBERRY
2370.3699692834007	2370.8499692834007	57	BOG
2370.8499692834007	2371.209969283401	178	GETS
2371.209969283401	2371.6099692834005	465	VERY
2371.6099692834005	2371.9389692834006	340	PRETTY
2371.9389692834006	2372.198969283401	217	IN
2372.198969283401	2372.729969283401	40	AUTUMN
2372.729969283401	2381.5955889558227	99999	sp
2381.5955889558227	2381.711974695906	99999	{NS}
2381.711974695906	2381.8455889558227	30	ARE
2381.8455889558227	2381.975588955823	495	YOU
2381.975588955823	2382.3455889558227	250	LOOKING
2382.3455889558227	2382.575588955823	161	FOR
2382.575588955823	2383.215588955823	88888	EMPLOYMEN
2383.215588955823	2392.2513983049557	99999	sp
2392.2513983049557	2392.5103983049557	375	SHE
2392.5103983049557	2392.801398304956	490	WORE
2392.801398304956	2393.2603983049557	471	WARM
2393.2603983049557	2393.820398304956	158	FLEECY
2393.820398304956	2394.241398304956	489	WOOLEN
2394.241398304956	2395.0413983049557	311	OVERALLS
2395.0413983049557	2403.8111875	99999	sp
2403.8111875	2404.5911875	71	BUTTERSCOTCH
2404.5911875	2405.2011875	169	FUDGE
2405.2011875	2405.3711875	99999	sp
2405.3711875	2405.6211875	186	GOES
2405.6211875	2405.9811874999996	481	WELL
2405.9811874999996	2406.1811875	487	WITH
2406.1811875	2406.4811874999996	463	VANILLA
2406.4811874999996	2406.9311875	212	ICE
2406.9311875	2407.3611874999997	112	CREAM
2407.3611874999997	2416.240625	99999	sp
2416.240625	2416.841625	115	CYCLICAL
2416.841625	2417.511625	346	PROGRAMS
2417.511625	2417.6416249999997	485	WILL
2417.6416249999997	2417.961625	281	NEVER
2417.961625	2418.610625	100	COMPILE
2418.610625	2428.6086875	99999	sp
2428.6086875	2428.6786875000003	99999	{NS}
2428.6786875000003	2428.7686875	434	THE
2428.7686875	2429.2186875	369	ROSE
2429.2186875	2429.9386875	106	CORSAGE
2429.9386875	2430.5286875	393	SMELLED
2430.5286875	2431.0486875	421	SWEET
2431.0486875	2431.0986875000003	99999	sp
2431.0986875000003	2440.8129269329675	99999	sp
2440.8129269329675	2441.4819269329673	183	GLUCOSE
2441.4819269329673	2441.7029269329673	20	AND
2441.7029269329673	2442.3619269329674	167	FRUCTOSE
2442.3619269329674	2442.591926932967	30	ARE
2442.591926932967	2443.0529269329672	276	NATURAL
2443.0529269329672	2443.6309269329677	414	SUGARS
2443.6309269329677	2444.0229269329675	163	FOUND
2444.0229269329675	2444.2319269329673	217	IN
2444.2319269329673	2444.6309269329677	168	FRUIT
2444.6309269329677	2453.5094912892864	99999	sp
2453.5094912892864	2453.602050402376	99999	{NS}
2453.602050402376	2453.7883629179164	1	A
2453.7883629179164	2454.1494912892867	110	CRAB
2454.1494912892867	2454.7204912892867	85	CHALLENGED
2454.7204912892867	2455.070491289287	258	ME
2455.070491289287	2455.1294912892863	99999	sp
2455.1294912892863	2455.538491289287	70	BUT
2455.538491289287	2455.570491289287	1	A
2455.570491289287	2455.8994912892867	350	QUICK
2455.8994912892867	2456.3894912892865	402	STAB
2456.3894912892865	2456.4084912892868	99999	sp
2456.4084912892868	2456.9304912892867	464	VANQUISHED
2456.9304912892867	2457.2694912892866	207	HIM
2457.2694912892866	2465.9521250000003	99999	sp
2465.9521250000003	2466.242125	226	IT'S
2466.242125	2466.4811250000002	285	NOT
2466.4811250000002	2466.842125	133	EASY
2466.842125	2466.9811250000002	446	TO
2466.9811250000002	2467.4211250000003	113	CREATE
2467.4211250000003	2468.1421250000003	215	ILLUMINATING
2468.1421250000003	2469.0221250000004	146	EXAMPLES
2469.0221250000004	2477.3870625	99999	sp
2477.3870625	2477.7570625	270	MUM
2477.7570625	2478.3870625	407	STRONGLY
2478.3870625	2478.9970625	126	DISLIKES
2478.9970625	2480.0070625	27	APPETIZERS
2480.0070625	2489.1284375000005	99999	sp
2489.1284375000005	2489.1584375	99999	sp
2489.1584375	2489.6384375000002	443	THOSE
2489.6384375000002	2489.7784375	484	WHO
2489.7784375	2490.1174375	427	TEACH
2490.1174375	2490.7684375000003	462	VALUES
2490.7684375000003	2491.1484375000005	156	FIRST
2491.1484375000005	2491.7684375000003	4	ABOLISH
2491.7684375000003	2492.2974375000003	87	CHEATING
2492.2974375000003	2500.7436875	99999	sp
2500.7436875	2500.8546875	434	THE
2500.8546875	2501.3846875	61	BOSTON
2501.3846875	2501.9146875	45	BALLET
2501.9146875	2502.6046875	312	OVERCAME
2502.6046875	2502.7436875	435	THEIR
2502.7436875	2503.1546875	170	FUNDING
2503.1546875	2503.8136875	380	SHORTAGE
2503.8136875	2511.33103824948	99999	sp
2511.33103824948	2511.7264375	108	COUNT
2511.7264375	2511.8384375	434	THE
2511.8384375	2512.2654375	289	NUMBER
2512.2654375	2512.4026351368498	294	OF
2512.4026351368498	2513.0054375	429	TEASPOONS
2513.0054375	2513.0984375000003	294	OF
2513.0984375000003	2513.7554375	395	SOYSAUCE
2513.7554375	2513.8764375	433	THAT
2513.8764375	2514.0864375	495	YOU
2514.0864375	2514.4364375	7	ADD
2514.4364375	2522.6619374999996	99999	sp
2522.6619374999996	2522.7819375	99999	{NS}
2522.7819375	2523.1419374999996	145	EVERY
2523.1419374999996	2523.6319375	74	CAB
2523.6319375	2523.9519374999995	280	NEEDS
2523.9519374999995	2524.5919375	364	REPAINTING
2524.5919375	2525.2119374999997	296	OFTEN
2525.2119374999997	2535.4606197575067	99999	sp
2535.4606197575067	2535.668619757507	476	WE
2535.668619757507	2536.021619757507	480	WELCOME
2536.021619757507	2536.4006197575072	256	MANY
2536.4006197575072	2536.588619757507	282	NEW
2536.588619757507	2537.188619757507	408	STUDENTS
2537.188619757507	2537.5716197575066	132	EACH
2537.5716197575066	2538.001619757507	491	YEAR
2538.001619757507	2547.5566875	99999	sp
2547.5566875	2547.7266874999996	434	THE
2547.7266874999996	2548.0566875	453	TWO
2548.0566875	2548.7366875	33	ARTISTS
2548.7366875	2549.5566875	147	EXCHANGED
2549.5566875	2549.6056875	99999	sp
2549.6056875	2550.6056875	88888	PHOTOGRAPHS
2550.6056875	2551.7866875	99999	sp
2551.7866875	2552.5466875	39	AUTOGRAPHS
2552.5466875	2561.939580202398	99999	sp
2561.939580202398	2562.0364375	434	THE
2562.0364375	2562.6174375	165	FRIGHTENED
2562.6174375	2563.0864375	89	CHILD
2563.0864375	2563.3274375	472	WAS
2563.3274375	2563.6974375	176	GENTLY
2563.6974375	2564.2864375	410	SUBDUED
2564.2864375	2564.5474375	73	BY
2564.5474375	2564.7864375	208	HIS
2564.7864375	2565.0264374999997	52	BIG
2565.0264374999997	2565.5474375	66	BROTHER
2565.5474375	2574.628625	99999	sp
2574.628625	2575.028625	98	COFFEE
2575.028625	2575.457625	224	IS
2575.457625	2575.8886249999996	198	GROWN
2575.8886249999996	2576.158625	297	ON
2576.158625	2576.697625	404	STEEP
2576.697625	2577.148625	231	JUNGLE
2577.148625	2577.398625	241	LIKE
2577.398625	2577.957625	390	SLOPES
2577.957625	2578.207625	217	IN
2578.207625	2578.7366249999995	431	TEMPERATE
2578.7366249999995	2579.3466249999997	497	ZONES
2579.3466249999997	2599.4679375	99999	sp
2599.4679375	2599.5889375	99999	sp
2599.5889375	2599.9489375000003	257	MAY
2599.9489375000003	2599.9989375000005	211	I
2599.9989375000005	2600.3089375	304	ORDER
2600.3089375	2600.3589375	1	A
2600.3589375	2600.9289375000003	319	PARFAIT
2600.9289375000003	2601.2489375000005	10	AFTER
2601.2489375000005	2601.4079375	211	I
2601.4079375	2601.5489375	134	EAT
2601.5489375	2601.9079375	124	DINNER
2601.9079375	2611.467625	99999	sp
2611.467625	2611.708625	476	WE
2611.708625	2612.027625	241	LIKE
2612.027625	2612.2386250000004	55	BLUE
2612.2386250000004	2612.8786250000003	88	CHEESE
2612.8786250000003	2612.9486250000004	99999	sp
2612.9486250000004	2613.1486250000003	70	BUT
2613.1486250000003	2613.467625	466	VICTOR
2613.467625	2613.8786250000003	242	LIKES
2613.8786250000003	2614.2986250000004	64	BRIE
2614.2986250000004	2622.6161875	99999	sp
2622.6161875	2622.9161875	298	ONLY
2622.9161875	2623.0261874999997	434	THE
2623.0261874999997	2623.4261875	51	BEST
2623.4261875	2623.9461874999997	330	PLAYERS
2623.9461874999997	2624.4371874999997	139	ENJOY
2624.4371874999997	2625.3491875	336	POPULARITY
2625.3491875	2634.0381293393684	99999	sp
2634.0381293393684	2634.0581293393684	99999	sp
2634.0581293393684	2634.4171293393683	24	ANY
2634.4171293393683	2635.3481293393684	105	CONTRIBUTIONS
2635.3481293393684	2635.4981293393685	485	WILL
2635.4981293393685	2635.6281293393686	47	BE
2635.6281293393686	2636.048129339368	195	GREATLY
2636.048129339368	2636.4881293393682	88888	ACCEP
2636.4881293393682	2636.7081293393685	99999	sp
2636.7081293393685	2637.5881293393686	28	APPRECIATED
2637.5881293393686	2645.5131874999997	99999	sp
2645.5131874999997	2645.8651875	142	EVEN
2645.8651875	2646.1761874999997	211	I
2646.1761874999997	2646.7251874999997	293	OCCASIONALLY
2646.7251874999997	2646.9431875	177	GET
2646.9431875	2647.0451875	434	THE
2647.0451875	2647.3741875	265	MONDAY
2647.3741875	2647.9431875	56	BLUES
2647.9431875	2657.0755625	99999	sp
2657.0755625	2657.1175625	99999	sp
2657.1175625	2657.6875625000002	286	NOTHING
2657.6875625000002	2657.8855625	224	IS
2657.8855625	2658.1175625	34	AS
2658.1175625	2658.8065625	295	OFFENSIVE
2658.8065625	2659.1175625	34	AS
2659.1175625	2659.9055625	219	INNOCENCE
2659.9055625	2669.4255	99999	sp
2669.4255	2669.8055	366	RICH
2669.8055	2670.5055	349	PURCHASED
2670.5055	2671.0455	374	SEVERAL
2671.0455	2671.5155	382	SIGNED
2671.5155	2672.4055	245	LITHOGRAPHS
2672.4055	2679.8672500000002	99999	sp
2679.8672500000002	2680.6172500000002	44	BAGPIPES
2680.6172500000002	2680.8672500000002	20	AND
2680.8672500000002	2681.4882500000003	59	BONGOS
2681.4882500000003	2681.64825	30	ARE
2681.64825	2682.1382500000004	273	MUSICAL
2682.1382500000004	2682.9972500000003	220	INSTRUMENTS
2682.9972500000003	2691.0002632536525	99999	sp
2691.0002632536525	2691.4102632536524	433	THAT
2691.4102632536524	2691.4502632536523	99999	sp
2691.4502632536523	2692.2102632536526	326	PICKPOCKET
2692.2102632536526	2692.4102632536524	472	WAS
2692.4102632536524	2692.770263253652	80	CAUGHT
2692.770263253652	2693.0002632536525	356	RED
2693.0002632536525	2693.5002632536525	199	HANDED
2693.5002632536525	2702.5864375	99999	sp
2702.5864375	2702.7064375	99999	sp
2702.7064375	2703.3564375	75	CALCIUM
2703.3564375	2703.6464375	254	MAKES
2703.6464375	2704.1464375	58	BONES
2704.1464375	2704.4354375000003	20	AND
2704.4354375000003	2704.7664375	430	TEETH
2704.7664375	2705.4354375000003	406	STRONG
2705.4354375000003	2714.0266874999998	99999	sp
2714.0266874999998	2714.1366875	99999	sp
2714.1366875	2715.0866875	17	AMBIDEXTROUS
2715.0866875	2715.8866875	327	PICKPOCKETS
2715.8866875	2716.6366875	6	ACCOMPLISH
2716.6366875	2717.0056875	267	MORE
2717.0056875	2725.2144375000003	99999	sp
2725.2144375000003	2725.4554375000002	438	THEY
2725.4554375000002	2725.7554375	317	OWN
2725.7554375	2725.8854375	1	A
2725.8854375	2726.1454375000003	52	BIG
2726.1454375000003	2726.1554375000005	99999	sp
2726.1554375000005	2726.6844375	209	HOUSE
2726.6844375	2726.8354375	217	IN
2726.8354375	2726.9054375000005	434	THE
2726.9054375000005	2727.3254375	361	REMOTE
2727.3254375	2728.0954375	109	COUNTRYSIDE
2728.0954375	2736.7239982349365	99999	sp
2736.7239982349365	2736.823998234936	99999	sp
2736.823998234936	2737.332998234936	354	READING
2737.332998234936	2737.582998234936	217	IN
2737.582998234936	2737.6139982349364	99999	sp
2737.6139982349364	2737.8639982349364	335	POOR
2737.8639982349364	2738.1739982349363	240	LIGHT
2738.1739982349363	2738.582998234936	181	GIVES
2738.582998234936	2738.743998234936	495	YOU
2738.743998234936	2739.5639982349367	150	EYESTRAIN
2739.5639982349367	2748.5324375	99999	sp
2748.5324375	2748.7324375	19	AN
2748.7324375	2749.1924375	9	ADULT
2749.1924375	2749.5224375	255	MALE
2749.5224375	2750.1924375	42	BABOON'S
2750.1924375	2750.6214375	430	TEETH
2750.6214375	2750.8524375	30	ARE
2750.8524375	2751.2024375	285	NOT
2751.2024375	2751.7924375000002	415	SUITABLE
2751.7924375000002	2752.0124375	161	FOR
2752.0124375	2752.5224375	135	EATING
2752.5224375	2753.4124375	376	SHELLFISH
2753.4124375	2762.096875	99999	sp
2762.096875	2762.2668750000003	224	IS
2762.2668750000003	2762.4168750000003	375	SHE
2762.4168750000003	2762.806875	187	GOING
2762.806875	2763.0168750000003	487	WITH
2763.0168750000003	2763.306875	495	YOU
2763.306875	2771.04075	99999	sp
2771.04075	2771.14075	99999	sp
2771.14075	2771.35975	210	HOW
2771.35975	2771.5907500000003	269	MUCH
2771.5907500000003	2772.29075	16	ALLOWANCE
2772.29075	2772.4707500000004	128	DO
2772.4707500000004	2772.60975	495	YOU
2772.60975	2772.94075	177	GET
2772.94075	2797.7285625000004	99999	sp
3386.2081875	3386.4991874999996	76	CAN
3386.4991874999996	3386.5891874999998	434	THE
3386.5891874999998	3387.2681875	11	AGENCY
3387.2681875	3387.9191874999997	315	OVERTHROW
3387.9191874999997	3388.4581875	13	ALIEN
3388.4581875	3389.1481875	162	FORCES
3389.1481875	3398.08	99999	sp
3398.08	3398.2799999999997	476	WE
3398.2799999999997	3398.46	30	ARE
3398.46	3398.8399999999997	301	OPEN
3398.8399999999997	3399.2999999999997	145	EVERY
3399.2999999999997	3399.66	265	MONDAY
3399.66	3400.35	143	EVENING
3400.35	3409.054	99999	sp
3409.054	3409.364	210	HOW
3409.364	3409.695	189	GOOD
3409.695	3409.915	224	IS
3409.915	3410.085	496	YOUR
3410.085	3410.875	138	ENDURANCE
3410.875	3419.553691068312	99999	sp
3419.553691068312	3419.8721875	203	HELP
3419.8721875	3420.2621875	196	GREG
3420.2621875	3420.2721875	99999	sp
3420.2721875	3420.4421875	446	TO
3420.4421875	3420.7311875	325	PICK
3420.7311875	3420.8511875	1	A
3420.8511875	3421.1321875	321	PECK
3421.1321875	3421.2311875	294	OF
3421.2311875	3421.9921875	338	POTATOES
3421.9921875	3429.8428125	99999	sp
3429.8428125	3430.1238125	142	EVEN
3430.1238125	3430.4028125	211	I
3430.4028125	3431.2128125	293	OCCASIONALLY
3431.2128125	3431.4438125	177	GET
3431.4438125	3431.5328125	434	THE
3431.5328125	3431.9338125	265	MONDAY
3431.9338125	3432.4838125	56	BLUES
3432.4838125	3441.437	99999	sp
3441.437	3441.5769999999998	99999	{NS}
3441.5769999999998	3441.607	1	A
3441.607	3442.0969999999998	271	MUSCULAR
3442.0969999999998	3442.757	2	ABDOMEN
3442.757	3443.017	224	IS
3443.017	3443.277	189	GOOD
3443.277	3443.497	161	FOR
3443.497	3443.667	496	YOUR
3443.667	3444.007	43	BACK
3444.007	3452.612085001135	99999	sp
3452.612085001135	3452.9816250000003	142	EVEN
3452.9816250000003	3453.0916250000005	1	A
3453.0916250000005	3453.5816250000003	383	SIMPLE
3453.5816250000003	3454.4416250000004	468	VOCABULARY
3454.4416250000004	3454.9716250000006	104	CONTAINS
3454.9716250000006	3455.6496250000005	422	SYMBOLS
3455.6496250000005	3464.973125	99999	sp
3464.973125	3465.003125	99999	sp
3465.003125	3465.473125	46	BARB'S
3465.473125	3465.854125	188	GOLD
3465.854125	3466.524125	63	BRACELET
3466.524125	3466.673125	472	WAS
3466.673125	3466.735125	1	A
3466.735125	3467.473125	193	GRADUATION
3467.473125	3467.914125	339	PRESENT
3467.914125	3477.278875	99999	sp
3477.278875	3477.8088749999997	229	JOHN'S
3477.8088749999997	3478.2488749999998	66	BROTHER
3478.2488749999998	3478.878875	363	REPAINTED
3478.878875	3478.9778749999996	434	THE
3478.9778749999996	3479.5188749999998	173	GARAGE
3479.5188749999998	3479.9488749999996	129	DOOR
3479.9488749999996	3489.3134375	99999	sp
3489.3134375	3489.3934375	1	A
3489.3934375	3490.0424375	371	SCREWDRIVER
3490.0424375	3490.4124374999997	224	IS
3490.4124374999997	3490.7434375	252	MADE
3490.7434375	3490.9634374999996	166	FROM
3490.9634374999996	3491.3234374999997	469	VODKA
3491.3234374999997	3491.6724375	20	AND
3491.6724375	3492.0234375	303	ORANGE
3492.0234375	3492.5934374999997	230	JUICE
3492.5934374999997	3501.8925625	99999	sp
3501.8925625	3501.9925625	99999	sp
3501.9925625	3502.5125625	84	CHALLENGE
3502.5125625	3502.8925625	132	EACH
3502.8925625	3503.4525625	175	GENERAL'S
3503.4525625	3504.4725625	221	INTELLIGENCE
3504.4725625	3514.0480625	99999	sp
3514.0480625	3514.2490625	210	HOW
3514.2490625	3514.4990625	128	DO
3514.4990625	3515.0190625	318	OYSTERS
3515.0190625	3515.2490625	253	MAKE
3515.2490625	3515.2590625	99999	sp
3515.2590625	3515.9180625	320	PEARLS
3515.9180625	3523.8165625	99999	sp
3523.8165625	3523.9665625000002	99999	{NS}
3523.9665625000002	3524.1265625	434	THE
3524.1265625	3524.4265625	475	WATER
3524.4265625	3525.1655625	103	CONTAINED
3525.1655625	3525.4765625	448	TOO
3525.4765625	3525.7065625	269	MUCH
3525.7065625	3526.3265625	90	CHLORINE
3526.3265625	3526.5065625	20	AND
3526.5065625	3526.8665625	409	STUNG
3526.8665625	3527.1265625	208	HIS
3527.1265625	3527.6865625	149	EYES
3527.6865625	3537.97175	99999	sp
3537.97175	3538.20175	204	HER
3538.20175	3538.80175	470	WARDROBE
3538.80175	3539.47175	102	CONSISTS
3539.47175	3539.68175	294	OF
3539.68175	3540.05175	298	ONLY
3540.05175	3540.62075	385	SKIRTS
3540.62075	3540.85175	20	AND
3540.85175	3541.55175	54	BLOUSES
3541.55175	3550.4245014317335	99999	sp
3550.4245014317335	3550.457256744046	99999	{NS}
3550.457256744046	3550.766501431733	130	DRAW
3550.766501431733	3551.1565014317334	145	EVERY
3551.1565014317334	3551.4865014317334	308	OUTER
3551.4865014317334	3551.864501431733	244	LINE
3551.864501431733	3552.525501431733	156	FIRST
3552.525501431733	3552.6745014317335	99999	sp
3552.6745014317335	3553.1565014317334	436	THEN
3553.1565014317334	3553.4755014317334	154	FILL
3553.4755014317334	3553.7365014317334	217	IN
3553.7365014317334	3553.826501431733	434	THE
3553.826501431733	3554.5645014317333	222	INTERIOR
3554.5645014317333	3562.844665102829	99999	sp
3562.844665102829	3562.984665102829	434	THE
3562.984665102829	3563.583665102829	111	CRANBERRY
3563.583665102829	3564.0046651028288	57	BOG
3564.0046651028288	3564.083665102829	99999	sp
3564.083665102829	3564.3746651028287	178	GETS
3564.3746651028287	3564.6936651028286	465	VERY
3564.6936651028286	3564.953665102829	340	PRETTY
3564.953665102829	3565.304665102829	217	IN
3565.304665102829	3565.804665102829	40	AUTUMN
3565.804665102829	3573.9798717458402	99999	sp
3573.9798717458402	3574.1142112855537	99999	{NS}
3574.1142112855537	3574.2488717458405	30	ARE
3574.2488717458405	3574.4088717458403	495	YOU
3574.4088717458403	3574.7488717458405	250	LOOKING
3574.7488717458405	3574.9798717458402	161	FOR
3574.9798717458402	3575.63987174584	88888	EMPLOYMEN
3575.63987174584	3584.805875	99999	sp
3584.805875	3585.095875	375	SHE
3585.095875	3585.355875	490	WORE
3585.355875	3585.814875	471	WARM
3585.814875	3586.395875	158	FLEECY
3586.395875	3586.845875	489	WOOLEN
3586.845875	3587.694875	311	OVERALLS
3587.694875	3596.6861875	99999	sp
3596.6861875	3597.4261875	71	BUTTERSCOTCH
3597.4261875	3597.8561875	169	FUDGE
3597.8561875	3598.1161875000003	186	GOES
3598.1161875000003	3598.4361875	481	WELL
3598.4361875	3598.5861875	487	WITH
3598.5861875	3598.8761875	463	VANILLA
3598.8761875	3599.2861875	212	ICE
3599.2861875	3599.6761875	112	CREAM
3599.6761875	3608.73575	99999	sp
3608.73575	3609.3447499999997	115	CYCLICAL
3609.3447499999997	3610.00575	346	PROGRAMS
3610.00575	3610.14475	485	WILL
3610.14475	3610.4557499999996	281	NEVER
3610.4557499999996	3611.1237499999997	100	COMPILE
3611.1237499999997	3620.6385	99999	sp
3620.6385	3620.7785	434	THE
3620.7785	3621.2084999999997	369	ROSE
3621.2084999999997	3621.8985	106	CORSAGE
3621.8985	3622.3585	393	SMELLED
3622.3585	3622.8285	421	SWEET
3622.8285	3632.9191172481296	99999	sp
3632.9191172481296	3633.48711724813	183	GLUCOSE
3633.48711724813	3633.73711724813	20	AND
3633.73711724813	3634.3901172481296	167	FRUCTOSE
3634.3901172481296	3634.54711724813	30	ARE
3634.54711724813	3635.04711724813	276	NATURAL
3635.04711724813	3635.60811724813	414	SUGARS
3635.60811724813	3635.6401172481296	99999	sp
3635.6401172481296	3636.03711724813	163	FOUND
3636.03711724813	3636.23711724813	217	IN
3636.23711724813	3636.74911724813	168	FRUIT
3636.74911724813	3645.1901025531088	99999	sp
3645.1901025531088	3645.340102553109	1	A
3645.340102553109	3645.768102553109	110	CRAB
3645.768102553109	3646.410102553109	85	CHALLENGED
3646.410102553109	3646.700102553109	258	ME
3646.700102553109	3646.960102553109	99999	sp
3646.960102553109	3647.138102553109	70	BUT
3647.138102553109	3647.180102553109	1	A
3647.180102553109	3647.470102553109	350	QUICK
3647.470102553109	3647.9397003459717	402	STAB
3647.9397003459717	3648.534138570757	464	VANQUISHED
3648.534138570757	3648.890102553109	207	HIM
3648.890102553109	3657.89225	99999	sp
3657.89225	3658.16125	226	IT'S
3658.16125	3658.43025	285	NOT
3658.43025	3658.82025	133	EASY
3658.82025	3658.95225	446	TO
3658.95225	3659.43025	113	CREATE
3659.43025	3660.23225	215	ILLUMINATING
3660.23225	3661.13225	146	EXAMPLES
3661.13225	3670.5587499999997	99999	sp
3670.5587499999997	3670.62675	99999	sp
3670.62675	3671.04875	270	MUM
3671.04875	3671.66875	407	STRONGLY
3671.66875	3672.3287499999997	126	DISLIKES
3672.3287499999997	3673.37675	27	APPETIZERS
3673.37675	3682.093	99999	sp
3682.093	3682.554	443	THOSE
3682.554	3682.593	99999	sp
3682.593	3682.723	484	WHO
3682.723	3683.093	427	TEACH
3683.093	3683.814	462	VALUES
3683.814	3683.853	99999	sp
3683.853	3684.363	156	FIRST
3684.363	3684.964	4	ABOLISH
3684.964	3685.554	87	CHEATING
3685.554	3694.8379375	99999	sp
3694.8379375	3694.9579375000003	434	THE
3694.9579375000003	3695.4969375	61	BOSTON
3695.4969375	3696.0179375000002	45	BALLET
3696.0179375000002	3696.7279375000003	312	OVERCAME
3696.7279375000003	3696.8769375	435	THEIR
3696.8769375	3697.2879375	170	FUNDING
3697.2879375	3698.0179375000002	380	SHORTAGE
3698.0179375000002	3706.3268125	99999	sp
3706.3268125	3706.6758124999997	108	COUNT
3706.6758124999997	3706.7878124999997	434	THE
3706.7878124999997	3707.2148125	289	NUMBER
3707.2148125	3707.2958125	294	OF
3707.2958125	3707.9548124999997	429	TEASPOONS
3707.9548124999997	3708.0358125	294	OF
3708.0358125	3708.6678125	395	SOYSAUCE
3708.6678125	3708.7878124999997	433	THAT
3708.7878124999997	3708.9778125	495	YOU
3708.9778125	3709.3858124999997	7	ADD
3709.3858124999997	3718.14275	99999	sp
3718.14275	3718.25275	99999	{NS}
3718.25275	3718.63275	145	EVERY
3718.63275	3719.04275	74	CAB
3719.04275	3719.33275	280	NEEDS
3719.33275	3719.97175	364	REPAINTING
3719.97175	3720.52175	88888	OFFEN
3720.52175	3730.8511777117874	99999	sp
3730.8511777117874	3731.0511777117877	476	WE
3731.0511777117877	3731.4521777117875	480	WELCOME
3731.4521777117875	3731.7311777117875	256	MANY
3731.7311777117875	3732.0311777117877	282	NEW
3732.0311777117877	3732.6011777117874	408	STUDENTS
3732.6011777117874	3732.9711777117877	132	EACH
3732.9711777117877	3733.3821777117873	491	YEAR
3733.3821777117873	3743.09975	99999	sp
3743.09975	3743.20975	434	THE
3743.20975	3743.51975	453	TWO
3743.51975	3744.07975	33	ARTISTS
3744.07975	3744.89975	147	EXCHANGED
3744.89975	3745.43975	88888	PHOTO
3745.43975	3745.78975	99999	sp
3745.78975	3746.31975	88888	GRAPHS
3746.31975	3756.292973187539	99999	sp
3756.292973187539	3756.444973187539	434	THE
3756.444973187539	3756.994973187539	165	FRIGHTENED
3756.994973187539	3757.494973187539	89	CHILD
3757.494973187539	3757.884973187539	472	WAS
3757.884973187539	3758.2549731875392	176	GENTLY
3758.2549731875392	3758.893973187539	410	SUBDUED
3758.893973187539	3759.124973187539	73	BY
3759.124973187539	3759.344973187539	208	HIS
3759.344973187539	3759.552973187539	52	BIG
3759.552973187539	3760.033973187539	66	BROTHER
3760.033973187539	3769.6083125000005	99999	sp
3769.6083125000005	3769.6683125000004	99999	sp
3769.6683125000004	3769.9983125000003	98	COFFEE
3769.9983125000003	3770.4103125	224	IS
3770.4103125	3770.8313125000004	198	GROWN
3770.8313125000004	3771.0683125000005	297	ON
3771.0683125000005	3771.5483125000005	404	STEEP
3771.5483125000005	3771.9983125000003	231	JUNGLE
3771.9983125000003	3772.2703125000003	241	LIKE
3772.2703125000003	3772.7793125000003	390	SLOPES
3772.7793125000003	3772.9983125000003	217	IN
3772.9983125000003	3773.4593125	431	TEMPERATE
3773.4593125	3773.9713125000003	497	ZONES
3773.9713125000003	3783.4902500000003	99999	sp
3783.4902500000003	3783.50925	99999	sp
3783.50925	3783.65025	30	ARE
3783.65025	3783.84025	496	YOUR
3783.84025	3784.22025	192	GRADES
3784.22025	3784.25925	99999	sp
3784.25925	3784.71025	206	HIGHER
3784.71025	3784.91025	302	OR
3784.91025	3785.36025	251	LOWER
3785.36025	3785.5502500000002	432	THAN
3785.5502500000002	3786.35025	275	NANCY'S
3786.35025	3795.5841250000003	99999	sp
3795.5841250000003	3795.6331250000003	99999	sp
3795.6331250000003	3795.994125	257	MAY
3795.994125	3796.0241250000004	211	I
3796.0241250000004	3796.4141250000002	304	ORDER
3796.4141250000002	3796.4431250000002	1	A
3796.4431250000002	3796.964125	319	PARFAIT
3796.964125	3797.284125	10	AFTER
3797.284125	3797.464125	211	I
3797.464125	3797.594125	134	EAT
3797.594125	3797.8941250000003	124	DINNER
3797.8941250000003	3807.415625	99999	sp
3807.415625	3807.615625	476	WE
3807.615625	3807.925625	241	LIKE
3807.925625	3808.135625	55	BLUE
3808.135625	3808.704625	88	CHEESE
3808.704625	3808.935625	70	BUT
3808.935625	3809.264625	466	VICTOR
3809.264625	3809.685625	242	LIKES
3809.685625	3810.115625	64	BRIE
3810.115625	3819.509	99999	sp
3819.509	3819.899	298	ONLY
3819.899	3820.019	434	THE
3820.019	3820.399	51	BEST
3820.399	3820.932	330	PLAYERS
3820.932	3821.4199999999996	139	ENJOY
3821.4199999999996	3822.3619999999996	336	POPULARITY
3822.3619999999996	3830.2434970374775	99999	sp
3830.2434970374775	3830.5470323563386	24	ANY
3830.5470323563386	3831.4180323563387	105	CONTRIBUTIONS
3831.4180323563387	3831.568032356339	485	WILL
3831.568032356339	3831.7280323563386	47	BE
3831.7280323563386	3832.247032356339	195	GREATLY
3832.247032356339	3833.218032356339	28	APPRECIATED
3833.218032356339	3840.5480625	99999	sp
3840.5480625	3841.1200625	405	STEVE
3841.1200625	3841.1400625	99999	sp
3841.1400625	3841.5300625	490	WORE
3841.5300625	3841.5600624999997	1	A
3841.5600624999997	3842.0090625000003	65	BRIGHT
3842.0090625000003	3842.4200625	356	RED
3842.4200625	3843.0480625	78	CASHMERE
3843.0480625	3843.6200625	420	SWEATER
3843.6200625	3852.0685	99999	sp
3852.0685	3852.1785	99999	sp
3852.1785	3852.7585	286	NOTHING
3852.7585	3852.9874999999997	224	IS
3852.9874999999997	3853.2585	34	AS
3853.2585	3853.9995	295	OFFENSIVE
3853.9995	3854.3395	34	AS
3854.3395	3855.1695	219	INNOCENCE
3855.1695	3864.902875	99999	sp
3864.902875	3865.302875	366	RICH
3865.302875	3865.792875	349	PURCHASED
3865.792875	3866.292875	374	SEVERAL
3866.292875	3866.742875	382	SIGNED
3866.742875	3867.652875	245	LITHOGRAPHS
3867.652875	3875.614625	99999	sp
3875.614625	3876.253625	44	BAGPIPES
3876.253625	3876.503625	20	AND
3876.503625	3877.133625	59	BONGOS
3877.133625	3877.253625	30	ARE
3877.253625	3877.844625	273	MUSICAL
3877.844625	3878.763625	220	INSTRUMENTS
3878.763625	3887.474242816479	99999	sp
3887.474242816479	3887.954242816479	433	THAT
3887.954242816479	3888.634242816479	326	PICKPOCKET
3888.634242816479	3888.804242816479	472	WAS
3888.804242816479	3889.143242816479	80	CAUGHT
3889.143242816479	3889.414242816479	356	RED
3889.414242816479	3889.904242816479	199	HANDED
3889.904242816479	3899.8136875	99999	sp
3899.8136875	3899.9656875	99999	{NS}
3899.9656875	3900.4956875000003	75	CALCIUM
3900.4956875000003	3900.8046875	254	MAKES
3900.8046875	3901.2836875000003	58	BONES
3901.2836875000003	3901.5156875000002	20	AND
3901.5156875000002	3901.8936875	430	TEETH
3901.8936875	3901.9446875000003	99999	sp
3901.9446875000003	3902.5046875000003	406	STRONG
3902.5046875000003	3911.0539375	99999	sp
3911.0539375	3911.9939375	17	AMBIDEXTROUS
3911.9939375	3912.7639375	327	PICKPOCKETS
3912.7639375	3913.4539375	6	ACCOMPLISH
3913.4539375	3913.8339374999996	267	MORE
3913.8339374999996	3922.612	99999	sp
3922.612	3922.852	438	THEY
3922.852	3923.152	317	OWN
3923.152	3923.2819999999997	1	A
3923.2819999999997	3923.5319999999997	52	BIG
3923.5319999999997	3923.542	99999	sp
3923.542	3924.0209999999997	209	HOUSE
3924.0209999999997	3924.212	217	IN
3924.212	3924.2819999999997	434	THE
3924.2819999999997	3924.692	361	REMOTE
3924.692	3925.442	109	COUNTRYSIDE
3925.442	3934.744	99999	sp
3934.744	3935.215	354	READING
3935.215	3935.515	217	IN
3935.515	3935.544	99999	sp
3935.544	3935.755	335	POOR
3935.755	3936.065	240	LIGHT
3936.065	3936.445	181	GIVES
3936.445	3936.655	495	YOU
3936.655	3937.475	150	EYESTRAIN
3937.475	3946.756056152005	99999	sp
3946.756056152005	3946.886125	19	AN
3946.886125	3947.376125	9	ADULT
3947.376125	3947.6461249999998	255	MALE
3947.6461249999998	3948.176125	42	BABOON'S
3948.176125	3948.2261249999997	99999	sp
3948.2261249999997	3948.716125	430	TEETH
3948.716125	3948.876125	30	ARE
3948.876125	3949.196125	285	NOT
3949.196125	3949.765125	415	SUITABLE
3949.765125	3949.9361249999997	161	FOR
3949.9361249999997	3950.406125	135	EATING
3950.406125	3951.196125	376	SHELLFISH
3951.196125	3961.0026875	99999	sp
3961.0026875	3961.1316874999998	224	IS
3961.1316874999998	3961.3126875	375	SHE
3961.3126875	3961.6316874999998	187	GOING
3961.6316874999998	3961.8316875	487	WITH
3961.8316875	3962.0926875	495	YOU
3962.0926875	3969.782125	99999	sp
3969.782125	3969.9121250000003	99999	sp
3969.9121250000003	3970.1421250000003	210	HOW
3970.1421250000003	3970.371125	269	MUCH
3970.371125	3970.962125	16	ALLOWANCE
3970.962125	3971.0821250000004	128	DO
3971.0821250000004	3971.2921250000004	495	YOU
3971.2921250000004	3971.6311250000003	177	GET
3971.6311250000003	3996.7993125000003	99999	sp