278.3456875	278.5746875	375	SHE
278.5746875	278.8556875	490	WORE
278.8556875	279.2956875	471	WARM
279.2956875	279.9256875	158	FLEECY
279.9256875	280.3746875	489	WOOLEN
280.3746875	281.3356875	311	OVERALLS
281.3356875	289.3693125	99999	sp
289.3693125	289.7693125	354	READING
289.7693125	289.7893125	99999	sp
289.7893125	290.0593125	217	IN
290.0593125	290.0683125	99999	sp
290.0683125	290.2893125	335	POOR
290.2893125	290.6693125	240	LIGHT
290.6693125	290.6883125	99999	sp
290.6883125	290.9893125	181	GIVES
290.9893125	291.1493125	495	YOU
291.1493125	291.8883125	150	EYESTRAIN
291.8883125	297.644	99999	sp
297.644	297.714	99999	sp
297.714	298.124	142	EVEN
298.124	298.434	211	I
298.434	299.134	293	OCCASIONALLY
299.134	299.394	177	GET
299.394	299.504	434	THE
299.504	299.874	265	MONDAY
299.874	300.473	56	BLUES
300.473	306.363	99999	sp
306.363	306.533	476	WE
306.533	306.733	30	ARE
306.733	307.153	301	OPEN
307.153	307.623	145	EVERY
307.623	307.963	265	MONDAY
307.963	308.603	143	EVENING
308.603	322.5173125	99999	sp
322.5173125	322.9273125	142	EVEN
322.9273125	323.23731250000003	211	I
323.23731250000003	323.9373125	293	OCCASIONALLY
323.9373125	324.1973125	177	GET
324.1973125	324.3073125	434	THE
324.3073125	324.6773125	265	MONDAY
324.6773125	325.2763125	56	BLUES
325.2763125	342.629125	99999	sp
342.629125	343.029125	354	READING
343.029125	343.049125	99999	sp
343.049125	343.319125	217	IN
343.319125	343.328125	99999	sp
343.328125	343.549125	335	POOR
343.549125	343.929125	240	LIGHT
343.929125	343.948125	99999	sp
343.948125	344.249125	181	GIVES
344.249125	344.409125	495	YOU
344.409125	345.148125	150	EYESTRAIN
345.148125	354.989	99999	sp
354.989	355.159	476	WE
355.159	355.359	30	ARE
355.359	355.779	301	OPEN
355.779	356.24899999999997	145	EVERY
356.24899999999997	356.589	265	MONDAY
356.589	357.229	143	EVENING
357.229	366.3107641120353	99999	sp
366.3107641120353	366.55787499999997	375	SHE
366.55787499999997	366.838875	490	WORE
366.838875	367.27887499999997	471	WARM
367.27887499999997	367.90887499999997	158	FLEECY
367.90887499999997	368.357875	489	WOOLEN
368.357875	369.318875	311	OVERALLS
369.318875	475.890625	99999	sp
475.890625	476.150625	375	SHE
476.150625	476.429625	490	WORE
476.429625	476.880625	471	WARM
476.880625	476.960625	99999	sp
476.960625	477.540625	158	FLEECY
477.540625	477.979625	489	WOOLEN
477.979625	478.850625	311	OVERALLS
478.850625	487.2161875	99999	sp
487.2161875	487.6361875	354	READING
487.6361875	487.8961875	217	IN
487.8961875	487.9161875	99999	sp
487.9161875	488.1461875	335	POOR
488.1461875	488.5161875	240	LIGHT
488.5161875	488.7761875	181	GIVES
488.7761875	488.9161875	495	YOU
488.9161875	489.6751875	150	EYESTRAIN
489.6751875	498.307	99999	sp
498.307	498.657	142	EVEN
498.657	498.937	211	I
498.937	499.536	293	OCCASIONALLY
499.536	499.777	177	GET
499.777	499.856	99999	sp
499.856	499.986	434	THE
499.986	500.307	265	MONDAY
500.307	500.887	56	BLUES
500.887	508.8573796681394	99999	sp
508.8573796681394	508.997	476	WE
508.997	509.176	30	ARE
509.176	509.556	301	OPEN
509.556	509.957	145	EVERY
509.957	510.377	265	MONDAY
510.377	510.977	143	EVENING
510.977	520.4355625	99999	sp
520.4355625	520.7635624999999	226	IT'S
520.7635624999999	521.0355625	285	NOT
521.0355625	521.4035624999999	133	EASY
521.4035624999999	521.5355625	446	TO
521.5355625	522.0355625	113	CREATE
522.0355625	522.7445624999999	215	ILLUMINATING
522.7445624999999	523.6145624999999	146	EXAMPLES
523.6145624999999	532.81825	99999	sp
532.81825	533.22825	270	MUM
533.22825	533.85725	407	STRONGLY
533.85725	534.44825	126	DISLIKES
534.44825	535.38625	27	APPETIZERS
535.38625	544.7461875	99999	sp
544.7461875	545.1061875	443	THOSE
545.1061875	545.2461875	484	WHO
545.2461875	545.5861875	427	TEACH
545.5861875	546.2061875	462	VALUES
546.2061875	546.2461875	99999	sp
546.2461875	546.6941875	156	FIRST
546.6941875	547.2461875	4	ABOLISH
547.2461875	547.7361875	87	CHEATING
547.7361875	557.5313183340156	99999	sp
557.5313183340156	557.7333183340156	434	THE
557.7333183340156	558.4013183340156	165	FRIGHTENED
558.4013183340156	558.9533183340156	89	CHILD
558.9533183340156	559.2333183340156	472	WAS
559.2333183340156	559.5833183340156	176	GENTLY
559.5833183340156	560.2423183340156	410	SUBDUED
560.2423183340156	560.4833183340156	73	BY
560.4833183340156	560.6833183340157	208	HIS
560.6833183340157	560.9233183340157	52	BIG
560.9233183340157	561.4013183340156	66	BROTHER
561.4013183340156	570.678625	99999	sp
570.678625	571.078625	142	EVEN
571.078625	571.108625	1	A
571.108625	571.608625	383	SIMPLE
571.608625	572.428625	468	VOCABULARY
572.428625	573.007625	104	CONTAINS
573.007625	573.708625	422	SYMBOLS
573.708625	583.3903422403681	99999	sp
583.3903422403681	583.5493422403681	99999	{NS}
583.5493422403681	583.5783422403681	1	A
583.5783422403681	583.9903422403681	110	CRAB
583.9903422403681	584.6103422403681	85	CHALLENGED
584.6103422403681	584.9103422403681	258	ME
584.9103422403681	585.1983422403681	99999	sp
585.1983422403681	585.3803422403681	70	BUT
585.3803422403681	585.4293422403681	1	A
585.4293422403681	585.7083422403681	350	QUICK
585.7083422403681	586.1503422403681	402	STAB
586.1503422403681	586.7403422403681	464	VANQUISHED
586.7403422403681	587.0003422403681	207	HIM
587.0003422403681	597.2575579690263	99999	sp
597.2575579690263	597.8072046120052	183	GLUCOSE
597.8072046120052	598.0072046120051	20	AND
598.0072046120051	598.6072046120051	167	FRUCTOSE
598.6072046120051	598.7472046120051	30	ARE
598.7472046120051	599.2572046120051	276	NATURAL
599.2572046120051	599.7692046120052	414	SUGARS
599.7692046120052	599.8072046120052	99999	sp
599.8072046120052	600.1792046120052	163	FOUND
600.1792046120052	600.3782046120051	217	IN
600.3782046120051	600.7982046120052	168	FRUIT
600.7982046120052	600.8972046120051	99999	sp
600.8972046120051	608.7208406762267	99999	sp
608.7208406762267	608.8359098176467	30	ARE
608.8359098176467	608.9669098176466	495	YOU
608.9669098176466	609.3469098176466	250	LOOKING
609.3469098176466	609.5969098176466	161	FOR
609.5969098176466	610.2669098176467	88888	EMPLOYMEN
610.2669098176467	621.1575	99999	sp
621.1575	621.2475000000001	99999	sp
621.2475000000001	621.5965	98	COFFEE
621.5965	621.9975000000001	224	IS
621.9975000000001	622.3575000000001	198	GROWN
622.3575000000001	622.5775	297	ON
622.5775	623.2265	404	STEEP
623.2265	623.3045000000001	99999	sp
623.3045000000001	623.6475	231	JUNGLE
623.6475	623.9445000000001	241	LIKE
623.9445000000001	624.5045	390	SLOPES
624.5045	624.6655000000001	217	IN
624.6655000000001	625.2445	431	TEMPERATE
625.2445	625.8975	497	ZONES
625.8975	634.6412526763949	99999	sp
634.6412526763949	634.858252676395	476	WE
634.858252676395	635.2902526763949	480	WELCOME
635.2902526763949	635.5802526763949	256	MANY
635.5802526763949	635.781252676395	282	NEW
635.781252676395	636.3512526763949	408	STUDENTS
636.3512526763949	636.6982526763949	132	EACH
636.6982526763949	637.0582526763949	491	YEAR
637.0582526763949	645.925625	99999	sp
645.925625	645.968625	99999	sp
645.968625	646.355625	298	ONLY
646.355625	646.456625	434	THE
646.456625	646.828625	51	BEST
646.828625	647.305625	330	PLAYERS
647.305625	647.805625	139	ENJOY
647.805625	648.6576249999999	336	POPULARITY
648.6576249999999	657.5310625	99999	sp
657.5310625	657.5910625	99999	sp
657.5910625	658.2010624999999	75	CALCIUM
658.2010624999999	658.4830625	254	MAKES
658.4830625	658.9630625	58	BONES
658.9630625	659.2220625	20	AND
659.2220625	659.6230625	430	TEETH
659.6230625	659.6620624999999	99999	sp
659.6620624999999	660.2720625	406	STRONG
660.2720625	669.1153125	99999	sp
669.1153125	669.6033125	286	NOTHING
669.6033125	669.8743125	224	IS
669.8743125	670.1543125	34	AS
670.1543125	670.8143125	295	OFFENSIVE
670.8143125	671.1243125	34	AS
671.1243125	671.8353125	219	INNOCENCE
671.8353125	681.3469375	99999	sp
681.3469375	681.9189375	405	STEVE
681.9189375	681.9389375	99999	sp
681.9389375	682.3289374999999	490	WORE
682.3289374999999	682.3589374999999	1	A
682.3589374999999	682.8079375	65	BRIGHT
682.8079375	683.2189374999999	356	RED
683.2189374999999	683.8469375	78	CASHMERE
683.8469375	684.4189375	420	SWEATER
684.4189375	694.5889375	99999	sp
694.5889375	694.6989375	99999	sp
694.6989375	695.3509375000001	46	BARB'S
695.3509375000001	695.6989375	188	GOLD
695.6989375	696.3209375000001	63	BRACELET
696.3209375000001	696.4899375000001	472	WAS
696.4899375000001	696.5589375000001	1	A
696.5589375000001	697.3299375	193	GRADUATION
697.3299375	697.8709375000001	339	PRESENT
697.8709375000001	707.4655625	99999	sp
707.4655625	707.8945625000001	130	DRAW
707.8945625000001	708.2845625000001	145	EVERY
708.2845625000001	708.6055625000001	308	OUTER
708.6055625000001	708.9655625	244	LINE
708.9655625	709.5935625000001	156	FIRST
709.5935625000001	709.7545625	99999	sp
709.7545625	710.0845625000001	436	THEN
710.0845625000001	710.3645625	154	FILL
710.3645625	710.5045625	217	IN
710.5045625	710.6235625	434	THE
710.6235625	711.3135625000001	222	INTERIOR
711.3135625000001	720.73125	99999	sp
720.73125	720.8902500000002	434	THE
720.8902500000002	721.22125	475	WATER
721.22125	721.8902500000002	103	CONTAINED
721.8902500000002	721.9512500000001	99999	sp
721.9512500000001	722.2112500000001	448	TOO
722.2112500000001	722.4512500000001	269	MUCH
722.4512500000001	723.0512500000001	90	CHLORINE
723.0512500000001	723.2512500000001	20	AND
723.2512500000001	723.48125	409	STUNG
723.48125	723.73125	208	HIS
723.73125	724.2512500000001	149	EYES
724.2512500000001	732.862375	99999	sp
732.862375	733.3323750000001	229	JOHN'S
733.3323750000001	733.782375	66	BROTHER
733.782375	734.492375	363	REPAINTED
734.492375	734.602375	434	THE
734.602375	735.052375	173	GARAGE
735.052375	735.542375	129	DOOR
735.542375	744.9695	99999	sp
744.9695	745.4805	84	CHALLENGE
745.4805	745.9205000000001	132	EACH
745.9205000000001	746.5305	175	GENERAL'S
746.5305	747.4605	221	INTELLIGENCE
747.4605	757.0229375	99999	sp
757.0229375	757.9129375	17	AMBIDEXTROUS
757.9129375	758.6529374999999	327	PICKPOCKETS
758.6529374999999	759.2629375	6	ACCOMPLISH
759.2629375	759.5619375	267	MORE
759.5619375	768.0598568990245	99999	sp
768.0598568990245	768.1598568990244	99999	sp
768.1598568990244	768.2698568990244	99999	{NS}
768.2698568990244	768.2998568990245	1	A
768.2998568990245	768.8298568990244	271	MUSCULAR
768.8298568990244	769.4798568990244	2	ABDOMEN
769.4798568990244	769.6998568990244	224	IS
769.6998568990244	769.9298568990243	189	GOOD
769.9298568990243	770.1398568990244	161	FOR
770.1398568990244	770.3098568990245	496	YOUR
770.3098568990245	770.6598568990244	43	BACK
770.6598568990244	779.7398750000001	99999	sp
779.7398750000001	779.829875	99999	sp
779.829875	780.159875	438	THEY
780.159875	780.5198750000001	317	OWN
780.5198750000001	780.679875	1	A
780.679875	780.919875	52	BIG
780.919875	781.419875	209	HOUSE
781.419875	781.669875	217	IN
781.669875	781.7398750000001	434	THE
781.7398750000001	782.1498750000001	361	REMOTE
782.1498750000001	782.919875	109	COUNTRYSIDE
782.919875	791.1537500000001	99999	sp
791.1537500000001	791.34375	434	THE
791.34375	791.80375	369	ROSE
791.80375	792.5127500000001	106	CORSAGE
792.5127500000001	792.93375	393	SMELLED
792.93375	793.43375	421	SWEET
793.43375	793.47375	99999	sp
793.47375	803.4817747564614	99999	sp
803.4817747564614	803.8717747564615	433	THAT
803.8717747564615	803.8917747564615	99999	sp
803.8917747564615	804.6717747564614	326	PICKPOCKET
804.6717747564614	804.8717747564615	472	WAS
804.8717747564615	805.1717747564614	80	CAUGHT
805.1717747564614	805.4317747564614	356	RED
805.4317747564614	805.8617747564615	199	HANDED
805.8617747564615	816.8709375	99999	sp
816.8709375	817.0299375000001	19	AN
817.0299375000001	817.5109375000001	9	ADULT
817.5109375000001	817.8609375	255	MALE
817.8609375	818.4409375	42	BABOON'S
818.4409375	818.8909375000001	430	TEETH
818.8909375000001	819.1209375	30	ARE
819.1209375	819.4209375	285	NOT
819.4209375	820.0509375	415	SUITABLE
820.0509375	820.2309375000001	161	FOR
820.2309375000001	820.7709375000001	135	EATING
820.7709375000001	821.5809375	376	SHELLFISH
821.5809375	831.80575	99999	sp
831.80575	832.04575	204	HER
832.04575	832.65575	470	WARDROBE
832.65575	833.39575	102	CONSISTS
833.39575	833.67575	294	OF
833.67575	834.00575	298	ONLY
834.00575	834.62575	385	SKIRTS
834.62575	834.87575	20	AND
834.87575	835.61575	54	BLOUSES
835.61575	844.784625	99999	sp
844.784625	844.8956249999999	434	THE
844.8956249999999	845.1746249999999	453	TWO
845.1746249999999	845.815625	33	ARTISTS
845.815625	846.695625	147	EXCHANGED
846.695625	847.544625	39	AUTOGRAPHS
847.544625	857.7901875	99999	sp
857.7901875	858.5301875	71	BUTTERSCOTCH
858.5301875	859.0901875000001	169	FUDGE
859.0901875000001	859.1391875	99999	sp
859.1391875	859.4391875000001	186	GOES
859.4391875000001	859.7401875	481	WELL
859.7401875	859.9101875000001	487	WITH
859.9101875000001	860.2201875000001	463	VANILLA
860.2201875000001	860.6501875000001	212	ICE
860.6501875000001	861.1001875000001	112	CREAM
861.1001875000001	870.5178125	99999	sp
870.5178125	871.0178125	366	RICH
871.0178125	871.6868125	349	PURCHASED
871.6868125	872.3478125	374	SEVERAL
872.3478125	872.7978125	382	SIGNED
872.7978125	873.7078124999999	245	LITHOGRAPHS
873.7078124999999	882.4560757998664	99999	sp
882.4560757998664	882.6150757998664	434	THE
882.6150757998664	883.2450757998664	111	CRANBERRY
883.2450757998664	883.7260757998664	57	BOG
883.7260757998664	884.0550757998665	178	GETS
884.0550757998665	884.4350757998664	465	VERY
884.4350757998664	884.7560757998665	340	PRETTY
884.7560757998665	885.0360757998665	217	IN
885.0360757998665	885.5260757998665	40	AUTUMN
885.5260757998665	893.3464375	99999	sp
893.3464375	893.6164375	210	HOW
893.6164375	893.8854375	128	DO
893.8854375	894.4454374999999	318	OYSTERS
894.4454374999999	894.6764374999999	253	MAKE
894.6764374999999	895.2864374999999	320	PEARLS
895.2864374999999	903.9521250000001	99999	sp
903.9521250000001	904.062125	99999	sp
904.062125	904.4421250000001	257	MAY
904.4421250000001	904.4721250000001	211	I
904.4721250000001	904.9621250000001	304	ORDER
904.9621250000001	904.9911250000001	1	A
904.9911250000001	905.6711250000001	319	PARFAIT
905.6711250000001	906.072125	10	AFTER
906.072125	906.2121250000001	211	I
906.2121250000001	906.352125	134	EAT
906.352125	906.7221250000001	124	DINNER
906.7221250000001	914.560125	99999	sp
914.560125	914.7101250000001	224	IS
914.7101250000001	914.850125	375	SHE
914.850125	915.250125	187	GOING
915.250125	915.4391250000001	487	WITH
915.4391250000001	915.720125	495	YOU
915.720125	924.610125	99999	sp
924.610125	924.7101250000001	99999	{NS}
924.7101250000001	924.9201250000001	76	CAN
924.9201250000001	924.980125	434	THE
924.980125	925.6891250000001	11	AGENCY
925.6891250000001	926.3901250000001	315	OVERTHROW
926.3901250000001	926.9291250000001	13	ALIEN
926.9291250000001	927.629125	162	FORCES
927.629125	936.699410961493	99999	sp
936.699410961493	936.829410961493	1	A
936.829410961493	937.499410961493	371	SCREWDRIVER
937.499410961493	937.8994109614929	224	IS
937.8994109614929	938.269410961493	252	MADE
938.269410961493	938.449410961493	166	FROM
938.449410961493	938.809410961493	469	VODKA
938.809410961493	939.199410961493	20	AND
939.199410961493	939.6684109614929	303	ORANGE
939.6684109614929	940.1494109614929	230	JUICE
940.1494109614929	947.564875	99999	sp
947.564875	947.814875	210	HOW
947.814875	948.064875	269	MUCH
948.064875	948.7148750000001	16	ALLOWANCE
948.7148750000001	948.854875	128	DO
948.854875	949.124875	495	YOU
949.124875	949.4848750000001	177	GET
949.4848750000001	949.534875	99999	sp
949.534875	958.26175	99999	sp
958.26175	958.9027500000001	115	CYCLICAL
958.9027500000001	959.6217500000001	346	PROGRAMS
959.6217500000001	959.73275	485	WILL
959.73275	960.0617500000001	281	NEVER
960.0617500000001	960.73275	100	COMPILE
960.73275	969.5159375000001	99999	sp
969.5159375000001	969.7159375	434	THE
969.7159375	970.3359375	61	BOSTON
970.3359375	970.8759375	45	BALLET
970.8759375	971.5759375	312	OVERCAME
971.5759375	971.7349375	435	THEIR
971.7349375	972.1559374999999	170	FUNDING
972.1559374999999	972.8159375	380	SHORTAGE
972.8159375	981.4253125	99999	sp
981.4253125	981.5253125	99999	{NS}
981.5253125	981.9153125	145	EVERY
981.9153125	982.3453125000001	74	CAB
982.3453125000001	982.7053125	280	NEEDS
982.7053125	983.3953125	364	REPAINTING
983.3953125	984.0043125	296	OFTEN
984.0043125	993.8459375	99999	sp
993.8459375	994.2159375000001	203	HELP
994.2159375000001	994.2459375000001	99999	sp
994.2459375000001	994.6559375	196	GREG
994.6559375	994.6759375	99999	sp
994.6759375	994.8759375	446	TO
994.8759375	995.1659375	325	PICK
995.1659375	995.3059375	1	A
995.3059375	995.6059375	321	PECK
995.6059375	995.7549375000001	294	OF
995.7549375000001	996.5259375	338	POTATOES
996.5259375	1005.394	99999	sp
1005.394	1005.434	99999	sp
1005.434	1005.634	476	WE
1005.634	1005.954	241	LIKE
1005.954	1006.144	55	BLUE
1006.144	1006.7139999999999	88	CHEESE
1006.7139999999999	1007.024	70	BUT
1007.024	1007.3430000000001	466	VICTOR
1007.3430000000001	1007.7139999999999	242	LIKES
1007.7139999999999	1008.134	64	BRIE
1008.134	1017.2626875000001	99999	sp
1017.2626875000001	1017.3516875	99999	{NS}
1017.3516875	1017.6716875000001	108	COUNT
1017.6716875000001	1017.8026875	434	THE
1017.8026875	1018.1716875000001	289	NUMBER
1018.1716875000001	1018.2726875000001	294	OF
1018.2726875000001	1018.9216875000001	429	TEASPOONS
1018.9216875000001	1018.9816875000001	294	OF
1018.9816875000001	1019.6616875000001	395	SOYSAUCE
1019.6616875000001	1019.7726875000001	433	THAT
1019.7726875000001	1020.0126875000001	495	YOU
1020.0126875000001	1020.3726875000001	7	ADD
1020.3726875000001	1029.6915625	99999	sp
1029.6915625	1030.4515625	44	BAGPIPES
1030.4515625	1030.7615624999999	20	AND
1030.7615624999999	1031.3515625	59	BONGOS
1031.3515625	1031.5115624999999	30	ARE
1031.5115624999999	1032.0515624999998	273	MUSICAL
1032.0515624999998	1032.9115625	220	INSTRUMENTS
1032.9115625	1040.9434375	99999	sp
1040.9434375	1041.1724375	210	HOW
1041.1724375	1041.5834375	189	GOOD
1041.5834375	1041.8624375	224	IS
1041.8624375	1042.0334375	496	YOUR
1042.0334375	1042.8724375	138	ENDURANCE
1042.8724375	1063.4986250000002	99999	sp
1063.4986250000002	1063.608625	99999	sp
1063.608625	1064.2606250000001	46	BARB'S
1064.2606250000001	1064.608625	188	GOLD
1064.608625	1065.2306250000001	63	BRACELET
1065.2306250000001	1065.399625	472	WAS
1065.399625	1065.468625	1	A
1065.468625	1066.2396250000002	193	GRADUATION
1066.2396250000002	1066.780625	339	PRESENT
1066.780625	1075.938	99999	sp
1075.938	1076.049	434	THE
1076.049	1076.328	453	TWO
1076.328	1076.969	33	ARTISTS
1076.969	1077.8490000000002	147	EXCHANGED
1077.8490000000002	1078.698	39	AUTOGRAPHS
1078.698	1087.7021875	99999	sp
1087.7021875	1087.9021874999999	434	THE
1087.9021874999999	1088.5221875	61	BOSTON
1088.5221875	1089.0621875	45	BALLET
1089.0621875	1089.7621875	312	OVERCAME
1089.7621875	1089.9211875	435	THEIR
1089.9211875	1090.3421875	170	FUNDING
1090.3421875	1091.0021875	380	SHORTAGE
1091.0021875	1098.758	99999	sp
1098.758	1098.9080000000001	224	IS
1098.9080000000001	1099.0480000000002	375	SHE
1099.0480000000002	1099.448	187	GOING
1099.448	1099.6370000000002	487	WITH
1099.6370000000002	1099.9180000000001	495	YOU
1099.9180000000001	1109.303375	99999	sp
1109.303375	1109.363375	99999	sp
1109.363375	1109.9733749999998	75	CALCIUM
1109.9733749999998	1110.2553749999997	254	MAKES
1110.2553749999997	1110.7353749999997	58	BONES
1110.7353749999997	1110.9943749999998	20	AND
1110.9943749999998	1111.3953749999998	430	TEETH
1111.3953749999998	1111.4343749999998	99999	sp
1111.4343749999998	1112.044375	406	STRONG
1112.044375	1120.2965625	99999	sp
1120.2965625	1120.5465625	210	HOW
1120.5465625	1120.7965625	269	MUCH
1120.7965625	1121.4465625	16	ALLOWANCE
1121.4465625	1121.5865625	128	DO
1121.5865625	1121.8565624999999	495	YOU
1121.8565624999999	1122.2165625	177	GET
1122.2165625	1122.2665625	99999	sp
1122.2665625	1131.3516875	99999	sp
1131.3516875	1132.1116875	44	BAGPIPES
1132.1116875	1132.4216875	20	AND
1132.4216875	1133.0116875	59	BONGOS
1133.0116875	1133.1716875	30	ARE
1133.1716875	1133.7116875	273	MUSICAL
1133.7116875	1134.5716875	220	INSTRUMENTS
1134.5716875	1143.9613125	99999	sp
1143.9613125	1144.4613125	366	RICH
1144.4613125	1145.1303125	349	PURCHASED
1145.1303125	1145.7913125	374	SEVERAL
1145.7913125	1146.2413125	382	SIGNED
1146.2413125	1147.1513125000001	245	LITHOGRAPHS
1147.1513125000001	1156.285875	99999	sp
1156.285875	1156.375875	99999	sp
1156.375875	1156.705875	438	THEY
1156.705875	1157.065875	317	OWN
1157.065875	1157.225875	1	A
1157.225875	1157.4658749999999	52	BIG
1157.4658749999999	1157.9658749999999	209	HOUSE
1157.9658749999999	1158.2158749999999	217	IN
1158.2158749999999	1158.285875	434	THE
1158.285875	1158.695875	361	REMOTE
1158.695875	1159.4658749999999	109	COUNTRYSIDE
1159.4658749999999	1168.6103125	99999	sp
1168.6103125	1169.1213125	84	CHALLENGE
1169.1213125	1169.5613125	132	EACH
1169.5613125	1170.1713124999999	175	GENERAL'S
1170.1713124999999	1171.1013125	221	INTELLIGENCE
1171.1013125	1181.1651497564612	99999	sp
1181.1651497564612	1181.5551497564613	433	THAT
1181.5551497564613	1181.5751497564613	99999	sp
1181.5751497564613	1182.3551497564613	326	PICKPOCKET
1182.3551497564613	1182.5551497564613	472	WAS
1182.5551497564613	1182.8551497564613	80	CAUGHT
1182.8551497564613	1183.1151497564613	356	RED
1183.1151497564613	1183.5451497564613	199	HANDED
1183.5451497564613	1191.4199375	99999	sp
1191.4199375	1191.7799375	443	THOSE
1191.7799375	1191.9199375	484	WHO
1191.9199375	1192.2599375	427	TEACH
1192.2599375	1192.8799375	462	VALUES
1192.8799375	1192.9199375	99999	sp
1192.9199375	1193.3679375000002	156	FIRST
1193.3679375000002	1193.9199375	4	ABOLISH
1193.9199375	1194.4099375	87	CHEATING
1194.4099375	1205.0322078361446	99999	sp
1205.0322078361446	1205.1652848176468	30	ARE
1205.1652848176468	1205.2962848176467	495	YOU
1205.2962848176467	1205.6762848176468	250	LOOKING
1205.6762848176468	1205.9262848176468	161	FOR
1205.9262848176468	1206.5962848176468	88888	EMPLOYMEN
1206.5962848176468	1596.2857733049555	99999	sp
1596.2857733049555	1596.5447733049555	375	SHE
1596.5447733049555	1596.8357733049556	490	WORE
1596.8357733049556	1597.2947733049555	471	WARM
1597.2947733049555	1597.8547733049556	158	FLEECY
1597.8547733049556	1598.2757733049557	489	WOOLEN
1598.2757733049557	1599.0757733049556	311	OVERALLS
1599.0757733049556	1607.4896232349365	99999	sp
1607.4896232349365	1607.5896232349364	99999	sp
1607.5896232349364	1608.0986232349364	354	READING
1608.0986232349364	1608.3486232349364	217	IN
1608.3486232349364	1608.3796232349366	99999	sp
1608.3796232349366	1608.6296232349366	335	POOR
1608.6296232349366	1608.9396232349366	240	LIGHT
1608.9396232349366	1609.3486232349364	181	GIVES
1609.3486232349364	1609.5096232349365	495	YOU
1609.5096232349365	1610.3296232349367	150	EYESTRAIN
1610.3296232349367	1619.4594375000001	99999	sp
1619.4594375000001	1619.5294375	99999	{NS}
1619.5294375	1619.8794375000002	142	EVEN
1619.8794375000002	1620.1294375000002	211	I
1620.1294375000002	1620.9994375000003	293	OCCASIONALLY
1620.9994375000003	1621.2984375000003	177	GET
1621.2984375000003	1621.4094375000002	434	THE
1621.4094375000002	1621.7884375	265	MONDAY
1621.7884375	1622.4294375000002	56	BLUES
1622.4294375000002	1630.9686875	99999	sp
1630.9686875	1631.1186874999999	476	WE
1631.1186874999999	1631.3086875	30	ARE
1631.3086875	1631.7386875	301	OPEN
1631.7386875	1632.1186874999999	145	EVERY
1632.1186874999999	1632.7476875	88888	MONDAIM
1632.7476875	1633.2886875	143	EVENING
1633.2886875	1642.8995	99999	sp
1642.8995	1643.1895	226	IT'S
1643.1895	1643.4285	285	NOT
1643.4285	1643.7894999999999	133	EASY
1643.7894999999999	1643.9285	446	TO
1643.9285	1644.3685	113	CREATE
1644.3685	1645.0895	215	ILLUMINATING
1645.0895	1645.9695	146	EXAMPLES
1645.9695	1654.0094375	99999	sp
1654.0094375	1654.3794375000002	270	MUM
1654.3794375000002	1655.0094375	407	STRONGLY
1655.0094375	1655.6194375000002	126	DISLIKES
1655.6194375000002	1656.6294375000002	27	APPETIZERS
1656.6294375000002	1665.3795000000002	99999	sp
1665.3795000000002	1665.4095	99999	sp
1665.4095	1665.8895	443	THOSE
1665.8895	1666.0295	484	WHO
1666.0295	1666.3685	427	TEACH
1666.3685	1667.0195	462	VALUES
1667.0195	1667.3995000000002	156	FIRST
1667.3995000000002	1668.0195	4	ABOLISH
1668.0195	1668.5485	87	CHEATING
1668.5485	1678.1949955760122	99999	sp
1678.1949955760122	1678.2875000000001	434	THE
1678.2875000000001	1678.8685	165	FRIGHTENED
1678.8685	1679.3375	89	CHILD
1679.3375	1679.5785	472	WAS
1679.5785	1679.9485	176	GENTLY
1679.9485	1680.5375000000001	410	SUBDUED
1680.5375000000001	1680.7985	73	BY
1680.7985	1681.0375000000001	208	HIS
1681.0375000000001	1681.2775	52	BIG
1681.2775	1681.7985	66	BROTHER
1681.7985	1691.11325	99999	sp
1691.11325	1691.5052500000002	142	EVEN
1691.5052500000002	1691.6032500000001	1	A
1691.6032500000001	1692.13525	383	SIMPLE
1692.13525	1693.0552500000001	468	VOCABULARY
1693.0552500000001	1693.62325	104	CONTAINS
1693.62325	1694.36325	422	SYMBOLS
1694.36325	1703.9191162892869	99999	sp
1703.9191162892869	1704.4101162892869	99999	{NS}
1704.4101162892869	1704.4381162892869	1	A
1704.4381162892869	1704.5591162892867	110	CRAB
1704.5591162892867	1705.130116289287	85	CHALLENGED
1705.130116289287	1705.480116289287	258	ME
1705.480116289287	1705.5391162892868	99999	sp
1705.5391162892868	1705.9481162892869	70	BUT
1705.9481162892869	1705.980116289287	1	A
1705.980116289287	1706.3091162892867	350	QUICK
1706.3091162892867	1706.799116289287	402	STAB
1706.799116289287	1706.8181162892868	99999	sp
1706.8181162892868	1707.340116289287	464	VANQUISHED
1707.340116289287	1707.6791162892869	207	HIM
1707.6791162892869	1717.543614432967	99999	sp
1717.543614432967	1718.212614432967	183	GLUCOSE
1718.212614432967	1718.433614432967	20	AND
1718.433614432967	1719.092614432967	167	FRUCTOSE
1719.092614432967	1719.322614432967	30	ARE
1719.322614432967	1719.7836144329672	276	NATURAL
1719.7836144329672	1720.3616144329671	414	SUGARS
1720.3616144329671	1720.753614432967	163	FOUND
1720.753614432967	1720.962614432967	217	IN
1720.962614432967	1721.3616144329671	168	FRUIT
1721.3616144329671	1729.7923389558227	99999	sp
1729.7923389558227	1730.0123389558228	99999	{NS}
1730.0123389558228	1730.0423389558227	30	ARE
1730.0423389558227	1730.1723389558226	495	YOU
1730.1723389558226	1730.5423389558227	250	LOOKING
1730.5423389558227	1730.7723389558228	161	FOR
1730.7723389558228	1731.4123389558229	88888	EMPLOYMEN
1731.4123389558229	1742.570125	99999	sp
1742.570125	1742.970125	98	COFFEE
1742.970125	1743.399125	224	IS
1743.399125	1743.830125	198	GROWN
1743.830125	1744.100125	297	ON
1744.100125	1744.639125	404	STEEP
1744.639125	1745.090125	231	JUNGLE
1745.090125	1745.340125	241	LIKE
1745.340125	1745.899125	390	SLOPES
1745.899125	1746.149125	217	IN
1746.149125	1746.678125	431	TEMPERATE
1746.678125	1747.2881249999998	497	ZONES
1747.2881249999998	1756.2996197575071	99999	sp
1756.2996197575071	1756.507619757507	476	WE
1756.507619757507	1756.860619757507	480	WELCOME
1756.860619757507	1757.2396197575072	256	MANY
1757.2396197575072	1757.427619757507	282	NEW
1757.427619757507	1758.027619757507	408	STUDENTS
1758.027619757507	1758.410619757507	132	EACH
1758.410619757507	1758.840619757507	491	YEAR
1758.840619757507	1768.360375	99999	sp
1768.360375	1768.660375	298	ONLY
1768.660375	1768.7703749999998	434	THE
1768.7703749999998	1769.170375	51	BEST
1769.170375	1769.690375	330	PLAYERS
1769.690375	1770.181375	139	ENJOY
1770.181375	1771.093375	336	POPULARITY
1771.093375	1779.8819375	99999	sp
1779.8819375	1780.0019375	99999	sp
1780.0019375	1780.6519375	75	CALCIUM
1780.6519375	1780.9419375	254	MAKES
1780.9419375	1781.4419375	58	BONES
1781.4419375	1781.7309375	20	AND
1781.7309375	1782.0619374999999	430	TEETH
1782.0619374999999	1782.7309375	406	STRONG
1782.7309375	1791.7481875	99999	sp
1791.7481875	1791.7901875	99999	sp
1791.7901875	1792.3601875000002	286	NOTHING
1792.3601875000002	1792.5581875	224	IS
1792.5581875	1792.7901875	34	AS
1792.7901875	1793.4791875	295	OFFENSIVE
1793.4791875	1793.7901875	34	AS
1793.7901875	1794.5781875	219	INNOCENCE
1794.5781875	1803.8380708059985	99999	sp
1803.8380708059985	1804.4284888238944	405	STEVE
1804.4284888238944	1804.700113642045	490	WORE
1804.700113642045	1804.8399922909127	1	A
1804.8399922909127	1805.223845327341	65	BRIGHT
1805.223845327341	1805.5702889576764	356	RED
1805.5702889576764	1806.077875037203	78	CASHMERE
1806.077875037203	1806.5788357796603	420	SWEATER
1806.5788357796603	1815.6674375	99999	sp
1815.6674375	1816.1584375	46	BARB'S
1816.1584375	1816.4784375000002	188	GOLD
1816.4784375000002	1817.0484375	63	BRACELET
1817.0484375	1817.2284375000002	472	WAS
1817.2284375000002	1817.2864375000001	1	A
1817.2864375000001	1818.0054375	193	GRADUATION
1818.0054375	1818.5574375	339	PRESENT
1818.5574375	1828.4646205579706	99999	sp
1828.4646205579706	1828.586578632846	99999	{NS}
1828.586578632846	1828.9556205579709	130	DRAW
1828.9556205579709	1829.2956205579708	145	EVERY
1829.2956205579708	1829.6736205579707	308	OUTER
1829.6736205579707	1830.0956205579707	244	LINE
1830.0956205579707	1830.7536205579706	156	FIRST
1830.7536205579706	1831.0546205579708	99999	sp
1831.0546205579708	1831.3936205579707	436	THEN
1831.3936205579707	1831.6646205579707	154	FILL
1831.6646205579707	1831.8136205579708	217	IN
1831.8136205579708	1831.9556205579709	434	THE
1831.9556205579709	1832.6256205579707	222	INTERIOR
1832.6256205579707	1842.1336875	99999	sp
1842.1336875	1842.2936874999998	434	THE
1842.2936874999998	1842.5946875	475	WATER
1842.5946875	1843.3446875	103	CONTAINED
1843.3446875	1843.3626875	99999	sp
1843.3626875	1843.6626875	448	TOO
1843.6626875	1843.9036875	269	MUCH
1843.9036875	1844.5146874999998	90	CHLORINE
1844.5146874999998	1844.7436874999999	20	AND
1844.7436874999999	1845.0346875	409	STUNG
1845.0346875	1845.3146875	208	HIS
1845.3146875	1845.8626875	149	EYES
1845.8626875	1854.9905	99999	sp
1854.9905	1855.4905	229	JOHN'S
1855.4905	1855.9515000000001	66	BROTHER
1855.9515000000001	1856.5495	363	REPAINTED
1856.5495	1856.6415000000002	434	THE
1856.6415000000002	1857.1505000000002	173	GARAGE
1857.1505000000002	1857.5795000000003	129	DOOR
1857.5795000000003	1866.178625	99999	sp
1866.178625	1866.306625	99999	{NS}
1866.306625	1866.8186249999999	84	CHALLENGE
1866.8186249999999	1867.267625	132	EACH
1867.267625	1867.868625	175	GENERAL'S
1867.868625	1868.856625	221	INTELLIGENCE
1868.856625	1877.8057500000002	99999	sp
1877.8057500000002	1877.9157500000001	99999	sp
1877.9157500000001	1878.8657500000002	17	AMBIDEXTROUS
1878.8657500000002	1879.6657500000001	327	PICKPOCKETS
1879.6657500000001	1880.4157500000001	6	ACCOMPLISH
1880.4157500000001	1880.78475	267	MORE
1880.78475	1889.534576605285	99999	sp
1889.534576605285	1889.6095	1	A
1889.6095	1890.2495	271	MUSCULAR
1890.2495	1890.9595	2	ABDOMEN
1890.9595	1891.1495	224	IS
1891.1495	1891.3685	189	GOOD
1891.3685	1891.5995	161	FOR
1891.5995	1891.7395	496	YOUR
1891.7395	1892.0795	43	BACK
1892.0795	1901.41125	99999	sp
1901.41125	1901.65225	438	THEY
1901.65225	1901.95225	317	OWN
1901.95225	1902.0822500000002	1	A
1902.0822500000002	1902.3422500000001	52	BIG
1902.3422500000001	1902.3522500000001	99999	sp
1902.3522500000001	1902.8812500000001	209	HOUSE
1902.8812500000001	1903.03225	217	IN
1903.03225	1903.1022500000001	434	THE
1903.1022500000001	1903.52225	361	REMOTE
1903.52225	1904.29225	109	COUNTRYSIDE
1904.29225	1912.4262500000002	99999	sp
1912.4262500000002	1912.4962500000001	99999	{NS}
1912.4962500000001	1912.58625	434	THE
1912.58625	1913.03625	369	ROSE
1913.03625	1913.7562500000001	106	CORSAGE
1913.7562500000001	1914.34625	393	SMELLED
1914.34625	1914.86625	421	SWEET
1914.86625	1914.9162500000002	99999	sp
1914.9162500000002	1923.5297632536522	99999	sp
1923.5297632536522	1923.939763253652	433	THAT
1923.939763253652	1923.979763253652	99999	sp
1923.979763253652	1924.7397632536522	326	PICKPOCKET
1924.7397632536522	1924.939763253652	472	WAS
1924.939763253652	1925.2997632536521	80	CAUGHT
1925.2997632536521	1925.5297632536522	356	RED
1925.5297632536522	1926.0297632536522	199	HANDED
1926.0297632536522	1936.8685625	99999	sp
1936.8685625	1937.0685625	19	AN
1937.0685625	1937.5285625000001	9	ADULT
1937.5285625000001	1937.8585625	255	MALE
1937.8585625	1938.5285625000001	42	BABOON'S
1938.5285625000001	1938.9575625000002	430	TEETH
1938.9575625000002	1939.1885625000002	30	ARE
1939.1885625000002	1939.5385625000001	285	NOT
1939.5385625000001	1940.1285625000003	415	SUITABLE
1940.1285625000003	1940.3485625	161	FOR
1940.3485625	1940.8585625	135	EATING
1940.8585625	1941.7485625000002	376	SHELLFISH
1941.7485625000002	1951.2180625	99999	sp
1951.2180625	1951.4380625000001	204	HER
1951.4380625000001	1952.0490625	470	WARDROBE
1952.0490625	1952.7690625	102	CONSISTS
1952.7690625	1952.9790625	294	OF
1952.9790625	1953.3390625	298	ONLY
1953.3390625	1953.9290625	385	SKIRTS
1953.9290625	1954.1690625	20	AND
1954.1690625	1954.9490625	54	BLOUSES
1954.9490625	1966.3608125	99999	sp
1966.3608125	1966.5308125	434	THE
1966.5308125	1966.8608125	453	TWO
1966.8608125	1967.5408125	33	ARTISTS
1967.5408125	1968.3608125	147	EXCHANGED
1968.3608125	1968.4098125	99999	sp
1968.4098125	1969.4098125	88888	PHOTOGRAPHS
1969.4098125	1970.5908125	99999	sp
1970.5908125	1971.3508125	39	AUTOGRAPHS
1971.3508125	1980.866625	99999	sp
1980.866625	1981.646625	71	BUTTERSCOTCH
1981.646625	1982.256625	169	FUDGE
1982.256625	1982.426625	99999	sp
1982.426625	1982.676625	186	GOES
1982.676625	1983.036625	481	WELL
1983.036625	1983.236625	487	WITH
1983.236625	1983.536625	463	VANILLA
1983.536625	1983.986625	212	ICE
1983.986625	1984.416625	112	CREAM
1984.416625	1993.6145625000001	99999	sp
1993.6145625000001	1993.9945625000003	366	RICH
1993.9945625000003	1994.6945625000003	349	PURCHASED
1994.6945625000003	1995.2345625000003	374	SEVERAL
1995.2345625000003	1995.7045625000003	382	SIGNED
1995.7045625000003	1996.5945625000002	245	LITHOGRAPHS
1996.5945625000002	2006.018191839368	99999	sp
2006.018191839368	2006.0381918393682	99999	sp
2006.0381918393682	2006.3971918393681	24	ANY
2006.3971918393681	2007.3281918393682	105	CONTRIBUTIONS
2007.3281918393682	2007.478191839368	485	WILL
2007.478191839368	2007.6081918393681	47	BE
2007.6081918393681	2008.028191839368	195	GREATLY
2008.028191839368	2008.468191839368	88888	ACCEP
2008.468191839368	2008.688191839368	99999	sp
2008.688191839368	2009.5681918393682	28	APPRECIATED
2009.5681918393682	2019.317	99999	sp
2019.317	2019.507	434	THE
2019.507	2020.2069999999999	111	CRANBERRY
2020.2069999999999	2020.687	57	BOG
2020.687	2021.047	178	GETS
2021.047	2021.447	465	VERY
2021.447	2021.7759999999998	340	PRETTY
2021.7759999999998	2022.036	217	IN
2022.036	2022.567	40	AUTUMN
2022.567	2029.5897851339855	99999	sp
2029.5897851339855	2029.7742500000002	210	HOW
2029.7742500000002	2030.0542500000001	128	DO
2030.0542500000001	2030.63325	318	OYSTERS
2030.63325	2030.85425	253	MAKE
2030.85425	2031.50325	320	PEARLS
2031.50325	2040.1985	99999	sp
2040.1985	2040.3195	99999	sp
2040.3195	2040.6795000000002	257	MAY
2040.6795000000002	2040.7295000000001	211	I
2040.7295000000001	2041.0395	304	ORDER
2041.0395	2041.0895	1	A
2041.0895	2041.6595000000002	319	PARFAIT
2041.6595000000002	2041.9795000000001	10	AFTER
2041.9795000000001	2042.1385	211	I
2042.1385	2042.2795	134	EAT
2042.2795	2042.6385	124	DINNER
2042.6385	2049.891375	99999	sp
2049.891375	2050.061375	224	IS
2050.061375	2050.2113750000003	375	SHE
2050.2113750000003	2050.601375	187	GOING
2050.601375	2050.811375	487	WITH
2050.811375	2051.101375	495	YOU
2051.101375	2060.2484999999997	99999	sp
2060.2484999999997	2060.3475	99999	{NS}
2060.3475	2060.5285	76	CAN
2060.5285	2060.5975	434	THE
2060.5975	2061.2985	11	AGENCY
2061.2985	2061.9485	315	OVERTHROW
2061.9485	2062.4885	13	ALIEN
2062.4885	2063.1785	162	FORCES
2063.1785	2072.3762005941953	99999	sp
2072.3762005941953	2072.446200594195	99999	sp
2072.446200594195	2072.535200594195	1	A
2072.535200594195	2073.2062005941953	371	SCREWDRIVER
2073.2062005941953	2073.605200594195	224	IS
2073.605200594195	2073.975200594195	252	MADE
2073.975200594195	2074.1752005941953	166	FROM
2074.1752005941953	2074.535200594195	469	VODKA
2074.535200594195	2074.9252005941953	20	AND
2074.9252005941953	2075.285200594195	303	ORANGE
2075.285200594195	2075.906200594195	230	JUICE
2075.906200594195	2083.83325	99999	sp
2083.83325	2083.93325	99999	sp
2083.93325	2084.15225	210	HOW
2084.15225	2084.3832500000003	269	MUCH
2084.3832500000003	2085.08325	16	ALLOWANCE
2085.08325	2085.2632500000004	128	DO
2085.2632500000004	2085.40225	495	YOU
2085.40225	2085.73325	177	GET
2085.73325	2093.845375	99999	sp
2093.845375	2094.446375	115	CYCLICAL
2094.446375	2095.097375	346	PROGRAMS
2095.097375	2095.2463749999997	485	WILL
2095.2463749999997	2095.566375	281	NEVER
2095.566375	2096.2153749999998	100	COMPILE
2096.2153749999998	2104.12025	99999	sp
2104.12025	2104.2312500000003	434	THE
2104.2312500000003	2104.76125	61	BOSTON
2104.76125	2105.29125	45	BALLET
2105.29125	2105.9812500000003	312	OVERCAME
2105.9812500000003	2106.12025	435	THEIR
2106.12025	2106.53125	170	FUNDING
2106.53125	2107.19025	380	SHORTAGE
2107.19025	2114.7115624999997	99999	sp
2114.7115624999997	2114.8315625	99999	{NS}
2114.8315625	2115.1915624999997	145	EVERY
2115.1915624999997	2115.6815625	74	CAB
2115.6815625	2116.0015624999996	280	NEEDS
2116.0015624999996	2116.6415625	364	REPAINTING
2116.6415625	2117.2615625	296	OFTEN
2117.2615625	2125.15025	99999	sp
2125.15025	2125.4792500000003	203	HELP
2125.4792500000003	2125.4902500000003	99999	sp
2125.4902500000003	2125.8902500000004	196	GREG
2125.8902500000004	2126.1092500000004	446	TO
2126.1092500000004	2126.3902500000004	325	PICK
2126.3902500000004	2126.5392500000003	1	A
2126.5392500000003	2126.8102500000005	321	PECK
2126.8102500000005	2126.9302500000003	294	OF
2126.9302500000003	2127.6202500000004	338	POTATOES
2127.6202500000004	2136.3838125	99999	sp
2136.3838125	2136.6248125	476	WE
2136.6248125	2136.9438125	241	LIKE
2136.9438125	2137.1548125000004	55	BLUE
2137.1548125000004	2137.7948125000003	88	CHEESE
2137.7948125000003	2137.8648125000004	99999	sp
2137.8648125000004	2138.0648125000002	70	BUT
2138.0648125000002	2138.3838125	466	VICTOR
2138.3838125	2138.7948125000003	242	LIKES
2138.7948125000003	2139.2148125000003	64	BRIE
2139.2148125000003	2147.837331154324	99999	sp
2147.837331154324	2148.2268125	108	COUNT
2148.2268125	2148.3548124999998	434	THE
2148.3548124999998	2148.7668125	289	NUMBER
2148.7668125	2148.9068125	88888	OFT
2148.9068125	2149.5268125	429	TEASPOONS
2149.5268125	2149.5968125	294	OF
2149.5968125	2150.2538124999996	395	SOYSAUCE
2150.2538124999996	2150.3748124999997	433	THAT
2150.3748124999997	2150.5268125	495	YOU
2150.5268125	2150.9348124999997	7	ADD
2150.9348124999997	2159.9169375	99999	sp
2159.9169375	2160.6669375	44	BAGPIPES
2160.6669375	2160.9169375	20	AND
2160.9169375	2161.5379375	59	BONGOS
2161.5379375	2161.6979375	30	ARE
2161.6979375	2162.1879375000003	273	MUSICAL
2162.1879375000003	2163.0469375000002	220	INSTRUMENTS
2163.0469375000002	2171.0240625	99999	sp
2171.0240625	2171.2530625	210	HOW
2171.2530625	2171.6640625	189	GOOD
2171.6640625	2171.9430625	224	IS
2171.9430625	2172.1140625	496	YOUR
2172.1140625	2172.9530624999998	138	ENDURANCE
2172.9530624999998	2192.538572388226	99999	sp
2192.538572388226	2192.7575	76	CAN
2192.7575	2192.8265	434	THE
2192.8265	2193.478162428038	11	AGENCY
2193.478162428038	2194.1775000000002	315	OVERTHROW
2194.1775000000002	2194.7175	13	ALIEN
2194.7175	2195.4075000000003	162	FORCES
2195.4075000000003	2204.180125	99999	sp
2204.180125	2204.3301249999995	476	WE
2204.3301249999995	2204.520125	30	ARE
2204.520125	2204.950125	301	OPEN
2204.950125	2205.3301249999995	145	EVERY
2205.3301249999995	2205.959125	88888	MONDAIM
2205.959125	2206.5001249999996	143	EVENING
2206.5001249999996	2216.3905	99999	sp
2216.3905	2216.6814999999997	210	HOW
2216.6814999999997	2217.0705	189	GOOD
2217.0705	2217.3115	224	IS
2217.3115	2217.4314999999997	496	YOUR
2217.4314999999997	2218.3205	138	ENDURANCE
2218.3205	2227.5998125	99999	sp
2227.5998125	2227.9288125000003	203	HELP
2227.9288125000003	2227.9398125000002	99999	sp
2227.9398125000002	2228.3398125000003	196	GREG
2228.3398125000003	2228.5588125000004	446	TO
2228.5588125000004	2228.8398125000003	325	PICK
2228.8398125000003	2228.9888125	1	A
2228.9888125	2229.2598125000004	321	PECK
2229.2598125000004	2229.3798125000003	294	OF
2229.3798125000003	2230.0698125000004	338	POTATOES
2230.0698125000004	2238.2569375000003	99999	sp
2238.2569375000003	2238.3269375	99999	{NS}
2238.3269375	2238.6769375000003	142	EVEN
2238.6769375000003	2238.9269375000003	211	I
2238.9269375000003	2239.7969375000002	293	OCCASIONALLY
2239.7969375000002	2240.0959375	177	GET
2240.0959375	2240.2069375	434	THE
2240.2069375	2240.5859375	265	MONDAY
2240.5859375	2241.2269375	56	BLUES
2241.2269375	2249.8267017954045	99999	sp
2249.8267017954045	2249.9080625	1	A
2249.9080625	2250.5480625	271	MUSCULAR
2250.5480625	2251.2580625	2	ABDOMEN
2251.2580625	2251.4480625	224	IS
2251.4480625	2251.6670625	189	GOOD
2251.6670625	2251.8980625000004	161	FOR
2251.8980625000004	2252.0380625	496	YOUR
2252.0380625	2252.3780625	43	BACK
2252.3780625	2261.30725	99999	sp
2261.30725	2261.6992499999997	142	EVEN
2261.6992499999997	2261.7972499999996	1	A
2261.7972499999996	2262.32925	383	SIMPLE
2262.32925	2263.24925	468	VOCABULARY
2263.24925	2263.81725	104	CONTAINS
2263.81725	2264.55725	422	SYMBOLS
2264.55725	2273.4975000000004	99999	sp
2273.4975000000004	2273.5675	99999	sp
2273.5675	2274.0585	46	BARB'S
2274.0585	2274.3785000000003	188	GOLD
2274.3785000000003	2274.9485000000004	63	BRACELET
2274.9485000000004	2275.1285000000003	472	WAS
2275.1285000000003	2275.1865000000003	1	A
2275.1865000000003	2275.9055	193	GRADUATION
2275.9055	2276.4575000000004	339	PRESENT
2276.4575000000004	2285.98925	99999	sp
2285.98925	2286.48925	229	JOHN'S
2286.48925	2286.95025	66	BROTHER
2286.95025	2287.54825	363	REPAINTED
2287.54825	2287.6402500000004	434	THE
2287.6402500000004	2288.1492500000004	173	GARAGE
2288.1492500000004	2288.5782500000005	129	DOOR
2288.5782500000005	2297.8431380941956	99999	sp
2297.8431380941956	2297.9131380941953	99999	sp
2297.9131380941953	2298.0021380941953	1	A
2298.0021380941953	2298.6731380941956	371	SCREWDRIVER
2298.6731380941956	2299.0721380941955	224	IS
2299.0721380941955	2299.4421380941953	252	MADE
2299.4421380941953	2299.6421380941956	166	FROM
2299.6421380941956	2300.0021380941953	469	VODKA
2300.0021380941953	2300.3921380941956	20	AND
2300.3921380941956	2300.7521380941953	303	ORANGE
2300.7521380941953	2301.3731380941954	230	JUICE
2301.3731380941954	2309.9433125000005	99999	sp
2309.9433125000005	2310.0713125	99999	{NS}
2310.0713125	2310.5833125	84	CHALLENGE
2310.5833125	2311.0323125000004	132	EACH
2311.0323125000004	2311.6333125	175	GENERAL'S
2311.6333125	2312.6213125000004	221	INTELLIGENCE
2312.6213125000004	2321.94475	99999	sp
2321.94475	2322.13475	210	HOW
2322.13475	2322.41475	128	DO
2322.41475	2322.99375	318	OYSTERS
2322.99375	2323.21475	253	MAKE
2323.21475	2323.86375	320	PEARLS
2323.86375	2330.8345	99999	sp
2330.8345	2330.9945	434	THE
2330.9945	2331.2955	475	WATER
2331.2955	2332.0455	103	CONTAINED
2332.0455	2332.0635	99999	sp
2332.0635	2332.3635	448	TOO
2332.3635	2332.6045	269	MUCH
2332.6045	2333.2155	90	CHLORINE
2333.2155	2333.4444999999996	20	AND
2333.4444999999996	2333.7355	409	STUNG
2333.7355	2334.0155	208	HIS
2334.0155	2334.5635	149	EYES
2334.5635	2344.6616875	99999	sp
2344.6616875	2344.8816875	204	HER
2344.8816875	2345.4926875	470	WARDROBE
2345.4926875	2346.2126875	102	CONSISTS
2346.2126875	2346.4226875	294	OF
2346.4226875	2346.7826875	298	ONLY
2346.7826875	2347.3726875	385	SKIRTS
2347.3726875	2347.6126875	20	AND
2347.6126875	2348.3926874999997	54	BLOUSES
2348.3926874999997	2356.6702455579707	99999	sp
2356.6702455579707	2356.8048169731405	99999	{NS}
2356.8048169731405	2357.1612455579707	130	DRAW
2357.1612455579707	2357.501245557971	145	EVERY
2357.501245557971	2357.8792455579705	308	OUTER
2357.8792455579705	2358.301245557971	244	LINE
2358.301245557971	2358.9592455579705	156	FIRST
2358.9592455579705	2359.260245557971	99999	sp
2359.260245557971	2359.599245557971	436	THEN
2359.599245557971	2359.8702455579705	154	FILL
2359.8702455579705	2360.019245557971	217	IN
2360.019245557971	2360.1612455579707	434	THE
2360.1612455579707	2360.8312455579708	222	INTERIOR
2360.8312455579708	2369.479969283401	99999	sp
2369.479969283401	2369.669969283401	434	THE
2369.669969283401	2370.3699692834007	111	CRANBERRY
2370.3699692834007	2370.8499692834007	57	BOG
2370.8499692834007	2371.209969283401	178	GETS
2371.209969283401	2371.6099692834005	465	VERY
2371.6099692834005	2371.9389692834006	340	PRETTY
2371.9389692834006	2372.198969283401	217	IN
2372.198969283401	2372.729969283401	40	AUTUMN
2372.729969283401	2381.5955889558227	99999	sp
2381.5955889558227	2381.711974695906	99999	{NS}
2381.711974695906	2381.8455889558227	30	ARE
2381.8455889558227	2381.975588955823	495	YOU
2381.975588955823	2382.3455889558227	250	LOOKING
2382.3455889558227	2382.575588955823	161	FOR
2382.575588955823	2383.215588955823	88888	EMPLOYMEN
2383.215588955823	2392.2513983049557	99999	sp
2392.2513983049557	2392.5103983049557	375	SHE
2392.5103983049557	2392.801398304956	490	WORE
2392.801398304956	2393.2603983049557	471	WARM
2393.2603983049557	2393.820398304956	158	FLEECY
2393.820398304956	2394.241398304956	489	WOOLEN
2394.241398304956	2395.0413983049557	311	OVERALLS
2395.0413983049557	2403.8111875	99999	sp
2403.8111875	2404.5911875	71	BUTTERSCOTCH
2404.5911875	2405.2011875	169	FUDGE
2405.2011875	2405.3711875	99999	sp
2405.3711875	2405.6211875	186	GOES
2405.6211875	2405.9811874999996	481	WELL
2405.9811874999996	2406.1811875	487	WITH
2406.1811875	2406.4811874999996	463	VANILLA
2406.4811874999996	2406.9311875	212	ICE
2406.9311875	2407.3611874999997	112	CREAM
2407.3611874999997	2416.240625	99999	sp
2416.240625	2416.841625	115	CYCLICAL
2416.841625	2417.511625	346	PROGRAMS
2417.511625	2417.6416249999997	485	WILL
2417.6416249999997	2417.961625	281	NEVER
2417.961625	2418.610625	100	COMPILE
2418.610625	2428.6086875	99999	sp
2428.6086875	2428.6786875000003	99999	{NS}
2428.6786875000003	2428.7686875	434	THE
2428.7686875	2429.2186875	369	ROSE
2429.2186875	2429.9386875	106	CORSAGE
2429.9386875	2430.5286875	393	SMELLED
2430.5286875	2431.0486875	421	SWEET
2431.0486875	2431.0986875000003	99999	sp
2431.0986875000003	2440.8129269329675	99999	sp
2440.8129269329675	2441.4819269329673	183	GLUCOSE
2441.4819269329673	2441.7029269329673	20	AND
2441.7029269329673	2442.3619269329674	167	FRUCTOSE
2442.3619269329674	2442.591926932967	30	ARE
2442.591926932967	2443.0529269329672	276	NATURAL
2443.0529269329672	2443.6309269329677	414	SUGARS
2443.6309269329677	2444.0229269329675	163	FOUND
2444.0229269329675	2444.2319269329673	217	IN
2444.2319269329673	2444.6309269329677	168	FRUIT
2444.6309269329677	2453.5094912892864	99999	sp
2453.5094912892864	2453.602050402376	99999	{NS}
2453.602050402376	2453.7883629179164	1	A
2453.7883629179164	2454.1494912892867	110	CRAB
2454.1494912892867	2454.7204912892867	85	CHALLENGED
2454.7204912892867	2455.070491289287	258	ME
2455.070491289287	2455.1294912892863	99999	sp
2455.1294912892863	2455.538491289287	70	BUT
2455.538491289287	2455.570491289287	1	A
2455.570491289287	2455.8994912892867	350	QUICK
2455.8994912892867	2456.3894912892865	402	STAB
2456.3894912892865	2456.4084912892868	99999	sp
2456.4084912892868	2456.9304912892867	464	VANQUISHED
2456.9304912892867	2457.2694912892866	207	HIM
2457.2694912892866	2465.9521250000003	99999	sp
2465.9521250000003	2466.242125	226	IT'S
2466.242125	2466.4811250000002	285	NOT
2466.4811250000002	2466.842125	133	EASY
2466.842125	2466.9811250000002	446	TO
2466.9811250000002	2467.4211250000003	113	CREATE
2467.4211250000003	2468.1421250000003	215	ILLUMINATING
2468.1421250000003	2469.0221250000004	146	EXAMPLES
2469.0221250000004	2477.3870625	99999	sp
2477.3870625	2477.7570625	270	MUM
2477.7570625	2478.3870625	407	STRONGLY
2478.3870625	2478.9970625	126	DISLIKES
2478.9970625	2480.0070625	27	APPETIZERS
2480.0070625	2489.1284375000005	99999	sp
2489.1284375000005	2489.1584375	99999	sp
2489.1584375	2489.6384375000002	443	THOSE
2489.6384375000002	2489.7784375	484	WHO
2489.7784375	2490.1174375	427	TEACH
2490.1174375	2490.7684375000003	462	VALUES
2490.7684375000003	2491.1484375000005	156	FIRST
2491.1484375000005	2491.7684375000003	4	ABOLISH
2491.7684375000003	2492.2974375000003	87	CHEATING
2492.2974375000003	2500.7436875	99999	sp
2500.7436875	2500.8546875	434	THE
2500.8546875	2501.3846875	61	BOSTON
2501.3846875	2501.9146875	45	BALLET
2501.9146875	2502.6046875	312	OVERCAME
2502.6046875	2502.7436875	435	THEIR
2502.7436875	2503.1546875	170	FUNDING
2503.1546875	2503.8136875	380	SHORTAGE
2503.8136875	2511.33103824948	99999	sp
2511.33103824948	2511.7264375	108	COUNT
2511.7264375	2511.8384375	434	THE
2511.8384375	2512.2654375	289	NUMBER
2512.2654375	2512.4026351368498	294	OF
2512.4026351368498	2513.0054375	429	TEASPOONS
2513.0054375	2513.0984375000003	294	OF
2513.0984375000003	2513.7554375	395	SOYSAUCE
2513.7554375	2513.8764375	433	THAT
2513.8764375	2514.0864375	495	YOU
2514.0864375	2514.4364375	7	ADD
2514.4364375	2522.6619374999996	99999	sp
2522.6619374999996	2522.7819375	99999	{NS}
2522.7819375	2523.1419374999996	145	EVERY
2523.1419374999996	2523.6319375	74	CAB
2523.6319375	2523.9519374999995	280	NEEDS
2523.9519374999995	2524.5919375	364	REPAINTING
2524.5919375	2525.2119374999997	296	OFTEN
2525.2119374999997	2535.4606197575067	99999	sp
2535.4606197575067	2535.668619757507	476	WE
2535.668619757507	2536.021619757507	480	WELCOME
2536.021619757507	2536.4006197575072	256	MANY
2536.4006197575072	2536.588619757507	282	NEW
2536.588619757507	2537.188619757507	408	STUDENTS
2537.188619757507	2537.5716197575066	132	EACH
2537.5716197575066	2538.001619757507	491	YEAR
2538.001619757507	2547.5566875	99999	sp
2547.5566875	2547.7266874999996	434	THE
2547.7266874999996	2548.0566875	453	TWO
2548.0566875	2548.7366875	33	ARTISTS
2548.7366875	2549.5566875	147	EXCHANGED
2549.5566875	2549.6056875	99999	sp
2549.6056875	2550.6056875	88888	PHOTOGRAPHS
2550.6056875	2551.7866875	99999	sp
2551.7866875	2552.5466875	39	AUTOGRAPHS
2552.5466875	2561.939580202398	99999	sp
2561.939580202398	2562.0364375	434	THE
2562.0364375	2562.6174375	165	FRIGHTENED
2562.6174375	2563.0864375	89	CHILD
2563.0864375	2563.3274375	472	WAS
2563.3274375	2563.6974375	176	GENTLY
2563.6974375	2564.2864375	410	SUBDUED
2564.2864375	2564.5474375	73	BY
2564.5474375	2564.7864375	208	HIS
2564.7864375	2565.0264374999997	52	BIG
2565.0264374999997	2565.5474375	66	BROTHER
2565.5474375	2574.628625	99999	sp
2574.628625	2575.028625	98	COFFEE
2575.028625	2575.457625	224	IS
2575.457625	2575.8886249999996	198	GROWN
2575.8886249999996	2576.158625	297	ON
2576.158625	2576.697625	404	STEEP
2576.697625	2577.148625	231	JUNGLE
2577.148625	2577.398625	241	LIKE
2577.398625	2577.957625	390	SLOPES
2577.957625	2578.207625	217	IN
2578.207625	2578.7366249999995	431	TEMPERATE
2578.7366249999995	2579.3466249999997	497	ZONES
2579.3466249999997	2599.4679375	99999	sp
2599.4679375	2599.5889375	99999	sp
2599.5889375	2599.9489375000003	257	MAY
2599.9489375000003	2599.9989375000005	211	I
2599.9989375000005	2600.3089375	304	ORDER
2600.3089375	2600.3589375	1	A
2600.3589375	2600.9289375000003	319	PARFAIT
2600.9289375000003	2601.2489375000005	10	AFTER
2601.2489375000005	2601.4079375	211	I
2601.4079375	2601.5489375	134	EAT
2601.5489375	2601.9079375	124	DINNER
2601.9079375	2611.467625	99999	sp
2611.467625	2611.708625	476	WE
2611.708625	2612.027625	241	LIKE
2612.027625	2612.2386250000004	55	BLUE
2612.2386250000004	2612.8786250000003	88	CHEESE
2612.8786250000003	2612.9486250000004	99999	sp
2612.9486250000004	2613.1486250000003	70	BUT
2613.1486250000003	2613.467625	466	VICTOR
2613.467625	2613.8786250000003	242	LIKES
2613.8786250000003	2614.2986250000004	64	BRIE
2614.2986250000004	2622.6161875	99999	sp
2622.6161875	2622.9161875	298	ONLY
2622.9161875	2623.0261874999997	434	THE
2623.0261874999997	2623.4261875	51	BEST
2623.4261875	2623.9461874999997	330	PLAYERS
2623.9461874999997	2624.4371874999997	139	ENJOY
2624.4371874999997	2625.3491875	336	POPULARITY
2625.3491875	2634.0381293393684	99999	sp
2634.0381293393684	2634.0581293393684	99999	sp
2634.0581293393684	2634.4171293393683	24	ANY
2634.4171293393683	2635.3481293393684	105	CONTRIBUTIONS
2635.3481293393684	2635.4981293393685	485	WILL
2635.4981293393685	2635.6281293393686	47	BE
2635.6281293393686	2636.048129339368	195	GREATLY
2636.048129339368	2636.4881293393682	88888	ACCEP
2636.4881293393682	2636.7081293393685	99999	sp
2636.7081293393685	2637.5881293393686	28	APPRECIATED
2637.5881293393686	2645.5131874999997	99999	sp
2645.5131874999997	2645.8651875	142	EVEN
2645.8651875	2646.1761874999997	211	I
2646.1761874999997	2646.7251874999997	293	OCCASIONALLY
2646.7251874999997	2646.9431875	177	GET
2646.9431875	2647.0451875	434	THE
2647.0451875	2647.3741875	265	MONDAY
2647.3741875	2647.9431875	56	BLUES
2647.9431875	2657.0755625	99999	sp
2657.0755625	2657.1175625	99999	sp
2657.1175625	2657.6875625000002	286	NOTHING
2657.6875625000002	2657.8855625	224	IS
2657.8855625	2658.1175625	34	AS
2658.1175625	2658.8065625	295	OFFENSIVE
2658.8065625	2659.1175625	34	AS
2659.1175625	2659.9055625	219	INNOCENCE
2659.9055625	2669.4255	99999	sp
2669.4255	2669.8055	366	RICH
2669.8055	2670.5055	349	PURCHASED
2670.5055	2671.0455	374	SEVERAL
2671.0455	2671.5155	382	SIGNED
2671.5155	2672.4055	245	LITHOGRAPHS
2672.4055	2679.8672500000002	99999	sp
2679.8672500000002	2680.6172500000002	44	BAGPIPES
2680.6172500000002	2680.8672500000002	20	AND
2680.8672500000002	2681.4882500000003	59	BONGOS
2681.4882500000003	2681.64825	30	ARE
2681.64825	2682.1382500000004	273	MUSICAL
2682.1382500000004	2682.9972500000003	220	INSTRUMENTS
2682.9972500000003	2691.0002632536525	99999	sp
2691.0002632536525	2691.4102632536524	433	THAT
2691.4102632536524	2691.4502632536523	99999	sp
2691.4502632536523	2692.2102632536526	326	PICKPOCKET
2692.2102632536526	2692.4102632536524	472	WAS
2692.4102632536524	2692.770263253652	80	CAUGHT
2692.770263253652	2693.0002632536525	356	RED
2693.0002632536525	2693.5002632536525	199	HANDED
2693.5002632536525	2702.5864375	99999	sp
2702.5864375	2702.7064375	99999	sp
2702.7064375	2703.3564375	75	CALCIUM
2703.3564375	2703.6464375	254	MAKES
2703.6464375	2704.1464375	58	BONES
2704.1464375	2704.4354375000003	20	AND
2704.4354375000003	2704.7664375	430	TEETH
2704.7664375	2705.4354375000003	406	STRONG
2705.4354375000003	2714.0266874999998	99999	sp
2714.0266874999998	2714.1366875	99999	sp
2714.1366875	2715.0866875	17	AMBIDEXTROUS
2715.0866875	2715.8866875	327	PICKPOCKETS
2715.8866875	2716.6366875	6	ACCOMPLISH
2716.6366875	2717.0056875	267	MORE
2717.0056875	2725.2144375000003	99999	sp
2725.2144375000003	2725.4554375000002	438	THEY
2725.4554375000002	2725.7554375	317	OWN
2725.7554375	2725.8854375	1	A
2725.8854375	2726.1454375000003	52	BIG
2726.1454375000003	2726.1554375000005	99999	sp
2726.1554375000005	2726.6844375	209	HOUSE
2726.6844375	2726.8354375	217	IN
2726.8354375	2726.9054375000005	434	THE
2726.9054375000005	2727.3254375	361	REMOTE
2727.3254375	2728.0954375	109	COUNTRYSIDE
2728.0954375	2736.7239982349365	99999	sp
2736.7239982349365	2736.823998234936	99999	sp
2736.823998234936	2737.332998234936	354	READING
2737.332998234936	2737.582998234936	217	IN
2737.582998234936	2737.6139982349364	99999	sp
2737.6139982349364	2737.8639982349364	335	POOR
2737.8639982349364	2738.1739982349363	240	LIGHT
2738.1739982349363	2738.582998234936	181	GIVES
2738.582998234936	2738.743998234936	495	YOU
2738.743998234936	2739.5639982349367	150	EYESTRAIN
2739.5639982349367	2748.5324375	99999	sp
2748.5324375	2748.7324375	19	AN
2748.7324375	2749.1924375	9	ADULT
2749.1924375	2749.5224375	255	MALE
2749.5224375	2750.1924375	42	BABOON'S
2750.1924375	2750.6214375	430	TEETH
2750.6214375	2750.8524375	30	ARE
2750.8524375	2751.2024375	285	NOT
2751.2024375	2751.7924375000002	415	SUITABLE
2751.7924375000002	2752.0124375	161	FOR
2752.0124375	2752.5224375	135	EATING
2752.5224375	2753.4124375	376	SHELLFISH
2753.4124375	2762.096875	99999	sp
2762.096875	2762.2668750000003	224	IS
2762.2668750000003	2762.4168750000003	375	SHE
2762.4168750000003	2762.806875	187	GOING
2762.806875	2763.0168750000003	487	WITH
2763.0168750000003	2763.306875	495	YOU
2763.306875	2771.04075	99999	sp
2771.04075	2771.14075	99999	sp
2771.14075	2771.35975	210	HOW
2771.35975	2771.5907500000003	269	MUCH
2771.5907500000003	2772.29075	16	ALLOWANCE
2772.29075	2772.4707500000004	128	DO
2772.4707500000004	2772.60975	495	YOU
2772.60975	2772.94075	177	GET
2772.94075	2797.7285625000004	99999	sp
2797.7285625000004	2797.7475625	99999	sp
2797.7475625	2797.8885625000003	30	ARE
2797.8885625000003	2798.0785625000003	496	YOUR
2798.0785625000003	2798.4585625	192	GRADES
2798.4585625	2798.4975625	99999	sp
2798.4975625	2798.9485625	206	HIGHER
2798.9485625	2799.1485625	302	OR
2799.1485625	2799.5985625000003	251	LOWER
2799.5985625000003	2799.7885625000004	432	THAN
2799.7885625000004	2800.5885625	275	NANCY'S
2800.5885625	2809.5198125	99999	sp
2809.5198125	2809.8098125	375	SHE
2809.8098125	2810.0698125000004	490	WORE
2810.0698125000004	2810.5288125	471	WARM
2810.5288125	2811.1098125000003	158	FLEECY
2811.1098125000003	2811.5598125	489	WOOLEN
2811.5598125	2812.4088125000003	311	OVERALLS
2812.4088125000003	2820.714	99999	sp
2820.714	2821.185	354	READING
2821.185	2821.4849999999997	217	IN
2821.4849999999997	2821.5139999999997	99999	sp
2821.5139999999997	2821.725	335	POOR
2821.725	2822.035	240	LIGHT
2822.035	2822.415	181	GIVES
2822.415	2822.625	495	YOU
2822.625	2823.4449999999997	150	EYESTRAIN
2823.4449999999997	2832.070704129177	99999	sp
2832.070704129177	2832.4004375	142	EVEN
2832.4004375	2832.6794375	211	I
2832.6794375	2833.4894375	293	OCCASIONALLY
2833.4894375	2833.7204375	177	GET
2833.7204375	2833.8094375	434	THE
2833.8094375	2834.2104375	265	MONDAY
2834.2104375	2834.7604375	56	BLUES
2834.7604375	2843.307	99999	sp
2843.307	2843.5069999999996	476	WE
2843.5069999999996	2843.687	30	ARE
2843.687	2844.0669999999996	301	OPEN
2844.0669999999996	2844.5269999999996	145	EVERY
2844.5269999999996	2844.8869999999997	265	MONDAY
2844.8869999999997	2845.5769999999998	143	EVENING
2845.5769999999998	2855.098	99999	sp
2855.098	2855.31	99999	{NS}
2855.31	2855.579	226	ITS
2855.579	2855.848	285	NOT
2855.848	2856.2380000000003	133	EASY
2856.2380000000003	2856.37	446	TO
2856.37	2856.848	113	CREATE
2856.848	2857.65	215	ILLUMINATING
2857.65	2858.55	146	EXAMPLES
2858.55	2866.6879104255217	99999	sp
2866.6879104255217	2867.074125	270	MUM
2867.074125	2867.694125	407	STRONGLY
2867.694125	2868.354125	126	DISLIKES
2868.354125	2869.402125	27	APPETIZERS
2869.402125	2878.905	99999	sp
2878.905	2879.3660000000004	443	THOSE
2879.3660000000004	2879.405	99999	sp
2879.405	2879.5350000000003	484	WHO
2879.5350000000003	2879.905	427	TEACH
2879.905	2880.626	462	VALUES
2880.626	2880.6650000000004	99999	sp
2880.6650000000004	2881.175	156	FIRST
2881.175	2881.7760000000003	4	ABOLISH
2881.7760000000003	2882.3660000000004	87	CHEATING
2882.3660000000004	2892.0590087748888	99999	sp
2892.0590087748888	2892.191910687539	434	THE
2892.191910687539	2892.741910687539	165	FRIGHTENED
2892.741910687539	2893.241910687539	89	CHILD
2893.241910687539	2893.631910687539	472	WAS
2893.631910687539	2894.0019106875393	176	GENTLY
2894.0019106875393	2894.640910687539	410	SUBDUED
2894.640910687539	2894.871910687539	73	BY
2894.871910687539	2895.091910687539	208	HIS
2895.091910687539	2895.299910687539	52	BIG
2895.299910687539	2895.780910687539	66	BROTHER
2895.780910687539	2905.9324375	99999	sp
2905.9324375	2906.2524375000003	142	EVEN
2906.2524375000003	2906.3624375000004	1	A
2906.3624375000004	2906.8524375	383	SIMPLE
2906.8524375	2907.7124375000003	468	VOCABULARY
2907.7124375000003	2908.2424375000005	104	CONTAINS
2908.2424375000005	2908.9204375000004	422	SYMBOLS
2908.9204375000004	2917.904040053109	99999	sp
2917.904040053109	2918.054040053109	1	A
2918.054040053109	2918.4820400531094	110	CRAB
2918.4820400531094	2919.124040053109	85	CHALLENGED
2919.124040053109	2919.414040053109	258	ME
2919.414040053109	2919.6740400531094	99999	sp
2919.6740400531094	2919.8520400531092	70	BUT
2919.8520400531092	2919.894040053109	1	A
2919.894040053109	2920.184040053109	350	QUICK
2920.184040053109	2920.655341538551	402	STAB
2920.655341538551	2921.2552668854114	464	VANQUISHED
2921.2552668854114	2921.604040053109	207	HIM
2921.604040053109	2931.1184922481298	99999	sp
2931.1184922481298	2931.68649224813	183	GLUCOSE
2931.68649224813	2931.93649224813	20	AND
2931.93649224813	2932.58949224813	167	FRUCTOSE
2932.58949224813	2932.74649224813	30	ARE
2932.74649224813	2933.24649224813	276	NATURAL
2933.24649224813	2933.80749224813	414	SUGARS
2933.80749224813	2933.83949224813	99999	sp
2933.83949224813	2934.23649224813	163	FOUND
2934.23649224813	2934.43649224813	217	IN
2934.43649224813	2934.94849224813	168	FRUIT
2934.94849224813	2942.4383717458404	99999	sp
2942.4383717458404	2942.6783717458406	99999	{NS}
2942.6783717458406	2942.7073717458406	30	ARE
2942.7073717458406	2942.8673717458405	495	YOU
2942.8673717458405	2943.2073717458406	250	LOOKING
2943.2073717458406	2943.4383717458404	161	FOR
2943.4383717458404	2944.0983717458403	88888	EMPLOYMEN
2944.0983717458403	2954.6782500000004	99999	sp
2954.6782500000004	2954.7382500000003	99999	sp
2954.7382500000003	2955.0682500000003	98	COFFEE
2955.0682500000003	2955.48025	224	IS
2955.48025	2955.9012500000003	198	GROWN
2955.9012500000003	2956.1382500000004	297	ON
2956.1382500000004	2956.6182500000004	404	STEEP
2956.6182500000004	2957.0682500000003	231	JUNGLE
2957.0682500000003	2957.34025	241	LIKE
2957.34025	2957.84925	390	SLOPES
2957.84925	2958.0682500000003	217	IN
2958.0682500000003	2958.52925	431	TEMPERATE
2958.52925	2959.04125	497	ZONES
2959.04125	2967.1	99999	sp
2967.1	2967.3	476	WE
2967.3	2967.701	480	WELCOME
2967.701	2967.98	256	MANY
2967.98	2968.28	282	NEW
2968.28	2968.85	408	STUDENTS
2968.85	2969.2200000000003	132	EACH
2969.2200000000003	2969.631	491	YEAR
2969.631	2978.804	99999	sp
2978.804	2979.194	298	ONLY
2979.194	2979.314	434	THE
2979.314	2979.694	51	BEST
2979.694	2980.227	330	PLAYERS
2980.227	2980.7149999999997	139	ENJOY
2980.7149999999997	2981.6569999999997	336	POPULARITY
2981.6569999999997	2989.572491057298	99999	sp
2989.572491057298	2990.1459375000004	75	CALCIUM
2990.1459375000004	2990.4549375	254	MAKES
2990.4549375	2990.9339375000004	58	BONES
2990.9339375000004	2991.1659375000004	20	AND
2991.1659375000004	2991.5439375	430	TEETH
2991.5439375	2991.5949375000005	99999	sp
2991.5949375000005	2992.1549375000004	406	STRONG
2992.1549375000004	3000.6045625	99999	sp
3000.6045625	3000.7145625000003	99999	sp
3000.7145625000003	3001.2945625	286	NOTHING
3001.2945625	3001.5235625	224	IS
3001.5235625	3001.7945625	34	AS
3001.7945625	3002.5355625	295	OFFENSIVE
3002.5355625	3002.8755625000003	34	AS
3002.8755625000003	3003.7055625000003	219	INNOCENCE
3003.7055625000003	3013.5853125	99999	sp
3013.5853125	3014.1863124999995	405	STEVE
3014.1863124999995	3014.2073124999997	99999	sp
3014.2073124999997	3014.5763125	490	WORE
3014.5763125	3014.6653125	1	A
3014.6653125	3015.1063124999996	65	BRIGHT
3015.1063124999996	3015.4273124999995	356	RED
3015.4273124999995	3016.1063124999996	78	CASHMERE
3016.1063124999996	3016.6473124999998	420	SWEATER
3016.6473124999998	3025.6635625	99999	sp
3025.6635625	3025.6935625	99999	sp
3025.6935625	3026.1635625	46	BARB'S
3026.1635625	3026.5445624999998	188	GOLD
3026.5445624999998	3027.2145625	63	BRACELET
3027.2145625	3027.3635624999997	472	WAS
3027.3635624999997	3027.4255625	1	A
3027.4255625	3028.1635625	193	GRADUATION
3028.1635625	3028.6045624999997	339	PRESENT
3028.6045624999997	3039.5328139317335	99999	sp
3039.5328139317335	3039.5771321356688	99999	{NS}
3039.5771321356688	3039.874813931733	130	DRAW
3039.874813931733	3040.2648139317334	145	EVERY
3040.2648139317334	3040.5948139317334	308	OUTER
3040.5948139317334	3040.972813931733	244	LINE
3040.972813931733	3041.633813931733	156	FIRST
3041.633813931733	3041.7828139317335	99999	sp
3041.7828139317335	3042.2648139317334	436	THEN
3042.2648139317334	3042.5838139317334	154	FILL
3042.5838139317334	3042.8448139317334	217	IN
3042.8448139317334	3042.934813931733	434	THE
3042.934813931733	3043.6728139317333	222	INTERIOR
3043.6728139317333	3052.6385	99999	sp
3052.6385	3052.7885	99999	{NS}
3052.7885	3052.9485	434	THE
3052.9485	3053.2484999999997	475	WATER
3053.2484999999997	3053.9874999999997	103	CONTAINED
3053.9874999999997	3054.2985	448	TOO
3054.2985	3054.5285	269	MUCH
3054.5285	3055.1485	90	CHLORINE
3055.1485	3055.3285	20	AND
3055.3285	3055.6884999999997	409	STUNG
3055.6884999999997	3055.9485	208	HIS
3055.9485	3056.5085	149	EYES
3056.5085	3064.8010625	99999	sp
3064.8010625	3065.3310625	229	JOHN'S
3065.3310625	3065.7710625	66	BROTHER
3065.7710625	3066.4010625	363	REPAINTED
3066.4010625	3066.5000625	434	THE
3066.5000625	3067.0410625	173	GARAGE
3067.0410625	3067.4710625	129	DOOR
3067.4710625	3075.2561250000003	99999	sp
3075.2561250000003	3075.3561250000002	99999	sp
3075.3561250000002	3075.8761250000002	84	CHALLENGE
3075.8761250000002	3076.2561250000003	132	EACH
3076.2561250000003	3076.8161250000003	175	GENERAL'S
3076.8161250000003	3077.8361250000003	221	INTELLIGENCE
3077.8361250000003	3086.3056875	99999	sp
3086.3056875	3087.2456875000003	17	AMBIDEXTROUS
3087.2456875000003	3088.0156875000002	327	PICKPOCKETS
3088.0156875000002	3088.7056875000003	6	ACCOMPLISH
3088.7056875000003	3089.0856875	267	MORE
3089.0856875	3097.269	99999	sp
3097.269	3097.4089999999997	99999	{NS}
3097.4089999999997	3097.439	1	A
3097.439	3097.9289999999996	271	MUSCULAR
3097.9289999999996	3098.589	2	ABDOMEN
3098.589	3098.8489999999997	224	IS
3098.8489999999997	3099.109	189	GOOD
3099.109	3099.3289999999997	161	FOR
3099.3289999999997	3099.499	496	YOUR
3099.499	3099.839	43	BACK
3099.839	3108.894058953502	99999	sp
3108.894058953502	3109.1520625	438	THEY
3109.1520625	3109.4520625	317	OWN
3109.4520625	3109.5820624999997	1	A
3109.5820624999997	3109.8320624999997	52	BIG
3109.8320624999997	3109.8420625	99999	sp
3109.8420625	3110.3210624999997	209	HOUSE
3110.3210624999997	3110.5120625	217	IN
3110.5120625	3110.5820624999997	434	THE
3110.5820624999997	3110.9920625	361	REMOTE
3110.9920625	3111.7420625	109	COUNTRYSIDE
3111.7420625	3119.8899375	99999	sp
3119.8899375	3120.0299375	434	THE
3120.0299375	3120.4599375	369	ROSE
3120.4599375	3121.1499375	106	CORSAGE
3121.1499375	3121.6099375	393	SMELLED
3121.6099375	3122.0799375	421	SWEET
3122.0799375	3130.2926803164787	99999	sp
3130.2926803164787	3130.7726803164787	433	THAT
3130.7726803164787	3131.4526803164786	326	PICKPOCKET
3131.4526803164786	3131.6226803164786	472	WAS
3131.6226803164786	3131.9616803164786	80	CAUGHT
3131.9616803164786	3132.2326803164788	356	RED
3132.2326803164788	3132.7226803164785	199	HANDED
3132.7226803164785	3142.9968750000003	99999	sp
3142.9968750000003	3143.1668750000003	19	AN
3143.1668750000003	3143.656875	9	ADULT
3143.656875	3143.926875	255	MALE
3143.926875	3144.4568750000003	42	BABOON'S
3144.4568750000003	3144.506875	99999	sp
3144.506875	3144.9968750000003	430	TEETH
3144.9968750000003	3145.156875	30	ARE
3145.156875	3145.4768750000003	285	NOT
3145.4768750000003	3146.0458750000003	415	SUITABLE
3146.0458750000003	3146.216875	161	FOR
3146.216875	3146.6868750000003	135	EATING
3146.6868750000003	3147.4768750000003	376	SHELLFISH
3147.4768750000003	3156.4106875	99999	sp
3156.4106875	3156.6406875000002	204	HER
3156.6406875000002	3157.2406875	470	WARDROBE
3157.2406875	3157.9106875	102	CONSISTS
3157.9106875	3158.1206875000003	294	OF
3158.1206875000003	3158.4906875	298	ONLY
3158.4906875	3159.0596875	385	SKIRTS
3159.0596875	3159.2906875	20	AND
3159.2906875	3159.9906875	54	BLOUSES
3159.9906875	3169.1210625	99999	sp
3169.1210625	3169.2310625	434	THE
3169.2310625	3169.5410625	453	TWO
3169.5410625	3170.1010625	33	ARTISTS
3170.1010625	3170.9210625	147	EXCHANGED
3170.9210625	3171.4610625	88888	PHOTO
3171.4610625	3171.8110625	99999	sp
3171.8110625	3172.3410625	88888	GRAPHS
3172.3410625	3181.173	99999	sp
3181.173	3181.3329999999996	99999	{NS}
3181.3329999999996	3182.073	71	BUTTERSCOTCH
3182.073	3182.5029999999997	169	FUDGE
3182.5029999999997	3182.763	186	GOES
3182.763	3183.0829999999996	481	WELL
3183.0829999999996	3183.2329999999997	487	WITH
3183.2329999999997	3183.5229999999997	463	VANILLA
3183.5229999999997	3183.9329999999995	212	ICE
3183.9329999999995	3184.323	112	CREAM
3184.323	3192.5275725504507	99999	sp
3192.5275725504507	3192.910375	366	RICH
3192.910375	3193.400375	349	PURCHASED
3193.400375	3193.900375	374	SEVERAL
3193.900375	3194.350375	382	SIGNED
3194.350375	3195.2603750000003	245	LITHOGRAPHS
3195.2603750000003	3203.5704698563386	99999	sp
3203.5704698563386	3203.9494698563385	24	ANY
3203.9494698563385	3204.8204698563386	105	CONTRIBUTIONS
3204.8204698563386	3204.9704698563387	485	WILL
3204.9704698563387	3205.1304698563386	47	BE
3205.1304698563386	3205.649469856339	195	GREATLY
3205.649469856339	3206.620469856339	28	APPRECIATED
3206.620469856339	3215.449852602829	99999	sp
3215.449852602829	3215.589852602829	434	THE
3215.589852602829	3216.1888526028292	111	CRANBERRY
3216.1888526028292	3216.609852602829	57	BOG
3216.609852602829	3216.6888526028292	99999	sp
3216.6888526028292	3216.979852602829	178	GETS
3216.979852602829	3217.298852602829	465	VERY
3217.298852602829	3217.558852602829	340	PRETTY
3217.558852602829	3217.9098526028292	217	IN
3217.9098526028292	3218.4098526028292	40	AUTUMN
3218.4098526028292	3225.8176875	99999	sp
3225.8176875	3226.0186875	210	HOW
3226.0186875	3226.2686875	128	DO
3226.2686875	3226.7886875	318	OYSTERS
3226.7886875	3227.0186875	253	MAKE
3227.0186875	3227.0286874999997	99999	sp
3227.0286874999997	3227.6876875	320	PEARLS
3227.6876875	3236.4835625	99999	sp
3236.4835625	3236.5325625	99999	sp
3236.5325625	3236.8935625	257	MAY
3236.8935625	3236.9235625	211	I
3236.9235625	3237.3135625	304	ORDER
3237.3135625	3237.3425625	1	A
3237.3425625	3237.8635624999997	319	PARFAIT
3237.8635624999997	3238.1835625	10	AFTER
3238.1835625	3238.3635624999997	211	I
3238.3635624999997	3238.4935625	134	EAT
3238.4935625	3238.7935625	124	DINNER
3238.7935625	3246.413	99999	sp
3246.413	3246.542	224	IS
3246.542	3246.723	375	SHE
3246.723	3247.042	187	GOING
3247.042	3247.242	487	WITH
3247.242	3247.503	495	YOU
3247.503	3256.1200625	99999	sp
3256.1200625	3256.2290625	99999	sp
3256.2290625	3256.5200624999998	76	CAN
3256.5200624999998	3256.6100625	434	THE
3256.6100625	3257.2890625	11	AGENCY
3257.2890625	3257.9400625	315	OVERTHROW
3257.9400625	3258.4790625	13	ALIEN
3258.4790625	3259.1690625	162	FORCES
3259.1690625	3268.2319375	99999	sp
3268.2319375	3268.3119375	1	A
3268.3119375	3268.9609375	371	SCREWDRIVER
3268.9609375	3269.3309375	224	IS
3269.3309375	3269.6619375	252	MADE
3269.6619375	3269.8819375	166	FROM
3269.8819375	3270.2419375	469	VODKA
3270.2419375	3270.5909375	20	AND
3270.5909375	3270.9419375	303	ORANGE
3270.9419375	3271.5119375	230	JUICE
3271.5119375	3279.192375	99999	sp
3279.192375	3279.322375	99999	sp
3279.322375	3279.552375	210	HOW
3279.552375	3279.781375	269	MUCH
3279.781375	3280.372375	16	ALLOWANCE
3280.372375	3280.4923750000003	128	DO
3280.4923750000003	3280.7023750000003	495	YOU
3280.7023750000003	3281.0413750000002	177	GET
3281.0413750000002	3289.328	99999	sp
3289.328	3289.919	115	CYCLICAL
3289.919	3290.58	346	PROGRAMS
3290.58	3290.719	485	WILL
3290.719	3291.0299999999997	281	NEVER
3291.0299999999997	3291.698	100	COMPILE
3291.698	3300.7026875000006	99999	sp
3300.7026875000006	3300.8126875000003	99999	sp
3300.8126875000003	3300.9326875000006	434	THE
3300.9326875000006	3301.4716875000004	61	BOSTON
3301.4716875000004	3301.9926875000006	45	BALLET
3301.9926875000006	3302.7026875000006	312	OVERCAME
3302.7026875000006	3302.8516875000005	435	THEIR
3302.8516875000005	3303.2626875000005	170	FUNDING
3303.2626875000005	3303.9926875000006	380	SHORTAGE
3303.9926875000006	3312.2103125	99999	sp
3312.2103125	3312.3203125	99999	{NS}
3312.3203125	3312.7003125	145	EVERY
3312.7003125	3313.1103125	74	CAB
3313.1103125	3313.4003125	280	NEEDS
3313.4003125	3314.0393125	364	REPAINTING
3314.0393125	3314.5893125	88888	OFFEN
3314.5893125	3322.78675	99999	sp
3322.78675	3323.10775	203	HELP
3323.10775	3323.49775	196	GREG
3323.49775	3323.50775	99999	sp
3323.50775	3323.67775	446	TO
3323.67775	3323.96675	325	PICK
3323.96675	3324.08675	1	A
3324.08675	3324.36775	321	PECK
3324.36775	3324.46675	294	OF
3324.46675	3325.22775	338	POTATOES
3325.22775	3333.399	99999	sp
3333.399	3333.5989999999997	476	WE
3333.5989999999997	3333.9089999999997	241	LIKE
3333.9089999999997	3334.1189999999997	55	BLUE
3334.1189999999997	3334.6879999999996	88	CHEESE
3334.6879999999996	3334.919	70	BUT
3334.919	3335.2479999999996	466	VICTOR
3335.2479999999996	3335.669	242	LIKES
3335.669	3336.0989999999997	64	BRIE
3336.0989999999997	3345.184703360051	99999	sp
3345.184703360051	3345.5634999999997	108	COUNT
3345.5634999999997	3345.6755	434	THE
3345.6755	3346.1025	289	NUMBER
3346.1025	3346.1835	294	OF
3346.1835	3346.8424999999997	429	TEASPOONS
3346.8424999999997	3346.9235	294	OF
3346.9235	3347.5555	395	SOYSAUCE
3347.5555	3347.6755	433	THAT
3347.6755	3347.8655	495	YOU
3347.8655	3348.2735	7	ADD
3348.2735	3357.5972500000003	99999	sp
3357.5972500000003	3358.23625	44	BAGPIPES
3358.23625	3358.48625	20	AND
3358.48625	3359.11625	59	BONGOS
3359.11625	3359.23625	30	ARE
3359.23625	3359.8272500000003	273	MUSICAL
3359.8272500000003	3360.74625	220	INSTRUMENTS
3360.74625	3368.601	99999	sp
3368.601	3368.911	210	HOW
3368.911	3369.242	189	GOOD
3369.242	3369.462	224	IS
3369.462	3369.632	496	YOUR
3369.632	3370.422	138	ENDURANCE
3370.422	3386.2081875	99999	sp
3386.2081875	3386.4991874999996	76	CAN
3386.4991874999996	3386.5891874999998	434	THE
3386.5891874999998	3387.2681875	11	AGENCY
3387.2681875	3387.9191874999997	315	OVERTHROW
3387.9191874999997	3388.4581875	13	ALIEN
3388.4581875	3389.1481875	162	FORCES
3389.1481875	3398.08	99999	sp
3398.08	3398.2799999999997	476	WE
3398.2799999999997	3398.46	30	ARE
3398.46	3398.8399999999997	301	OPEN
3398.8399999999997	3399.2999999999997	145	EVERY
3399.2999999999997	3399.66	265	MONDAY
3399.66	3400.35	143	EVENING
3400.35	3409.054	99999	sp
3409.054	3409.364	210	HOW
3409.364	3409.695	189	GOOD
3409.695	3409.915	224	IS
3409.915	3410.085	496	YOUR
3410.085	3410.875	138	ENDURANCE
3410.875	3419.553691068312	99999	sp
3419.553691068312	3419.8721875	203	HELP
3419.8721875	3420.2621875	196	GREG
3420.2621875	3420.2721875	99999	sp
3420.2721875	3420.4421875	446	TO
3420.4421875	3420.7311875	325	PICK
3420.7311875	3420.8511875	1	A
3420.8511875	3421.1321875	321	PECK
3421.1321875	3421.2311875	294	OF
3421.2311875	3421.9921875	338	POTATOES
3421.9921875	3429.8428125	99999	sp
3429.8428125	3430.1238125	142	EVEN
3430.1238125	3430.4028125	211	I
3430.4028125	3431.2128125	293	OCCASIONALLY
3431.2128125	3431.4438125	177	GET
3431.4438125	3431.5328125	434	THE
3431.5328125	3431.9338125	265	MONDAY
3431.9338125	3432.4838125	56	BLUES
3432.4838125	3441.437	99999	sp
3441.437	3441.5769999999998	99999	{NS}
3441.5769999999998	3441.607	1	A
3441.607	3442.0969999999998	271	MUSCULAR
3442.0969999999998	3442.757	2	ABDOMEN
3442.757	3443.017	224	IS
3443.017	3443.277	189	GOOD
3443.277	3443.497	161	FOR
3443.497	3443.667	496	YOUR
3443.667	3444.007	43	BACK
3444.007	3452.612085001135	99999	sp
3452.612085001135	3452.9816250000003	142	EVEN
3452.9816250000003	3453.0916250000005	1	A
3453.0916250000005	3453.5816250000003	383	SIMPLE
3453.5816250000003	3454.4416250000004	468	VOCABULARY
3454.4416250000004	3454.9716250000006	104	CONTAINS
3454.9716250000006	3455.6496250000005	422	SYMBOLS
3455.6496250000005	3464.973125	99999	sp
3464.973125	3465.003125	99999	sp
3465.003125	3465.473125	46	BARB'S
3465.473125	3465.854125	188	GOLD
3465.854125	3466.524125	63	BRACELET
3466.524125	3466.673125	472	WAS
3466.673125	3466.735125	1	A
3466.735125	3467.473125	193	GRADUATION
3467.473125	3467.914125	339	PRESENT
3467.914125	3477.278875	99999	sp
3477.278875	3477.8088749999997	229	JOHN'S
3477.8088749999997	3478.2488749999998	66	BROTHER
3478.2488749999998	3478.878875	363	REPAINTED
3478.878875	3478.9778749999996	434	THE
3478.9778749999996	3479.5188749999998	173	GARAGE
3479.5188749999998	3479.9488749999996	129	DOOR
3479.9488749999996	3489.3134375	99999	sp
3489.3134375	3489.3934375	1	A
3489.3934375	3490.0424375	371	SCREWDRIVER
3490.0424375	3490.4124374999997	224	IS
3490.4124374999997	3490.7434375	252	MADE
3490.7434375	3490.9634374999996	166	FROM
3490.9634374999996	3491.3234374999997	469	VODKA
3491.3234374999997	3491.6724375	20	AND
3491.6724375	3492.0234375	303	ORANGE
3492.0234375	3492.5934374999997	230	JUICE
3492.5934374999997	3501.8925625	99999	sp
3501.8925625	3501.9925625	99999	sp
3501.9925625	3502.5125625	84	CHALLENGE
3502.5125625	3502.8925625	132	EACH
3502.8925625	3503.4525625	175	GENERAL'S
3503.4525625	3504.4725625	221	INTELLIGENCE
3504.4725625	3514.0480625	99999	sp
3514.0480625	3514.2490625	210	HOW
3514.2490625	3514.4990625	128	DO
3514.4990625	3515.0190625	318	OYSTERS
3515.0190625	3515.2490625	253	MAKE
3515.2490625	3515.2590625	99999	sp
3515.2590625	3515.9180625	320	PEARLS
3515.9180625	3523.8165625	99999	sp
3523.8165625	3523.9665625000002	99999	{NS}
3523.9665625000002	3524.1265625	434	THE
3524.1265625	3524.4265625	475	WATER
3524.4265625	3525.1655625	103	CONTAINED
3525.1655625	3525.4765625	448	TOO
3525.4765625	3525.7065625	269	MUCH
3525.7065625	3526.3265625	90	CHLORINE
3526.3265625	3526.5065625	20	AND
3526.5065625	3526.8665625	409	STUNG
3526.8665625	3527.1265625	208	HIS
3527.1265625	3527.6865625	149	EYES
3527.6865625	3537.97175	99999	sp
3537.97175	3538.20175	204	HER
3538.20175	3538.80175	470	WARDROBE
3538.80175	3539.47175	102	CONSISTS
3539.47175	3539.68175	294	OF
3539.68175	3540.05175	298	ONLY
3540.05175	3540.62075	385	SKIRTS
3540.62075	3540.85175	20	AND
3540.85175	3541.55175	54	BLOUSES
3541.55175	3550.4245014317335	99999	sp
3550.4245014317335	3550.457256744046	99999	{NS}
3550.457256744046	3550.766501431733	130	DRAW
3550.766501431733	3551.1565014317334	145	EVERY
3551.1565014317334	3551.4865014317334	308	OUTER
3551.4865014317334	3551.864501431733	244	LINE
3551.864501431733	3552.525501431733	156	FIRST
3552.525501431733	3552.6745014317335	99999	sp
3552.6745014317335	3553.1565014317334	436	THEN
3553.1565014317334	3553.4755014317334	154	FILL
3553.4755014317334	3553.7365014317334	217	IN
3553.7365014317334	3553.826501431733	434	THE
3553.826501431733	3554.5645014317333	222	INTERIOR
3554.5645014317333	3562.844665102829	99999	sp
3562.844665102829	3562.984665102829	434	THE
3562.984665102829	3563.583665102829	111	CRANBERRY
3563.583665102829	3564.0046651028288	57	BOG
3564.0046651028288	3564.083665102829	99999	sp
3564.083665102829	3564.3746651028287	178	GETS
3564.3746651028287	3564.6936651028286	465	VERY
3564.6936651028286	3564.953665102829	340	PRETTY
3564.953665102829	3565.304665102829	217	IN
3565.304665102829	3565.804665102829	40	AUTUMN
3565.804665102829	3573.9798717458402	99999	sp
3573.9798717458402	3574.1142112855537	99999	{NS}
3574.1142112855537	3574.2488717458405	30	ARE
3574.2488717458405	3574.4088717458403	495	YOU
3574.4088717458403	3574.7488717458405	250	LOOKING
3574.7488717458405	3574.9798717458402	161	FOR
3574.9798717458402	3575.63987174584	88888	EMPLOYMEN
3575.63987174584	3584.805875	99999	sp
3584.805875	3585.095875	375	SHE
3585.095875	3585.355875	490	WORE
3585.355875	3585.814875	471	WARM
3585.814875	3586.395875	158	FLEECY
3586.395875	3586.845875	489	WOOLEN
3586.845875	3587.694875	311	OVERALLS
3587.694875	3596.6861875	99999	sp
3596.6861875	3597.4261875	71	BUTTERSCOTCH
3597.4261875	3597.8561875	169	FUDGE
3597.8561875	3598.1161875000003	186	GOES
3598.1161875000003	3598.4361875	481	WELL
3598.4361875	3598.5861875	487	WITH
3598.5861875	3598.8761875	463	VANILLA
3598.8761875	3599.2861875	212	ICE
3599.2861875	3599.6761875	112	CREAM
3599.6761875	3608.73575	99999	sp
3608.73575	3609.3447499999997	115	CYCLICAL
3609.3447499999997	3610.00575	346	PROGRAMS
3610.00575	3610.14475	485	WILL
3610.14475	3610.4557499999996	281	NEVER
3610.4557499999996	3611.1237499999997	100	COMPILE
3611.1237499999997	3620.6385	99999	sp
3620.6385	3620.7785	434	THE
3620.7785	3621.2084999999997	369	ROSE
3621.2084999999997	3621.8985	106	CORSAGE
3621.8985	3622.3585	393	SMELLED
3622.3585	3622.8285	421	SWEET
3622.8285	3632.9191172481296	99999	sp
3632.9191172481296	3633.48711724813	183	GLUCOSE
3633.48711724813	3633.73711724813	20	AND
3633.73711724813	3634.3901172481296	167	FRUCTOSE
3634.3901172481296	3634.54711724813	30	ARE
3634.54711724813	3635.04711724813	276	NATURAL
3635.04711724813	3635.60811724813	414	SUGARS
3635.60811724813	3635.6401172481296	99999	sp
3635.6401172481296	3636.03711724813	163	FOUND
3636.03711724813	3636.23711724813	217	IN
3636.23711724813	3636.74911724813	168	FRUIT
3636.74911724813	3645.1901025531088	99999	sp
3645.1901025531088	3645.340102553109	1	A
3645.340102553109	3645.768102553109	110	CRAB
3645.768102553109	3646.410102553109	85	CHALLENGED
3646.410102553109	3646.700102553109	258	ME
3646.700102553109	3646.960102553109	99999	sp
3646.960102553109	3647.138102553109	70	BUT
3647.138102553109	3647.180102553109	1	A
3647.180102553109	3647.470102553109	350	QUICK
3647.470102553109	3647.9397003459717	402	STAB
3647.9397003459717	3648.534138570757	464	VANQUISHED
3648.534138570757	3648.890102553109	207	HIM
3648.890102553109	3657.89225	99999	sp
3657.89225	3658.16125	226	IT'S
3658.16125	3658.43025	285	NOT
3658.43025	3658.82025	133	EASY
3658.82025	3658.95225	446	TO
3658.95225	3659.43025	113	CREATE
3659.43025	3660.23225	215	ILLUMINATING
3660.23225	3661.13225	146	EXAMPLES
3661.13225	3670.5587499999997	99999	sp
3670.5587499999997	3670.62675	99999	sp
3670.62675	3671.04875	270	MUM
3671.04875	3671.66875	407	STRONGLY
3671.66875	3672.3287499999997	126	DISLIKES
3672.3287499999997	3673.37675	27	APPETIZERS
3673.37675	3682.093	99999	sp
3682.093	3682.554	443	THOSE
3682.554	3682.593	99999	sp
3682.593	3682.723	484	WHO
3682.723	3683.093	427	TEACH
3683.093	3683.814	462	VALUES
3683.814	3683.853	99999	sp
3683.853	3684.363	156	FIRST
3684.363	3684.964	4	ABOLISH
3684.964	3685.554	87	CHEATING
3685.554	3694.8379375	99999	sp
3694.8379375	3694.9579375000003	434	THE
3694.9579375000003	3695.4969375	61	BOSTON
3695.4969375	3696.0179375000002	45	BALLET
3696.0179375000002	3696.7279375000003	312	OVERCAME
3696.7279375000003	3696.8769375	435	THEIR
3696.8769375	3697.2879375	170	FUNDING
3697.2879375	3698.0179375000002	380	SHORTAGE
3698.0179375000002	3706.3268125	99999	sp
3706.3268125	3706.6758124999997	108	COUNT
3706.6758124999997	3706.7878124999997	434	THE
3706.7878124999997	3707.2148125	289	NUMBER
3707.2148125	3707.2958125	294	OF
3707.2958125	3707.9548124999997	429	TEASPOONS
3707.9548124999997	3708.0358125	294	OF
3708.0358125	3708.6678125	395	SOYSAUCE
3708.6678125	3708.7878124999997	433	THAT
3708.7878124999997	3708.9778125	495	YOU
3708.9778125	3709.3858124999997	7	ADD
3709.3858124999997	3718.14275	99999	sp
3718.14275	3718.25275	99999	{NS}
3718.25275	3718.63275	145	EVERY
3718.63275	3719.04275	74	CAB
3719.04275	3719.33275	280	NEEDS
3719.33275	3719.97175	364	REPAINTING
3719.97175	3720.52175	88888	OFFEN
3720.52175	3730.8511777117874	99999	sp
3730.8511777117874	3731.0511777117877	476	WE
3731.0511777117877	3731.4521777117875	480	WELCOME
3731.4521777117875	3731.7311777117875	256	MANY
3731.7311777117875	3732.0311777117877	282	NEW
3732.0311777117877	3732.6011777117874	408	STUDENTS
3732.6011777117874	3732.9711777117877	132	EACH
3732.9711777117877	3733.3821777117873	491	YEAR
3733.3821777117873	3743.09975	99999	sp
3743.09975	3743.20975	434	THE
3743.20975	3743.51975	453	TWO
3743.51975	3744.07975	33	ARTISTS
3744.07975	3744.89975	147	EXCHANGED
3744.89975	3745.43975	88888	PHOTO
3745.43975	3745.78975	99999	sp
3745.78975	3746.31975	88888	GRAPHS
3746.31975	3756.292973187539	99999	sp
3756.292973187539	3756.444973187539	434	THE
3756.444973187539	3756.994973187539	165	FRIGHTENED
3756.994973187539	3757.494973187539	89	CHILD
3757.494973187539	3757.884973187539	472	WAS
3757.884973187539	3758.2549731875392	176	GENTLY
3758.2549731875392	3758.893973187539	410	SUBDUED
3758.893973187539	3759.124973187539	73	BY
3759.124973187539	3759.344973187539	208	HIS
3759.344973187539	3759.552973187539	52	BIG
3759.552973187539	3760.033973187539	66	BROTHER
3760.033973187539	3769.6083125000005	99999	sp
3769.6083125000005	3769.6683125000004	99999	sp
3769.6683125000004	3769.9983125000003	98	COFFEE
3769.9983125000003	3770.4103125	224	IS
3770.4103125	3770.8313125000004	198	GROWN
3770.8313125000004	3771.0683125000005	297	ON
3771.0683125000005	3771.5483125000005	404	STEEP
3771.5483125000005	3771.9983125000003	231	JUNGLE
3771.9983125000003	3772.2703125000003	241	LIKE
3772.2703125000003	3772.7793125000003	390	SLOPES
3772.7793125000003	3772.9983125000003	217	IN
3772.9983125000003	3773.4593125	431	TEMPERATE
3773.4593125	3773.9713125000003	497	ZONES
3773.9713125000003	3783.4902500000003	99999	sp
3783.4902500000003	3783.50925	99999	sp
3783.50925	3783.65025	30	ARE
3783.65025	3783.84025	496	YOUR
3783.84025	3784.22025	192	GRADES
3784.22025	3784.25925	99999	sp
3784.25925	3784.71025	206	HIGHER
3784.71025	3784.91025	302	OR
3784.91025	3785.36025	251	LOWER
3785.36025	3785.5502500000002	432	THAN
3785.5502500000002	3786.35025	275	NANCY'S
3786.35025	3795.5841250000003	99999	sp
3795.5841250000003	3795.6331250000003	99999	sp
3795.6331250000003	3795.994125	257	MAY
3795.994125	3796.0241250000004	211	I
3796.0241250000004	3796.4141250000002	304	ORDER
3796.4141250000002	3796.4431250000002	1	A
3796.4431250000002	3796.964125	319	PARFAIT
3796.964125	3797.284125	10	AFTER
3797.284125	3797.464125	211	I
3797.464125	3797.594125	134	EAT
3797.594125	3797.8941250000003	124	DINNER
3797.8941250000003	3807.415625	99999	sp
3807.415625	3807.615625	476	WE
3807.615625	3807.925625	241	LIKE
3807.925625	3808.135625	55	BLUE
3808.135625	3808.704625	88	CHEESE
3808.704625	3808.935625	70	BUT
3808.935625	3809.264625	466	VICTOR
3809.264625	3809.685625	242	LIKES
3809.685625	3810.115625	64	BRIE
3810.115625	3819.509	99999	sp
3819.509	3819.899	298	ONLY
3819.899	3820.019	434	THE
3820.019	3820.399	51	BEST
3820.399	3820.932	330	PLAYERS
3820.932	3821.4199999999996	139	ENJOY
3821.4199999999996	3822.3619999999996	336	POPULARITY
3822.3619999999996	3830.2434970374775	99999	sp
3830.2434970374775	3830.5470323563386	24	ANY
3830.5470323563386	3831.4180323563387	105	CONTRIBUTIONS
3831.4180323563387	3831.568032356339	485	WILL
3831.568032356339	3831.7280323563386	47	BE
3831.7280323563386	3832.247032356339	195	GREATLY
3832.247032356339	3833.218032356339	28	APPRECIATED
3833.218032356339	3840.5480625	99999	sp
3840.5480625	3841.1200625	405	STEVE
3841.1200625	3841.1400625	99999	sp
3841.1400625	3841.5300625	490	WORE
3841.5300625	3841.5600624999997	1	A
3841.5600624999997	3842.0090625000003	65	BRIGHT
3842.0090625000003	3842.4200625	356	RED
3842.4200625	3843.0480625	78	CASHMERE
3843.0480625	3843.6200625	420	SWEATER
3843.6200625	3852.0685	99999	sp
3852.0685	3852.1785	99999	sp
3852.1785	3852.7585	286	NOTHING
3852.7585	3852.9874999999997	224	IS
3852.9874999999997	3853.2585	34	AS
3853.2585	3853.9995	295	OFFENSIVE
3853.9995	3854.3395	34	AS
3854.3395	3855.1695	219	INNOCENCE
3855.1695	3864.902875	99999	sp
3864.902875	3865.302875	366	RICH
3865.302875	3865.792875	349	PURCHASED
3865.792875	3866.292875	374	SEVERAL
3866.292875	3866.742875	382	SIGNED
3866.742875	3867.652875	245	LITHOGRAPHS
3867.652875	3875.614625	99999	sp
3875.614625	3876.253625	44	BAGPIPES
3876.253625	3876.503625	20	AND
3876.503625	3877.133625	59	BONGOS
3877.133625	3877.253625	30	ARE
3877.253625	3877.844625	273	MUSICAL
3877.844625	3878.763625	220	INSTRUMENTS
3878.763625	3887.474242816479	99999	sp
3887.474242816479	3887.954242816479	433	THAT
3887.954242816479	3888.634242816479	326	PICKPOCKET
3888.634242816479	3888.804242816479	472	WAS
3888.804242816479	3889.143242816479	80	CAUGHT
3889.143242816479	3889.414242816479	356	RED
3889.414242816479	3889.904242816479	199	HANDED
3889.904242816479	3899.8136875	99999	sp
3899.8136875	3899.9656875	99999	{NS}
3899.9656875	3900.4956875000003	75	CALCIUM
3900.4956875000003	3900.8046875	254	MAKES
3900.8046875	3901.2836875000003	58	BONES
3901.2836875000003	3901.5156875000002	20	AND
3901.5156875000002	3901.8936875	430	TEETH
3901.8936875	3901.9446875000003	99999	sp
3901.9446875000003	3902.5046875000003	406	STRONG
3902.5046875000003	3911.0539375	99999	sp
3911.0539375	3911.9939375	17	AMBIDEXTROUS
3911.9939375	3912.7639375	327	PICKPOCKETS
3912.7639375	3913.4539375	6	ACCOMPLISH
3913.4539375	3913.8339374999996	267	MORE
3913.8339374999996	3922.612	99999	sp
3922.612	3922.852	438	THEY
3922.852	3923.152	317	OWN
3923.152	3923.2819999999997	1	A
3923.2819999999997	3923.5319999999997	52	BIG
3923.5319999999997	3923.542	99999	sp
3923.542	3924.0209999999997	209	HOUSE
3924.0209999999997	3924.212	217	IN
3924.212	3924.2819999999997	434	THE
3924.2819999999997	3924.692	361	REMOTE
3924.692	3925.442	109	COUNTRYSIDE
3925.442	3934.744	99999	sp
3934.744	3935.215	354	READING
3935.215	3935.515	217	IN
3935.515	3935.544	99999	sp
3935.544	3935.755	335	POOR
3935.755	3936.065	240	LIGHT
3936.065	3936.445	181	GIVES
3936.445	3936.655	495	YOU
3936.655	3937.475	150	EYESTRAIN
3937.475	3946.756056152005	99999	sp
3946.756056152005	3946.886125	19	AN
3946.886125	3947.376125	9	ADULT
3947.376125	3947.6461249999998	255	MALE
3947.6461249999998	3948.176125	42	BABOON'S
3948.176125	3948.2261249999997	99999	sp
3948.2261249999997	3948.716125	430	TEETH
3948.716125	3948.876125	30	ARE
3948.876125	3949.196125	285	NOT
3949.196125	3949.765125	415	SUITABLE
3949.765125	3949.9361249999997	161	FOR
3949.9361249999997	3950.406125	135	EATING
3950.406125	3951.196125	376	SHELLFISH
3951.196125	3961.0026875	99999	sp
3961.0026875	3961.1316874999998	224	IS
3961.1316874999998	3961.3126875	375	SHE
3961.3126875	3961.6316874999998	187	GOING
3961.6316874999998	3961.8316875	487	WITH
3961.8316875	3962.0926875	495	YOU
3962.0926875	3969.782125	99999	sp
3969.782125	3969.9121250000003	99999	sp
3969.9121250000003	3970.1421250000003	210	HOW
3970.1421250000003	3970.371125	269	MUCH
3970.371125	3970.962125	16	ALLOWANCE
3970.962125	3971.0821250000004	128	DO
3971.0821250000004	3971.2921250000004	495	YOU
3971.2921250000004	3971.6311250000003	177	GET
3971.6311250000003	3996.7993125000003	99999	sp
3996.7993125000003	3996.9393125	99999	{NS}
3996.9393125	3996.9683125	30	ARE
3996.9683125	3997.1483125	496	YOUR
3997.1483125	3997.6093125	192	GRADES
3997.6093125	3998.0983125000002	206	HIGHER
3998.0983125000002	3998.2993125000003	302	OR
3998.2993125000003	3998.7493125	251	LOWER
3998.7493125	3998.8983125	432	THAN
3998.8983125	3999.7783125	275	NANCY'S
3999.7783125	4008.580080251978	99999	sp
4008.580080251978	4008.8830626838653	375	SHE
4008.8830626838653	4009.178999012686	490	WORE
4009.178999012686	4009.6211419801493	471	WARM
4009.6211419801493	4010.2588143077264	158	FLEECY
4010.2588143077264	4010.7344262647593	489	WOOLEN
4010.7344262647593	4011.5693894782166	311	OVERALLS
4011.5693894782166	4033.65	99999	sp
