5.142	5.282	30	ARE
5.282	5.442	496	YOUR
5.442	5.801	192	GRADES
5.801	6.112	206	HIGHER
6.112	6.412	302	OR
6.412	6.862	251	LOWER
6.862	6.982	432	THAN
6.982	7.801	275	NANCY'S
7.801	13.619	99999	sp
13.619	13.889	375	SHE
13.889	14.179	490	WORE
14.179	14.649	471	WARM
14.649	15.252	158	FLEECY
15.252	15.752	489	WOOLEN
15.752	16.662	311	OVERALLS
16.662	22.212	99999	sp
22.212	22.702	354	READING
22.702	22.962	217	IN
22.962	22.992	99999	sp
22.992	23.252	335	POOR
23.252	23.652	240	LIGHT
23.652	23.732	99999	sp
23.732	24.032	181	GIVES
24.032	24.212	495	YOU
24.212	24.962	150	EYESTRAIN
24.962	32.229	99999	sp
32.229	32.581	142	EVEN
32.581	32.892	211	I
32.892	33.441	293	OCCASIONALLY
33.441	33.659	177	GET
33.659	33.761	434	THE
33.761	34.09	265	MONDAY
34.09	34.659	56	BLUES
34.659	43.289	99999	sp
43.289	43.502	476	WE
43.502	43.669	30	ARE
43.669	44.119	301	OPEN
44.119	44.52	145	EVERY
44.52	44.909	265	MONDAY
44.909	45.511	143	EVENING
45.511	55.739	99999	sp
55.739	55.892	30	ARE
55.892	56.049	496	YOUR
56.049	56.441	192	GRADES
56.441	56.462	99999	sp
56.462	56.909	206	HIGHER
56.909	56.979	302	OR
56.979	57.409	251	LOWER
57.409	57.549	432	THAN
57.549	58.261	275	NANCY'S
58.261	68.76	99999	sp
68.76	68.962	375	SHE
68.962	69.191	490	WORE
69.191	69.632	471	WARM
69.632	70.2	158	FLEECY
70.2	70.662	489	WOOLEN
70.662	71.48	311	OVERALLS
71.48	82.072	99999	sp
82.072	82.522	354	READING
82.522	82.76	217	IN
82.76	82.772	99999	sp
82.772	83.01	335	POOR
83.01	83.272	240	LIGHT
83.272	83.632	181	GIVES
83.632	83.76	495	YOU
83.76	84.522	150	EYESTRAIN
84.522	93.671	99999	sp
93.671	94.001	142	EVEN
94.001	94.311	211	I
94.311	94.861	293	OCCASIONALLY
94.861	95.102	177	GET
95.102	95.2	434	THE
95.2	95.561	265	MONDAY
95.561	96.162	56	BLUES
96.162	105.811	99999	sp
105.811	106.001	476	WE
106.001	106.191	30	ARE
106.191	106.581	301	OPEN
106.581	107.052	145	EVERY
107.052	107.412	265	MONDAY
107.412	108.081	143	EVENING
263.812	264.022	99999	sp
264.022	264.132	30	ARE
264.132	264.302	496	YOUR
264.302	264.721	192	GRADES
264.721	265.232	206	HIGHER
265.232	265.362	302	OR
265.362	265.851	251	LOWER
265.851	266.012	432	THAN
266.012	266.752	275	NANCY'S
266.752	270.661	99999	{NS}
270.661	272.622	99999	{NS}
272.622	272.851	375	SHE
272.851	273.132	490	WORE
273.132	273.572	471	WARM
273.572	274.202	158	FLEECY
274.202	274.651	489	WOOLEN
274.651	275.612	311	OVERALLS
275.612	283.772	99999	{NS}
283.772	284.172	354	READING
284.172	284.192	99999	sp
284.192	284.462	217	IN
284.462	284.471	99999	sp
284.471	284.692	335	POOR
284.692	285.072	240	LIGHT
285.072	285.091	99999	sp
285.091	285.392	181	GIVES
285.392	285.552	495	YOU
285.552	286.291	150	EYESTRAIN
286.291	291.952	99999	{NS}
291.952	292.022	99999	sp
292.022	292.432	142	EVEN
292.432	292.742	211	I
292.742	293.442	293	OCCASIONALLY
293.442	293.702	177	GET
293.702	293.812	434	THE
293.812	294.182	265	MONDAY
294.182	294.781	56	BLUES
294.781	300.702	99999	{NS}
300.702	300.872	476	WE
300.872	301.072	30	ARE
301.072	301.492	301	OPEN
301.492	301.962	145	EVERY
301.962	302.302	265	MONDAY
302.302	302.942	143	EVENING
302.942	314.232	99999	{NS}
314.232	314.762	99999	sp
314.762	316.672	99999	{NS}
316.672	316.752	30	ARE
316.752	316.901	496	YOUR
316.901	317.362	192	GRADES
317.362	317.392	99999	sp
317.392	317.901	206	HIGHER
317.901	318.091	302	OR
318.091	318.512	251	LOWER
318.512	318.682	432	THAN
318.682	319.401	275	NANCY'S
319.401	328.721	99999	{NS}
328.721	328.851	99999	{NS}
328.851	329.062	375	SHE
329.062	329.312	490	WORE
329.312	329.752	471	WARM
329.752	330.302	158	FLEECY
330.302	330.702	489	WOOLEN
330.702	331.541	311	OVERALLS
331.541	335.411	99999	{NS}
335.411	335.462	99999	sp
335.462	337.082	99999	{NS}
337.082	337.322	99999	sp
337.322	337.791	354	READING
337.791	337.812	99999	sp
337.812	338.052	217	IN
338.052	338.082	99999	sp
338.082	338.291	335	POOR
338.291	338.582	240	LIGHT
338.582	338.901	181	GIVES
338.901	339.012	495	YOU
339.012	339.762	150	EYESTRAIN
339.762	340.622	99999	{NS}
340.622	348.812	99999	{NS}
348.812	349.012	99999	sp
349.012	349.392	142	EVEN
349.392	349.721	211	I
349.721	350.341	293	OCCASIONALLY
350.341	350.591	177	GET
350.591	350.682	434	THE
350.682	351.022	265	MONDAY
351.022	351.582	56	BLUES
351.582	359.022	99999	{NS}
359.022	360.942	99999	{NS}
360.942	361.101	476	WE
361.101	361.302	30	ARE
361.302	361.692	301	OPEN
361.692	362.142	145	EVERY
362.142	362.502	265	MONDAY
362.502	363.232	143	EVENING
462.452	462.531	30	ARE
462.531	462.721	496	YOUR
462.721	463.192	192	GRADES
463.192	463.651	206	HIGHER
463.651	463.862	302	OR
463.862	464.312	251	LOWER
464.312	464.452	432	THAN
464.452	465.262	275	NANCY'S
465.262	470.052	99999	{NS}
470.052	470.202	99999	sp
470.202	470.312	99999	{NS}
470.312	470.572	375	SHE
470.572	470.851	490	WORE
470.851	471.302	471	WARM
471.302	471.382	99999	sp
471.382	471.962	158	FLEECY
471.962	472.401	489	WOOLEN
472.401	473.272	311	OVERALLS
473.272	473.982	99999	{NS}
473.982	481.882	99999	{NS}
481.882	482.302	354	READING
482.302	482.562	217	IN
482.562	482.582	99999	sp
482.582	482.812	335	POOR
482.812	483.182	240	LIGHT
483.182	483.442	181	GIVES
483.442	483.582	495	YOU
483.582	484.341	150	EYESTRAIN
484.341	485.372	99999	{NS}
485.372	485.401	99999	sp
485.401	492.612	99999	{NS}
492.612	492.962	142	EVEN
492.962	493.242	211	I
493.242	493.841	293	OCCASIONALLY
493.841	494.082	177	GET
494.082	494.161	99999	sp
494.161	494.291	434	THE
494.291	494.612	265	MONDAY
494.612	495.192	56	BLUES
495.192	503.562	99999	{NS}
503.562	503.732	476	WE
503.732	503.911	30	ARE
503.911	504.291	301	OPEN
504.291	504.692	145	EVERY
504.692	505.112	265	MONDAY
505.112	505.712	143	EVENING
505.712	506.841	99999	{NS}
506.841	506.932	99999	sp
506.932	514.37	99999	{NS}
514.37	514.542	99999	sp
514.542	514.87	226	IT'S
514.87	515.142	285	NOT
515.142	515.51	133	EASY
515.51	515.642	446	TO
515.642	516.142	113	CREATE
516.142	516.851	215	ILLUMINATING
516.851	517.721	146	EXAMPLES
517.721	518.572	99999	{NS}
518.572	518.601	99999	sp
518.601	527.052	99999	{NS}
527.052	527.462	270	MUM
527.462	528.091	407	STRONGLY
528.091	528.682	126	DISLIKES
528.682	529.62	27	APPETIZERS
529.62	534.38	99999	{NS}
534.38	534.721	99999	sp
534.721	538.682	99999	{NS}
538.682	539.042	443	THOSE
539.042	539.182	484	WHO
539.182	539.522	427	TEACH
539.522	540.142	462	VALUES
540.142	540.182	99999	sp
540.182	540.63	156	FIRST
540.63	541.182	4	ABOLISH
541.182	541.672	87	CHEATING
541.672	542.74	99999	{NS}
542.74	550.88	99999	{NS}
550.88	551.082	434	THE
551.082	551.75	165	FRIGHTENED
551.75	552.302	89	CHILD
552.302	552.582	472	WAS
552.582	552.932	176	GENTLY
552.932	553.591	410	SUBDUED
553.591	553.832	73	BY
553.832	554.032	208	HIS
554.032	554.272	52	BIG
554.272	554.75	66	BROTHER
554.75	555.611	99999	{NS}
555.611	555.662	99999	sp
555.662	564.522	99999	{NS}
564.522	564.922	142	EVEN
564.922	564.952	1	A
564.952	565.452	383	SIMPLE
565.452	566.272	468	VOCABULARY
566.272	566.851	104	CONTAINS
566.851	567.552	422	SYMBOLS
567.552	576.522	99999	{NS}
576.522	576.812	99999	sp
576.812	576.971	99999	{NS}
576.971	577.0	1	A
577.0	577.412	110	CRAB
577.412	578.032	85	CHALLENGED
578.032	578.332	258	ME
578.332	578.62	99999	sp
578.62	578.802	70	BUT
578.802	578.851	1	A
578.851	579.13	350	QUICK
579.13	579.572	402	STAB
579.572	580.162	464	VANQUISHED
580.162	580.422	207	HIM
580.422	583.0	99999	{NS}
583.0	583.192	99999	sp
583.192	591.229	183	GLUCOSE
591.229	591.429	20	AND
591.429	592.029	167	FRUCTOSE
592.029	592.169	30	ARE
592.169	592.679	276	NATURAL
592.679	593.191	414	SUGARS
593.191	593.229	99999	sp
593.229	593.601	163	FOUND
593.601	593.8	217	IN
593.8	594.22	168	FRUIT
594.22	594.319	99999	sp
594.319	603.692	99999	{NS}
603.692	603.841	99999	sp
603.841	604.082	99999	{NS}
604.082	604.111	30	ARE
604.111	604.242	495	YOU
604.242	604.622	250	LOOKING
604.622	604.872	161	FOR
604.872	605.542	88888	EMPLOYMEN
605.542	611.742	99999	{NS}
611.742	611.802	99999	sp
611.802	613.582	99999	{NS}
613.582	613.672	99999	sp
613.672	614.021	98	COFFEE
614.021	614.422	224	IS
614.422	614.782	198	GROWN
614.782	615.002	297	ON
615.002	615.651	404	STEEP
615.651	615.729	99999	sp
615.729	616.072	231	JUNGLE
616.072	616.369	241	LIKE
616.369	616.929	390	SLOPES
616.929	617.09	217	IN
617.09	617.669	431	TEMPERATE
617.669	618.322	497	ZONES
618.322	620.179	99999	{NS}
620.179	629.109	99999	{NS}
629.109	629.252	99999	sp
629.252	629.469	476	WE
629.469	629.901	480	WELCOME
629.901	630.191	256	MANY
630.191	630.392	282	NEW
630.392	630.962	408	STUDENTS
630.962	631.309	132	EACH
631.309	631.669	491	YEAR
631.669	632.581	99999	{NS}
632.581	640.419	99999	{NS}
640.419	640.462	99999	sp
640.462	640.849	298	ONLY
640.849	640.95	434	THE
640.95	641.322	51	BEST
641.322	641.799	330	PLAYERS
641.799	642.299	139	ENJOY
642.299	643.151	336	POPULARITY
643.151	649.941	99999	{NS}
649.941	651.87	99999	{NS}
651.87	651.9300000000001	99999	sp
651.9300000000001	652.54	75	CALCIUM
652.54	652.822	254	MAKES
652.822	653.302	58	BONES
653.302	653.561	20	AND
653.561	653.962	430	TEETH
653.962	654.001	99999	sp
654.001	654.611	406	STRONG
654.611	655.531	99999	{NS}
655.531	663.492	99999	{NS}
663.492	663.98	286	NOTHING
663.98	664.251	224	IS
664.251	664.531	34	AS
664.531	665.191	295	OFFENSIVE
665.191	665.501	34	AS
665.501	666.212	219	INNOCENCE
666.212	669.9	99999	{NS}
669.9	675.23	99999	{NS}
675.23	675.802	405	STEVE
675.802	675.822	99999	sp
675.822	676.212	490	WORE
676.212	676.242	1	A
676.242	676.691	65	BRIGHT
676.691	677.102	356	RED
677.102	677.73	78	CASHMERE
677.73	678.302	420	SWEATER
678.302	679.322	99999	{NS}
679.322	688.29	99999	{NS}
688.29	688.4	99999	sp
688.4	689.052	46	BARB'S
689.052	689.4	188	GOLD
689.4	690.022	63	BRACELET
690.022	690.191	472	WAS
690.191	690.26	1	A
690.26	691.031	193	GRADUATION
691.031	691.572	339	PRESENT
691.572	699.141	99999	{NS}
699.141	700.992	99999	{NS}
700.992	701.421	130	DRAW
701.421	701.811	145	EVERY
701.811	702.1320000000001	308	OUTER
702.1320000000001	702.492	244	LINE
702.492	703.12	156	FIRST
703.12	703.281	99999	sp
703.281	703.611	436	THEN
703.611	703.891	154	FILL
703.891	704.031	217	IN
704.031	704.15	434	THE
704.15	704.84	222	INTERIOR
704.84	710.602	99999	{NS}
710.602	710.65	99999	sp
710.65	714.5219999999999	99999	{NS}
714.5219999999999	714.681	434	THE
714.681	715.012	475	WATER
715.012	715.681	103	CONTAINED
715.681	715.742	99999	sp
715.742	716.002	448	TOO
716.002	716.242	269	MUCH
716.242	716.842	90	CHLORINE
716.842	717.042	20	AND
717.042	717.2719999999999	409	STUNG
717.2719999999999	717.5219999999999	208	HIS
717.5219999999999	718.042	149	EYES
718.042	720.092	99999	{NS}
720.092	727.1320000000001	99999	{NS}
727.1320000000001	727.422	99999	sp
727.422	727.892	229	JOHN'S
727.892	728.342	66	BROTHER
728.342	729.052	363	REPAINTED
729.052	729.162	434	THE
729.162	729.612	173	GARAGE
729.612	730.102	129	DOOR
730.102	737.452	99999	{NS}
737.452	739.112	99999	{NS}
739.112	739.431	99999	sp
739.431	739.942	84	CHALLENGE
739.942	740.3820000000001	132	EACH
740.3820000000001	740.992	175	GENERAL'S
740.992	741.922	221	INTELLIGENCE
741.922	748.982	99999	{NS}
748.982	751.142	99999	{NS}
751.142	752.032	17	AMBIDEXTROUS
752.032	752.7719999999999	327	PICKPOCKETS
752.7719999999999	753.3820000000001	6	ACCOMPLISH
753.3820000000001	753.681	267	MORE
753.681	762.892	99999	{NS}
762.892	762.992	99999	sp
762.992	763.102	99999	{NS}
763.102	763.1320000000001	1	A
763.1320000000001	763.662	271	MUSCULAR
763.662	764.312	2	ABDOMEN
764.312	764.532	224	IS
764.532	764.762	189	GOOD
764.762	764.972	161	FOR
764.972	765.142	496	YOUR
765.142	765.492	43	BACK
765.492	772.042	99999	{NS}
772.042	773.8820000000001	99999	{NS}
773.8820000000001	773.972	99999	sp
773.972	774.302	438	THEY
774.302	774.662	317	OWN
774.662	774.822	1	A
774.822	775.062	52	BIG
775.062	775.562	209	HOUSE
775.562	775.812	217	IN
775.812	775.8820000000001	434	THE
775.8820000000001	776.292	361	REMOTE
776.292	777.062	109	COUNTRYSIDE
777.062	777.832	99999	{NS}
777.832	785.8720000000001	99999	{NS}
785.8720000000001	786.042	99999	sp
786.042	786.232	434	THE
786.232	786.692	369	ROSE
786.692	787.4010000000001	106	CORSAGE
787.4010000000001	787.822	393	SMELLED
787.822	788.322	421	SWEET
788.322	788.362	99999	sp
788.362	795.172	99999	{NS}
795.172	797.942	99999	{NS}
797.942	798.002	99999	sp
798.002	798.392	433	THAT
798.392	798.412	99999	sp
798.412	799.192	326	PICKPOCKET
799.192	799.392	472	WAS
799.392	799.692	80	CAUGHT
799.692	799.952	356	RED
799.952	800.3820000000001	199	HANDED
800.3820000000001	801.412	99999	{NS}
801.412	809.2719999999999	99999	{NS}
809.2719999999999	809.431	19	AN
809.431	809.912	9	ADULT
809.912	810.262	255	MALE
810.262	810.842	42	BABOON'S
810.842	811.292	430	TEETH
811.292	811.5219999999999	30	ARE
811.5219999999999	811.822	285	NOT
811.822	812.452	415	SUITABLE
812.452	812.6320000000001	161	FOR
812.6320000000001	813.172	135	EATING
813.172	813.982	376	SHELLFISH
813.982	817.912	99999	{NS}
817.912	824.992	99999	{NS}
824.992	825.232	204	HER
825.232	825.842	470	WARDROBE
825.842	826.582	102	CONSISTS
826.582	826.862	294	OF
826.862	827.192	298	ONLY
827.192	827.812	385	SKIRTS
827.812	828.062	20	AND
828.062	828.802	54	BLOUSES
828.802	829.842	99999	{NS}
829.842	838.9010000000001	99999	{NS}
838.9010000000001	839.012	434	THE
839.012	839.2909999999999	453	TWO
839.2909999999999	839.932	33	ARTISTS
839.932	840.812	147	EXCHANGED
840.812	841.6610000000001	39	AUTOGRAPHS
841.6610000000001	849.182	99999	{NS}
849.182	849.392	99999	sp
849.392	851.502	99999	{NS}
851.502	852.242	71	BUTTERSCOTCH
852.242	852.802	169	FUDGE
852.802	852.851	99999	sp
852.851	853.1510000000001	186	GOES
853.1510000000001	853.452	481	WELL
853.452	853.6220000000001	487	WITH
853.6220000000001	853.932	463	VANILLA
853.932	854.3620000000001	212	ICE
854.3620000000001	854.812	112	CREAM
854.812	855.572	99999	{NS}
855.572	855.6220000000001	99999	sp
855.6220000000001	864.332	99999	{NS}
864.332	864.552	99999	sp
864.552	865.052	366	RICH
865.052	865.721	349	PURCHASED
865.721	866.3820000000001	374	SEVERAL
866.3820000000001	866.832	382	SIGNED
866.832	867.742	245	LITHOGRAPHS
867.742	874.7719999999999	99999	{NS}
874.7719999999999	874.9010000000001	99999	sp
874.9010000000001	876.312	99999	{NS}
876.312	876.471	434	THE
876.471	877.101	111	CRANBERRY
877.101	877.582	57	BOG
877.582	877.9110000000001	178	GETS
877.9110000000001	878.2909999999999	465	VERY
878.2909999999999	878.6120000000001	340	PRETTY
878.6120000000001	878.892	217	IN
878.892	879.3820000000001	40	AUTUMN
879.3820000000001	880.422	99999	{NS}
880.422	888.6220000000001	99999	{NS}
888.6220000000001	888.892	210	HOW
888.892	889.1610000000001	128	DO
889.1610000000001	889.721	318	OYSTERS
889.721	889.952	253	MAKE
889.952	890.562	320	PEARLS
890.562	895.1510000000001	99999	{NS}
895.1510000000001	898.3720000000001	99999	{NS}
898.3720000000001	898.482	99999	sp
898.482	898.8620000000001	257	MAY
898.8620000000001	898.892	211	I
898.892	899.3820000000001	304	ORDER
899.3820000000001	899.4110000000001	1	A
899.4110000000001	900.091	319	PARFAIT
900.091	900.492	10	AFTER
900.492	900.6320000000001	211	I
900.6320000000001	900.7719999999999	134	EAT
900.7719999999999	901.142	124	DINNER
901.142	902.1220000000001	99999	{NS}
902.1220000000001	910.341	99999	{NS}
910.341	910.5219999999999	99999	sp
910.5219999999999	910.672	224	IS
910.672	910.812	375	SHE
910.812	911.212	187	GOING
911.212	911.4010000000001	487	WITH
911.4010000000001	911.682	495	YOU
911.682	918.832	99999	{NS}
918.832	918.932	99999	{NS}
918.932	919.142	76	CAN
919.142	919.202	434	THE
919.202	919.9110000000001	11	AGENCY
919.9110000000001	920.6120000000001	315	OVERTHROW
920.6120000000001	921.1510000000001	13	ALIEN
921.1510000000001	921.851	162	FORCES
921.851	922.702	99999	{NS}
922.702	930.562	99999	{NS}
930.562	930.692	1	A
930.692	931.3620000000001	371	SCREWDRIVER
931.3620000000001	931.762	224	IS
931.762	932.1320000000001	252	MADE
932.1320000000001	932.312	166	FROM
932.312	932.672	469	VODKA
932.672	933.062	20	AND
933.062	933.531	303	ORANGE
933.531	934.012	230	JUICE
934.012	940.822	99999	{NS}
940.822	942.712	99999	{NS}
942.712	942.962	210	HOW
942.962	943.212	269	MUCH
943.212	943.8620000000001	16	ALLOWANCE
943.8620000000001	944.002	128	DO
944.002	944.2719999999999	495	YOU
944.2719999999999	944.6320000000001	177	GET
944.6320000000001	944.682	99999	sp
944.682	950.992	99999	{NS}
950.992	952.841	99999	{NS}
952.841	953.0409999999999	99999	sp
953.0409999999999	953.682	115	CYCLICAL
953.682	954.4010000000001	346	PROGRAMS
954.4010000000001	954.512	485	WILL
954.512	954.841	281	NEVER
954.841	955.512	100	COMPILE
955.512	958.341	99999	{NS}
958.341	963.6320000000001	99999	{NS}
963.6320000000001	963.832	434	THE
963.832	964.452	61	BOSTON
964.452	964.992	45	BALLET
964.992	965.692	312	OVERCAME
965.692	965.851	435	THEIR
965.851	966.2719999999999	170	FUNDING
966.2719999999999	966.932	380	SHORTAGE
966.932	975.3620000000001	99999	{NS}
975.3620000000001	975.462	99999	sp
975.462	975.562	99999	{NS}
975.562	975.952	145	EVERY
975.952	976.3820000000001	74	CAB
976.3820000000001	976.742	280	NEEDS
976.742	977.432	364	REPAINTING
977.432	978.0409999999999	296	OFTEN
978.0409999999999	986.202	99999	{NS}
986.202	988.242	99999	{NS}
988.242	988.6120000000001	203	HELP
988.6120000000001	988.642	99999	sp
988.642	989.052	196	GREG
989.052	989.072	99999	sp
989.072	989.2719999999999	446	TO
989.2719999999999	989.562	325	PICK
989.562	989.702	1	A
989.702	990.002	321	PECK
990.002	990.1510000000001	294	OF
990.1510000000001	990.922	338	POTATOES
990.922	991.732	99999	{NS}
991.732	999.952	99999	{NS}
999.952	999.992	99999	sp
999.992	1000.192	476	WE
1000.192	1000.512	241	LIKE
1000.512	1000.702	55	BLUE
1000.702	1001.2719999999999	88	CHEESE
1001.2719999999999	1001.582	70	BUT
1001.582	1001.9010000000001	466	VICTOR
1001.9010000000001	1002.2719999999999	242	LIKES
1002.2719999999999	1002.692	64	BRIE
1002.692	1011.031	99999	{NS}
1011.031	1011.192	99999	sp
1011.192	1011.281	99999	{NS}
1011.281	1011.601	108	COUNT
1011.601	1011.732	434	THE
1011.732	1012.101	289	NUMBER
1012.101	1012.202	294	OF
1012.202	1012.851	429	TEASPOONS
1012.851	1012.9110000000001	294	OF
1012.9110000000001	1013.591	395	SOYSAUCE
1013.591	1013.702	433	THAT
1013.702	1013.942	495	YOU
1013.942	1014.302	7	ADD
1014.302	1021.591	99999	{NS}
1021.591	1021.6610000000001	99999	sp
1021.6610000000001	1023.702	99999	{NS}
1023.702	1024.462	44	BAGPIPES
1024.462	1024.772	20	AND
1024.772	1025.362	59	BONGOS
1025.362	1025.522	30	ARE
1025.522	1026.062	273	MUSICAL
1026.062	1026.922	220	INSTRUMENTS
1026.922	1033.932	99999	{NS}
1033.932	1035.862	99999	{NS}
1035.862	1036.091	210	HOW
1036.091	1036.502	189	GOOD
1036.502	1036.781	224	IS
1036.781	1036.952	496	YOUR
1036.952	1037.791	138	ENDURANCE
1037.791	1056.512	99999	{NS}
1056.512	1058.0720000000001	99999	{NS}
1058.0720000000001	1058.291	375	SHE
1058.291	1058.5720000000001	490	WORE
1058.5720000000001	1058.992	471	WARM
1058.992	1059.632	158	FLEECY
1059.632	1060.002	489	WOOLEN
1060.002	1060.882	311	OVERALLS
1060.882	1061.492	99999	{NS}
1061.492	1070.262	99999	{NS}
1070.262	1070.442	99999	sp
1070.442	1070.932	354	READING
1070.932	1071.202	217	IN
1071.202	1071.232	99999	sp
1071.232	1071.452	335	POOR
1071.452	1071.732	240	LIGHT
1071.732	1072.101	181	GIVES
1072.101	1072.221	495	YOU
1072.221	1073.041	150	EYESTRAIN
1073.041	1073.682	99999	{NS}
1073.682	1073.882	99999	sp
1073.882	1082.492	99999	{NS}
1082.492	1082.862	142	EVEN
1082.862	1083.142	211	I
1083.142	1083.872	293	OCCASIONALLY
1083.872	1084.122	177	GET
1084.122	1084.242	434	THE
1084.242	1084.591	265	MONDAY
1084.591	1085.202	56	BLUES
1085.202	1085.8020000000001	99999	sp
1085.8020000000001	1092.262	99999	{NS}
1092.262	1093.8020000000001	99999	{NS}
1093.8020000000001	1094.012	99999	sp
1094.012	1094.182	476	WE
1094.182	1094.372	30	ARE
1094.372	1094.8319999999999	301	OPEN
1094.8319999999999	1095.212	145	EVERY
1095.212	1095.5720000000001	265	MONDAY
1095.5720000000001	1096.3319999999999	143	EVENING
1096.3319999999999	1096.772	99999	sp
1096.772	1103.292	99999	{NS}
1103.292	1103.432	99999	sp
1103.432	1103.542	99999	{NS}
1103.542	1103.812	226	IT'S
1103.812	1104.0819999999999	285	NOT
1104.0819999999999	1104.471	133	EASY
1104.471	1104.5819999999999	446	TO
1104.5819999999999	1105.0819999999999	113	CREATE
1105.0819999999999	1105.892	215	ILLUMINATING
1105.892	1106.7820000000002	146	EXAMPLES
1106.7820000000002	1107.3220000000001	99999	sp
1107.3220000000001	1113.452	99999	{NS}
1113.452	1115.3319999999999	99999	{NS}
1115.3319999999999	1115.712	270	MUM
1115.712	1116.3220000000001	407	STRONGLY
1116.3220000000001	1116.932	126	DISLIKES
1116.932	1117.892	27	APPETIZERS
1117.892	1118.341	99999	{NS}
1118.341	1125.3609999999999	99999	{NS}
1125.3609999999999	1125.62	99999	sp
1125.62	1126.1109999999999	443	THOSE
1126.1109999999999	1126.25	484	WHO
1126.25	1126.5819999999999	427	TEACH
1126.5819999999999	1127.231	462	VALUES
1127.231	1127.26	99999	sp
1127.26	1127.63	156	FIRST
1127.63	1128.26	4	ABOLISH
1128.26	1128.841	87	CHEATING
1128.841	1128.932	99999	sp
1128.932	1132.422	99999	{NS}
1132.422	1132.5720000000001	99999	sp
1132.5720000000001	1137.682	99999	{NS}
1137.682	1137.792	99999	sp
1137.792	1138.01	434	THE
1138.01	1138.51	165	FRIGHTENED
1138.51	1139.042	89	CHILD
1139.042	1139.272	472	WAS
1139.272	1139.652	176	GENTLY
1139.652	1140.2820000000002	410	SUBDUED
1140.2820000000002	1140.471	73	BY
1140.471	1140.712	208	HIS
1140.712	1140.912	52	BIG
1140.912	1141.38	66	BROTHER
1141.38	1148.522	99999	{NS}
1148.522	1150.25	99999	{NS}
1150.25	1150.442	99999	sp
1150.442	1150.902	142	EVEN
1150.902	1150.971	1	A
1150.971	1151.471	383	SIMPLE
1151.471	1152.341	468	VOCABULARY
1152.341	1152.962	104	CONTAINS
1152.962	1153.682	422	SYMBOLS
1153.682	1162.3020000000001	99999	{NS}
1162.3020000000001	1162.422	99999	sp
1162.422	1162.591	99999	{NS}
1162.591	1162.62	1	A
1162.62	1163.01	110	CRAB
1163.01	1163.522	85	CHALLENGED
1163.522	1163.892	258	ME
1163.892	1164.142	99999	sp
1164.142	1164.3220000000001	70	BUT
1164.3220000000001	1164.3609999999999	1	A
1164.3609999999999	1164.642	350	QUICK
1164.642	1166.0	402	STAB
1166.0	1174.502	99999	{NS}
1174.502	1174.699	99999	{NS}
1174.699	1175.252	183	GLUCOSE
1175.252	1175.509	20	AND
1175.509	1176.111	167	FRUCTOSE
1176.111	1176.279	30	ARE
1176.279	1176.8	276	NATURAL
1176.8	1177.399	414	SUGARS
1177.399	1177.779	163	FOUND
1177.779	1177.979	217	IN
1177.979	1178.389	168	FRUIT
1178.389	1186.992	99999	{NS}
1186.992	1187.382	99999	{NS}
1187.382	1187.412	30	ARE
1187.412	1187.572	495	YOU
1187.572	1187.912	250	LOOKING
1187.912	1188.181	161	FOR
1188.181	1188.792	88888	EMPLOYMEN
1188.792	1195.882	99999	{NS}
1195.882	1197.752	99999	{NS}
1197.752	1198.109	98	COFFEE
1198.109	1198.502	224	IS
1198.502	1198.901	198	GROWN
1198.901	1199.119	297	ON
1199.119	1199.609	404	STEEP
1199.609	1199.761	99999	sp
1199.761	1200.119	231	JUNGLE
1200.119	1200.392	241	LIKE
1200.392	1200.941	390	SLOPES
1200.941	1201.191	217	IN
1201.191	1201.719	431	TEMPERATE
1201.719	1202.212	497	ZONES
1202.212	1208.369	99999	{NS}
1208.369	1210.289	99999	{NS}
1210.289	1210.469	476	WE
1210.469	1210.892	480	WELCOME
1210.892	1211.191	256	MANY
1211.191	1211.34	282	NEW
1211.34	1211.969	408	STUDENTS
1211.969	1212.261	132	EACH
1212.261	1212.669	491	YEAR
1582.221	1582.262	99999	sp
1582.262	1582.382	30	ARE
1582.382	1582.5819999999999	496	YOUR
1582.5819999999999	1582.971	192	GRADES
1582.971	1583.562	206	HIGHER
1583.562	1583.692	302	OR
1583.692	1584.212	251	LOWER
1584.212	1584.382	432	THAN
1584.382	1585.101	275	NANCY'S
1585.101	1586.101	99999	{NS}
1586.101	1590.5819999999999	99999	{NS}
1590.5819999999999	1590.841	375	SHE
1590.841	1591.132	490	WORE
1591.132	1591.591	471	WARM
1591.591	1592.151	158	FLEECY
1592.151	1592.5720000000001	489	WOOLEN
1592.5720000000001	1593.372	311	OVERALLS
1593.372	1594.172	99999	{NS}
1594.172	1601.732	99999	{NS}
1601.732	1601.8319999999999	99999	sp
1601.8319999999999	1602.341	354	READING
1602.341	1602.591	217	IN
1602.591	1602.622	99999	sp
1602.622	1602.872	335	POOR
1602.872	1603.182	240	LIGHT
1603.182	1603.591	181	GIVES
1603.591	1603.752	495	YOU
1603.752	1604.5720000000001	150	EYESTRAIN
1604.5720000000001	1613.762	99999	{NS}
1613.762	1613.8319999999999	99999	{NS}
1613.8319999999999	1614.182	142	EVEN
1614.182	1614.432	211	I
1614.432	1615.3020000000001	293	OCCASIONALLY
1615.3020000000001	1615.601	177	GET
1615.601	1615.712	434	THE
1615.712	1616.091	265	MONDAY
1616.091	1616.732	56	BLUES
1616.732	1617.531	99999	{NS}
1617.531	1625.622	99999	{NS}
1625.622	1625.772	476	WE
1625.772	1625.962	30	ARE
1625.962	1626.392	301	OPEN
1626.392	1626.772	145	EVERY
1626.772	1627.401	88888	MONDAIM
1627.401	1627.942	143	EVENING
1627.942	1628.992	99999	{NS}
1628.992	1637.132	99999	{NS}
1637.132	1637.422	226	IT'S
1637.422	1637.661	285	NOT
1637.661	1638.022	133	EASY
1638.022	1638.161	446	TO
1638.161	1638.601	113	CREATE
1638.601	1639.3220000000001	215	ILLUMINATING
1639.3220000000001	1640.202	146	EXAMPLES
1640.202	1646.8020000000001	99999	{NS}
1646.8020000000001	1648.5819999999999	99999	{NS}
1648.5819999999999	1648.952	270	MUM
1648.952	1649.5819999999999	407	STRONGLY
1649.5819999999999	1650.192	126	DISLIKES
1650.192	1651.202	27	APPETIZERS
1651.202	1652.132	99999	{NS}
1652.132	1659.8020000000001	99999	{NS}
1659.8020000000001	1659.8319999999999	99999	sp
1659.8319999999999	1660.312	443	THOSE
1660.312	1660.452	484	WHO
1660.452	1660.791	427	TEACH
1660.791	1661.442	462	VALUES
1661.442	1661.8220000000001	156	FIRST
1661.8220000000001	1662.442	4	ABOLISH
1662.442	1662.971	87	CHEATING
1662.971	1666.022	99999	{NS}
1666.022	1671.712	99999	{NS}
1671.712	1671.851	434	THE
1671.851	1672.432	165	FRIGHTENED
1672.432	1672.901	89	CHILD
1672.901	1673.142	472	WAS
1673.142	1673.512	176	GENTLY
1673.512	1674.101	410	SUBDUED
1674.101	1674.362	73	BY
1674.362	1674.601	208	HIS
1674.601	1674.841	52	BIG
1674.841	1675.362	66	BROTHER
1675.362	1684.8319999999999	99999	{NS}
1684.8319999999999	1685.0	99999	{NS}
1685.0	1685.392	142	EVEN
1685.392	1685.49	1	A
1685.49	1686.022	383	SIMPLE
1686.022	1686.942	468	VOCABULARY
1686.942	1687.51	104	CONTAINS
1687.51	1688.25	422	SYMBOLS
1688.25	1697.471	99999	{NS}
1697.471	1697.962	99999	{NS}
1697.962	1697.99	1	A
1697.99	1698.1109999999999	110	CRAB
1698.1109999999999	1698.682	85	CHALLENGED
1698.682	1699.0320000000002	258	ME
1699.0320000000002	1699.091	99999	sp
1699.091	1699.5	70	BUT
1699.5	1699.5320000000002	1	A
1699.5320000000002	1699.8609999999999	350	QUICK
1699.8609999999999	1700.351	402	STAB
1700.351	1700.37	99999	sp
1700.37	1700.892	464	VANQUISHED
1700.892	1701.231	207	HIM
1701.231	1702.01	99999	{NS}
1702.01	1710.812	99999	{NS}
1710.812	1711.481	183	GLUCOSE
1711.481	1711.702	20	AND
1711.702	1712.3609999999999	167	FRUCTOSE
1712.3609999999999	1712.591	30	ARE
1712.591	1713.0520000000001	276	NATURAL
1713.0520000000001	1713.63	414	SUGARS
1713.63	1714.022	163	FOUND
1714.022	1714.231	217	IN
1714.231	1714.63	168	FRUIT
1714.63	1725.202	99999	{NS}
1725.202	1725.422	99999	{NS}
1725.422	1725.452	30	ARE
1725.452	1725.5819999999999	495	YOU
1725.5819999999999	1725.952	250	LOOKING
1725.952	1726.182	161	FOR
1726.182	1726.8220000000001	88888	EMPLOYMEN
1726.8220000000001	1727.892	99999	{NS}
1727.892	1735.152	99999	{NS}
1735.152	1735.5520000000001	98	COFFEE
1735.5520000000001	1735.981	224	IS
1735.981	1736.412	198	GROWN
1736.412	1736.682	297	ON
1736.682	1737.221	404	STEEP
1737.221	1737.672	231	JUNGLE
1737.672	1737.922	241	LIKE
1737.922	1738.481	390	SLOPES
1738.481	1738.731	217	IN
1738.731	1739.26	431	TEMPERATE
1739.26	1739.87	497	ZONES
1739.87	1741.8020000000001	99999	{NS}
1741.8020000000001	1741.87	99999	sp
1741.87	1749.0	99999	{NS}
1749.0	1750.921	99999	sp
1750.921	1751.129	476	WE
1751.129	1751.482	480	WELCOME
1751.482	1751.861	256	MANY
1751.861	1752.049	282	NEW
1752.049	1752.649	408	STUDENTS
1752.649	1753.032	132	EACH
1753.032	1753.462	491	YEAR
1753.462	1762.759	99999	{NS}
1762.759	1762.979	99999	{NS}
1762.979	1763.279	298	ONLY
1763.279	1763.389	434	THE
1763.389	1763.789	51	BEST
1763.789	1764.309	330	PLAYERS
1764.309	1764.8	139	ENJOY
1764.8	1765.712	336	POPULARITY
1765.712	1766.292	99999	{NS}
1766.292	1774.082	99999	{NS}
1774.082	1774.202	99999	sp
1774.202	1774.852	75	CALCIUM
1774.852	1775.142	254	MAKES
1775.142	1775.642	58	BONES
1775.642	1775.931	20	AND
1775.931	1776.262	430	TEETH
1776.262	1776.931	406	STRONG
1776.931	1778.091	99999	{NS}
1778.091	1786.039	99999	{NS}
1786.039	1786.081	99999	sp
1786.081	1786.651	286	NOTHING
1786.651	1786.849	224	IS
1786.849	1787.081	34	AS
1787.081	1787.77	295	OFFENSIVE
1787.77	1788.081	34	AS
1788.081	1788.869	219	INNOCENCE
1788.869	1789.909	99999	{NS}
1789.909	1797.651	99999	{NS}
1797.651	1798.09	88888	SH
1798.09	1798.179	99999	sp
1798.179	1798.761	405	STEVE
1798.761	1799.099	490	WORE
1799.099	1799.13	1	A
1799.13	1799.52	65	BRIGHT
1799.52	1799.95	356	RED
1799.95	1800.401	78	CASHMERE
1800.401	1800.909	420	SWEATER
1800.909	1807.729	99999	{NS}
1807.729	1809.691	99999	{NS}
1809.691	1809.761	99999	sp
1809.761	1810.252	46	BARB'S
1810.252	1810.5720000000001	188	GOLD
1810.5720000000001	1811.142	63	BRACELET
1811.142	1811.3220000000001	472	WAS
1811.3220000000001	1811.38	1	A
1811.38	1812.099	193	GRADUATION
1812.099	1812.651	339	PRESENT
1812.651	1821.831	99999	{NS}
1821.831	1822.23	99999	{NS}
1822.23	1822.3220000000001	130	DRAW
1822.3220000000001	1822.662	145	EVERY
1822.662	1823.04	308	OUTER
1823.04	1823.462	244	LINE
1823.462	1824.12	156	FIRST
1824.12	1824.421	99999	sp
1824.421	1824.76	436	THEN
1824.76	1825.031	154	FILL
1825.031	1825.18	217	IN
1825.18	1825.3220000000001	434	THE
1825.3220000000001	1825.992	222	INTERIOR
1825.992	1833.471	99999	{NS}
1833.471	1833.781	99999	sp
1833.781	1835.671	99999	{NS}
1835.671	1835.831	434	THE
1835.831	1836.132	475	WATER
1836.132	1836.882	103	CONTAINED
1836.882	1836.9	99999	sp
1836.9	1837.2	448	TOO
1837.2	1837.441	269	MUCH
1837.441	1838.052	90	CHLORINE
1838.052	1838.281	20	AND
1838.281	1838.5720000000001	409	STUNG
1838.5720000000001	1838.852	208	HIS
1838.852	1839.4	149	EYES
1839.4	1849.15	99999	{NS}
1849.15	1849.311	99999	{NS}
1849.311	1849.811	229	JOHN'S
1849.811	1850.272	66	BROTHER
1850.272	1850.87	363	REPAINTED
1850.87	1850.962	434	THE
1850.962	1851.471	173	GARAGE
1851.471	1851.9	129	DOOR
1851.9	1860.662	99999	{NS}
1860.662	1860.79	99999	{NS}
1860.79	1861.302	84	CHALLENGE
1861.302	1861.751	132	EACH
1861.751	1862.352	175	GENERAL'S
1862.352	1863.34	221	INTELLIGENCE
1863.34	1865.272	99999	{NS}
1865.272	1865.421	99999	sp
1865.421	1872.111	99999	{NS}
1872.111	1872.221	99999	sp
1872.221	1873.171	17	AMBIDEXTROUS
1873.171	1873.971	327	PICKPOCKETS
1873.971	1874.721	6	ACCOMPLISH
1874.721	1875.09	267	MORE
1875.09	1875.781	99999	{NS}
1875.781	1883.782	99999	{NS}
1883.782	1883.922	1	A
1883.922	1884.562	271	MUSCULAR
1884.562	1885.272	2	ABDOMEN
1885.272	1885.462	224	IS
1885.462	1885.681	189	GOOD
1885.681	1885.912	161	FOR
1885.912	1886.052	496	YOUR
1886.052	1886.392	43	BACK
1886.392	1887.632	99999	{NS}
1887.632	1895.312	99999	{NS}
1895.312	1895.681	99999	sp
1895.681	1895.922	438	THEY
1895.922	1896.222	317	OWN
1896.222	1896.352	1	A
1896.352	1896.612	52	BIG
1896.612	1896.622	99999	sp
1896.622	1897.151	209	HOUSE
1897.151	1897.302	217	IN
1897.302	1897.372	434	THE
1897.372	1897.792	361	REMOTE
1897.792	1898.562	109	COUNTRYSIDE
1898.562	1906.722	99999	{NS}
1906.722	1906.892	99999	sp
1906.892	1906.962	99999	{NS}
1906.962	1907.052	434	THE
1907.052	1907.502	369	ROSE
1907.502	1908.222	106	CORSAGE
1908.222	1908.812	393	SMELLED
1908.812	1909.3319999999999	421	SWEET
1909.3319999999999	1909.382	99999	sp
1909.382	1910.422	99999	{NS}
1910.422	1918.192	99999	{NS}
1918.192	1918.362	99999	sp
1918.362	1918.772	433	THAT
1918.772	1918.812	99999	sp
1918.812	1919.5720000000001	326	PICKPOCKET
1919.5720000000001	1919.772	472	WAS
1919.772	1920.132	80	CAUGHT
1920.132	1920.362	356	RED
1920.362	1920.862	199	HANDED
1920.862	1927.422	99999	{NS}
1927.422	1929.312	99999	{NS}
1929.312	1929.512	19	AN
1929.512	1929.972	9	ADULT
1929.972	1930.302	255	MALE
1930.302	1930.972	42	BABOON'S
1930.972	1931.401	430	TEETH
1931.401	1931.632	30	ARE
1931.632	1931.982	285	NOT
1931.982	1932.5720000000001	415	SUITABLE
1932.5720000000001	1932.792	161	FOR
1932.792	1933.302	135	EATING
1933.302	1934.192	376	SHELLFISH
1934.192	1942.792	99999	{NS}
1942.792	1944.681	99999	{NS}
1944.681	1944.901	204	HER
1944.901	1945.512	470	WARDROBE
1945.512	1946.232	102	CONSISTS
1946.232	1946.442	294	OF
1946.442	1946.802	298	ONLY
1946.802	1947.392	385	SKIRTS
1947.392	1947.632	20	AND
1947.632	1948.412	54	BLOUSES
1948.412	1956.952	99999	{NS}
1956.952	1957.0819999999999	99999	sp
1957.0819999999999	1957.892	99999	{NS}
1957.892	1958.132	99999	sp
1958.132	1958.302	434	THE
1958.302	1958.632	453	TWO
1958.632	1959.312	33	ARTISTS
1959.312	1960.132	147	EXCHANGED
1960.132	1960.181	99999	sp
1960.181	1961.181	88888	PHOTOGRAPHS
1961.181	1962.362	99999	sp
1962.362	1963.122	39	AUTOGRAPHS
1963.122	1972.651	99999	{NS}
1972.651	1974.612	99999	{NS}
1974.612	1975.392	71	BUTTERSCOTCH
1975.392	1976.002	169	FUDGE
1976.002	1976.172	99999	sp
1976.172	1976.422	186	GOES
1976.422	1976.782	481	WELL
1976.782	1976.982	487	WITH
1976.982	1977.282	463	VANILLA
1977.282	1977.732	212	ICE
1977.732	1978.162	112	CREAM
1978.162	1978.8220000000001	99999	{NS}
1978.8220000000001	1988.0819999999999	99999	{NS}
1988.0819999999999	1988.462	366	RICH
1988.462	1989.162	349	PURCHASED
1989.162	1989.702	374	SEVERAL
1989.702	1990.172	382	SIGNED
1990.172	1991.062	245	LITHOGRAPHS
1991.062	1991.542	99999	{NS}
1991.542	1999.552	99999	{NS}
1999.552	1999.5720000000001	99999	sp
1999.5720000000001	1999.931	24	ANY
1999.931	2000.862	105	CONTRIBUTIONS
2000.862	2001.012	485	WILL
2001.012	2001.142	47	BE
2001.142	2001.562	195	GREATLY
2001.562	2002.002	88888	ACCEP
2002.002	2002.222	99999	sp
2002.222	2003.102	28	APPRECIATED
2003.102	2011.401	99999	{NS}
2011.401	2011.422	99999	sp
2011.422	2013.382	99999	{NS}
2013.382	2013.5720000000001	434	THE
2013.5720000000001	2014.272	111	CRANBERRY
2014.272	2014.752	57	BOG
2014.752	2015.112	178	GETS
2015.112	2015.512	465	VERY
2015.512	2015.841	340	PRETTY
2015.841	2016.101	217	IN
2016.101	2016.632	40	AUTUMN
2016.632	2017.161	99999	{NS}
2017.161	2025.172	99999	{NS}
2025.172	2025.362	210	HOW
2025.362	2025.642	128	DO
2025.642	2026.221	318	OYSTERS
2026.221	2026.442	253	MAKE
2026.442	2027.091	320	PEARLS
2027.091	2032.612	99999	{NS}
2032.612	2034.591	99999	{NS}
2034.591	2034.712	99999	sp
2034.712	2035.0720000000001	257	MAY
2035.0720000000001	2035.122	211	I
2035.122	2035.432	304	ORDER
2035.432	2035.482	1	A
2035.482	2036.0520000000001	319	PARFAIT
2036.0520000000001	2036.372	10	AFTER
2036.372	2036.531	211	I
2036.531	2036.672	134	EAT
2036.672	2037.031	124	DINNER
2037.031	2043.932	99999	{NS}
2043.932	2045.812	99999	{NS}
2045.812	2045.982	224	IS
2045.982	2046.132	375	SHE
2046.132	2046.522	187	GOING
2046.522	2046.732	487	WITH
2046.732	2047.022	495	YOU
2047.022	2054.242	99999	{NS}
2054.242	2054.432	99999	sp
2054.432	2054.531	99999	{NS}
2054.531	2054.712	76	CAN
2054.712	2054.781	434	THE
2054.781	2055.482	11	AGENCY
2055.482	2056.132	315	OVERTHROW
2056.132	2056.672	13	ALIEN
2056.672	2057.362	162	FORCES
2057.362	2064.401	99999	{NS}
2064.401	2066.242	99999	{NS}
2066.242	2066.312	99999	sp
2066.312	2066.401	1	A
2066.401	2067.072	371	SCREWDRIVER
2067.072	2067.471	224	IS
2067.471	2067.841	252	MADE
2067.841	2068.041	166	FROM
2068.041	2068.401	469	VODKA
2068.401	2068.791	20	AND
2068.791	2069.151	303	ORANGE
2069.151	2069.772	230	JUICE
2069.772	2077.192	99999	{NS}
2077.192	2079.022	99999	{NS}
2079.022	2079.122	99999	sp
2079.122	2079.341	210	HOW
2079.341	2079.572	269	MUCH
2079.572	2080.272	16	ALLOWANCE
2080.272	2080.452	128	DO
2080.452	2080.591	495	YOU
2080.591	2080.922	177	GET
2080.922	2088.822	99999	{NS}
2088.822	2088.992	99999	{NS}
2088.992	2089.601	115	CYCLICAL
2089.601	2090.262	346	PROGRAMS
2090.262	2090.411	485	WILL
2090.411	2090.712	281	NEVER
2090.712	2091.362	100	COMPILE
2091.362	2091.812	99999	{NS}
2091.812	2098.841	99999	{NS}
2098.841	2098.952	434	THE
2098.952	2099.482	61	BOSTON
2099.482	2100.012	45	BALLET
2100.012	2100.702	312	OVERCAME
2100.702	2100.841	435	THEIR
2100.841	2101.252	170	FUNDING
2101.252	2101.911	380	SHORTAGE
2101.911	2109.702	99999	{NS}
2109.702	2109.832	99999	sp
2109.832	2109.952	99999	{NS}
2109.952	2110.312	145	EVERY
2110.312	2110.802	74	CAB
2110.802	2111.122	280	NEEDS
2111.122	2111.762	364	REPAINTING
2111.762	2112.382	296	OFTEN
2112.382	2118.161	99999	{NS}
2118.161	2120.082	99999	{NS}
2120.082	2120.411	203	HELP
2120.411	2120.422	99999	sp
2120.422	2120.822	196	GREG
2120.822	2121.041	446	TO
2121.041	2121.322	325	PICK
2121.322	2121.471	1	A
2121.471	2121.742	321	PECK
2121.742	2121.862	294	OF
2121.862	2122.552	338	POTATOES
2122.552	2124.822	99999	{NS}
2124.822	2130.841	99999	{NS}
2130.841	2131.082	476	WE
2131.082	2131.401	241	LIKE
2131.401	2131.612	55	BLUE
2131.612	2132.252	88	CHEESE
2132.252	2132.322	99999	sp
2132.322	2132.522	70	BUT
2132.522	2132.841	466	VICTOR
2132.841	2133.252	242	LIKES
2133.252	2133.672	64	BRIE
2133.672	2141.952	99999	{NS}
2141.952	2142.022	99999	sp
2142.022	2142.101	99999	{NS}
2142.101	2142.452	108	COUNT
2142.452	2142.562	434	THE
2142.562	2142.992	289	NUMBER
2142.992	2143.132	294	OF
2143.132	2143.752	429	TEASPOONS
2143.752	2143.822	294	OF
2143.822	2144.442	395	SOYSAUCE
2144.442	2144.562	433	THAT
2144.562	2144.752	495	YOU
2144.752	2145.142	7	ADD
2145.142	2145.872	99999	{NS}
2145.872	2154.002	99999	{NS}
2154.002	2154.151	99999	sp
2154.151	2154.901	44	BAGPIPES
2154.901	2155.151	20	AND
2155.151	2155.772	59	BONGOS
2155.772	2155.932	30	ARE
2155.932	2156.422	273	MUSICAL
2156.422	2157.281	220	INSTRUMENTS
2157.281	2163.971	99999	{NS}
2163.971	2166.041	99999	{NS}
2166.041	2166.332	210	HOW
2166.332	2166.721	189	GOOD
2166.721	2166.962	224	IS
2166.962	2167.082	496	YOUR
2167.082	2167.971	138	ENDURANCE
2167.971	2168.832	99999	{NS}
2168.832	2187.132	99999	{NS}
2187.132	2187.151	99999	sp
2187.151	2187.272	30	ARE
2187.272	2187.471	496	YOUR
2187.471	2187.892	192	GRADES
2187.892	2188.462	206	HIGHER
2188.462	2188.612	302	OR
2188.612	2189.082	251	LOWER
2189.082	2189.262	432	THAN
2189.262	2190.072	275	NANCY'S
2190.072	2198.752	99999	{NS}
2198.752	2198.882	99999	{NS}
2198.882	2199.112	375	SHE
2199.112	2199.392	490	WORE
2199.392	2199.872	471	WARM
2199.872	2200.452	158	FLEECY
2200.452	2200.832	489	WOOLEN
2200.832	2201.762	311	OVERALLS
2201.762	2202.232	99999	{NS}
2202.232	2210.932	99999	{NS}
2210.932	2211.041	99999	sp
2211.041	2211.512	354	READING
2211.512	2211.791	217	IN
2211.791	2211.812	99999	sp
2211.812	2212.022	335	POOR
2212.022	2212.302	240	LIGHT
2212.302	2212.692	181	GIVES
2212.692	2212.922	495	YOU
2212.922	2213.692	150	EYESTRAIN
2213.692	2219.911	99999	{NS}
2219.911	2220.012	99999	sp
2220.012	2221.882	99999	{NS}
2221.882	2222.151	99999	sp
2222.151	2222.492	142	EVEN
2222.492	2222.812	211	I
2222.812	2223.582	293	OCCASIONALLY
2223.582	2223.882	177	GET
2223.882	2223.992	434	THE
2223.992	2224.332	265	MONDAY
2224.332	2224.911	56	BLUES
2224.911	2231.591	99999	{NS}
2231.591	2233.382	99999	{NS}
2233.382	2233.422	99999	sp
2233.422	2233.601	476	WE
2233.601	2233.772	30	ARE
2233.772	2234.221	301	OPEN
2234.221	2234.632	145	EVERY
2234.632	2235.002	265	MONDAY
2235.002	2235.522	143	EVENING
2235.522	2244.122	99999	{NS}
2244.122	2244.202	99999	sp
2244.202	2244.332	99999	{NS}
2244.332	2244.601	226	IT'S
2244.601	2244.812	285	NOT
2244.812	2245.182	133	EASY
2245.182	2245.302	446	TO
2245.302	2245.732	113	CREATE
2245.732	2246.531	215	ILLUMINATING
2246.531	2247.482	146	EXAMPLES
2247.482	2247.932	99999	{NS}
2247.932	2255.942	99999	{NS}
2255.942	2256.351	270	MUM
2256.351	2256.952	407	STRONGLY
2256.952	2257.541	126	DISLIKES
2257.541	2258.492	27	APPETIZERS
2258.492	2259.182	99999	{NS}
2259.182	2267.62	99999	{NS}
2267.62	2268.022	443	THOSE
2268.022	2268.1620000000003	484	WHO
2268.1620000000003	2268.49	427	TEACH
2268.49	2269.2309999999998	462	VALUES
2269.2309999999998	2269.282	99999	sp
2269.282	2269.721	156	FIRST
2269.721	2270.332	4	ABOLISH
2270.332	2270.861	87	CHEATING
2270.861	2279.601	99999	{NS}
2279.601	2279.692	99999	{NS}
2279.692	2279.832	434	THE
2279.832	2280.392	165	FRIGHTENED
2280.392	2280.88	89	CHILD
2280.88	2281.111	472	WAS
2281.111	2281.4809999999998	176	GENTLY
2281.4809999999998	2282.091	410	SUBDUED
2282.091	2282.302	73	BY
2282.302	2282.522	208	HIS
2282.522	2282.721	52	BIG
2282.721	2283.212	66	BROTHER
2283.212	2283.7309999999998	99999	{NS}
2283.7309999999998	2283.772	99999	sp
2283.772	2292.221	99999	{NS}
2292.221	2292.322	99999	sp
2292.322	2292.75	142	EVEN
2292.75	2292.812	1	A
2292.812	2293.282	383	SIMPLE
2293.282	2294.1620000000003	468	VOCABULARY
2294.1620000000003	2294.721	104	CONTAINS
2294.721	2295.4809999999998	422	SYMBOLS
2295.4809999999998	2302.4120000000003	99999	{NS}
2302.4120000000003	2303.952	99999	{NS}
2303.952	2304.172	99999	sp
2304.172	2304.351	1	A
2304.351	2304.792	110	CRAB
2304.792	2305.302	85	CHALLENGED
2305.302	2305.611	258	ME
2305.611	2305.902	70	BUT
2305.902	2305.952	1	A
2305.952	2306.24	350	QUICK
2306.24	2306.692	402	STAB
2306.692	2307.2309999999998	464	VANQUISHED
2307.2309999999998	2307.552	207	HIM
2307.552	2313.892	99999	{NS}
2313.892	2315.6620000000003	99999	{NS}
2315.6620000000003	2315.802	99999	sp
2315.802	2316.361	183	GLUCOSE
2316.361	2316.562	20	AND
2316.562	2317.192	167	FRUCTOSE
2317.192	2317.392	30	ARE
2317.392	2317.851	276	NATURAL
2317.851	2318.5	414	SUGARS
2318.5	2318.861	163	FOUND
2318.861	2319.052	217	IN
2319.052	2319.572	168	FRUIT
2319.572	2321.63	99999	{NS}
2321.63	2321.99	99999	sp
2321.99	2326.611	99999	{NS}
2326.611	2326.721	30	ARE
2326.721	2326.88	495	YOU
2326.88	2327.322	250	LOOKING
2327.322	2327.562	161	FOR
2327.562	2328.152	88888	EMPLOYMEN
2328.152	2332.0	99999	{NS}
2332.0	2332.322	99999	sp
2332.322	2338.152	98	COFFEE
2338.152	2338.551	224	IS
2338.551	2338.942	198	GROWN
2338.942	2339.182	297	ON
2339.182	2339.682	404	STEEP
2339.682	2340.101	231	JUNGLE
2340.101	2340.309	241	LIKE
2340.309	2340.789	390	SLOPES
2340.789	2341.021	217	IN
2341.021	2341.55	431	TEMPERATE
2341.55	2342.22	497	ZONES
2342.22	2350.102	99999	{NS}
2350.102	2351.742	99999	{NS}
2351.742	2351.931	99999	sp
2351.931	2352.142	476	WE
2352.142	2352.542	480	WELCOME
2352.542	2352.822	256	MANY
2352.822	2353.002	282	NEW
2353.002	2353.542	408	STUDENTS
2353.542	2353.872	132	EACH
2353.872	2354.242	491	YEAR
2354.242	2363.822	99999	{NS}
2363.822	2363.922	99999	sp
2363.922	2364.119	99999	{NS}
2364.119	2364.479	298	ONLY
2364.479	2364.619	434	THE
2364.619	2364.95	51	BEST
2364.95	2365.441	330	PLAYERS
2365.441	2365.849	139	ENJOY
2365.849	2366.691	336	POPULARITY
2366.691	2374.849	99999	{NS}
2374.849	2374.901	99999	sp
2374.901	2376.191	99999	{NS}
2376.191	2376.331	99999	sp
2376.331	2376.929	75	CALCIUM
2376.929	2377.239	254	MAKES
2377.239	2377.669	58	BONES
2377.669	2377.901	20	AND
2377.901	2378.27	430	TEETH
2378.27	2378.34	99999	sp
2378.34	2378.929	406	STRONG
2378.929	2384.779	99999	{NS}
2384.779	2386.59	99999	{NS}
2386.59	2387.2	286	NOTHING
2387.2	2387.349	224	IS
2387.349	2387.609	34	AS
2387.609	2388.279	295	OFFENSIVE
2388.279	2388.609	34	AS
2388.609	2389.369	219	INNOCENCE
2389.369	2398.141	99999	{NS}
2398.141	2398.281	99999	{NS}
2398.281	2398.93	405	STEVE
2398.93	2399.242	490	WORE
2399.242	2399.272	1	A
2399.272	2399.68	65	BRIGHT
2399.68	2399.98	356	RED
2399.98	2400.561	78	CASHMERE
2400.561	2401.15	420	SWEATER
2401.15	2408.531	99999	{NS}
2408.531	2410.391	99999	{NS}
2410.391	2411.01	46	BARB'S
2411.01	2411.352	188	GOLD
2411.352	2411.98	63	BRACELET
2411.98	2412.162	472	WAS
2412.162	2412.242	1	A
2412.242	2413.01	193	GRADUATION
2413.01	2413.59	339	PRESENT
2413.59	2421.662	99999	{NS}
2421.662	2421.691	99999	sp
2421.691	2422.081	99999	{NS}
2422.081	2422.18	130	DRAW
2422.18	2422.561	145	EVERY
2422.561	2422.941	308	OUTER
2422.941	2423.311	244	LINE
2423.311	2423.98	156	FIRST
2423.98	2424.031	99999	sp
2424.031	2424.531	436	THEN
2424.531	2424.831	154	FILL
2424.831	2425.102	217	IN
2425.102	2425.221	434	THE
2425.221	2425.98	222	INTERIOR
2425.98	2432.641	99999	{NS}
2432.641	2434.561	99999	{NS}
2434.561	2434.7	434	THE
2434.7	2435.052	475	WATER
2435.052	2435.602	88888	CONTAIN
2435.602	2435.882	448	TOO
2435.882	2436.102	269	MUCH
2436.102	2436.691	90	CHLORINE
2436.691	2436.93	20	AND
2436.93	2437.29	409	STUNG
2437.29	2437.51	208	HIS
2437.51	2438.081	149	EYES
2438.081	2438.811	99999	{NS}
2438.811	2447.962	99999	{NS}
2447.962	2448.471	229	JOHN'S
2448.471	2448.941	66	BROTHER
2448.941	2449.581	363	REPAINTED
2449.581	2449.671	434	THE
2449.671	2450.2	173	GARAGE
2450.2	2450.662	129	DOOR
2450.662	2458.641	99999	{NS}
2458.641	2458.671	99999	sp
2458.671	2460.592	99999	{NS}
2460.592	2461.142	84	CHALLENGE
2461.142	2461.602	132	EACH
2461.602	2462.172	175	GENERAL'S
2462.172	2463.202	221	INTELLIGENCE
2463.202	2470.192	99999	{NS}
2470.192	2472.151	99999	{NS}
2472.151	2473.072	17	AMBIDEXTROUS
2473.072	2473.812	327	PICKPOCKETS
2473.812	2474.492	6	ACCOMPLISH
2474.492	2474.882	267	MORE
2474.882	2483.702	99999	{NS}
2483.702	2483.762	99999	sp
2483.762	2483.892	99999	{NS}
2483.892	2483.922	1	A
2483.922	2484.382	271	MUSCULAR
2484.382	2485.222	2	ABDOMEN
2485.222	2485.412	224	IS
2485.412	2485.651	189	GOOD
2485.651	2485.892	161	FOR
2485.892	2486.042	496	YOUR
2486.042	2486.372	43	BACK
2486.372	2487.262	99999	{NS}
2487.262	2494.992	99999	{NS}
2494.992	2495.242	99999	sp
2495.242	2495.522	438	THEY
2495.522	2495.992	317	OWN
2495.992	2496.022	1	A
2496.022	2496.232	52	BIG
2496.232	2496.772	209	HOUSE
2496.772	2496.931	217	IN
2496.931	2496.992	434	THE
2496.992	2497.401	361	REMOTE
2497.401	2498.151	109	COUNTRYSIDE
2498.151	2498.762	99999	{NS}
2498.762	2506.422	99999	{NS}
2506.422	2506.522	434	THE
2506.522	2506.962	369	ROSE
2506.962	2507.681	106	CORSAGE
2507.681	2508.262	393	SMELLED
2508.262	2508.762	421	SWEET
2508.762	2508.792	99999	sp
2508.792	2509.372	99999	{NS}
2509.372	2517.622	99999	{NS}
2517.622	2517.952	433	THAT
2517.952	2518.692	326	PICKPOCKET
2518.692	2518.852	472	WAS
2518.852	2519.162	80	CAUGHT
2519.162	2519.482	356	RED
2519.482	2519.992	199	HANDED
2519.992	2526.202	99999	{NS}
2526.202	2528.092	99999	{NS}
2528.092	2528.272	19	AN
2528.272	2528.772	9	ADULT
2528.772	2529.032	255	MALE
2529.032	2529.622	42	BABOON'S
2529.622	2530.122	430	TEETH
2530.122	2530.272	30	ARE
2530.272	2530.622	285	NOT
2530.622	2531.202	415	SUITABLE
2531.202	2531.422	161	FOR
2531.422	2531.832	135	EATING
2531.832	2532.742	376	SHELLFISH
2532.742	2539.502	99999	{NS}
2539.502	2541.192	99999	{NS}
2541.192	2541.572	204	HER
2541.572	2542.122	470	WARDROBE
2542.122	2542.812	102	CONSISTS
2542.812	2542.962	294	OF
2542.962	2543.362	298	ONLY
2543.362	2543.931	385	SKIRTS
2543.931	2544.151	20	AND
2544.151	2544.931	54	BLOUSES
2544.931	2550.102	99999	{NS}
2550.102	2550.232	99999	sp
2550.232	2556.401	99999	{NS}
2556.401	2556.502	434	THE
2556.502	2556.812	453	TWO
2556.812	2557.442	33	ARTISTS
2557.442	2558.252	147	EXCHANGED
2558.252	2559.151	39	AUTOGRAPHS
2559.151	2559.882	99999	{NS}
2559.882	2568.862	99999	{NS}
2568.862	2569.572	71	BUTTERSCOTCH
2569.572	2570.102	169	FUDGE
2570.102	2570.142	99999	sp
2570.142	2570.412	186	GOES
2570.412	2570.722	481	WELL
2570.722	2570.872	487	WITH
2570.872	2571.202	463	VANILLA
2571.202	2571.632	212	ICE
2571.632	2572.112	112	CREAM
2572.112	2572.692	99999	{NS}
2572.692	2582.651	99999	{NS}
2582.651	2582.812	99999	sp
2582.812	2583.242	366	RICH
2583.242	2583.882	349	PURCHASED
2583.882	2584.431	374	SEVERAL
2584.431	2584.842	382	SIGNED
2584.842	2585.722	245	LITHOGRAPHS
2585.722	2586.362	99999	{NS}
2586.362	2593.622	99999	{NS}
2593.622	2594.022	24	ANY
2594.022	2594.962	105	CONTRIBUTIONS
2594.962	2595.132	485	WILL
2595.132	2595.291	47	BE
2595.291	2595.781	195	GREATLY
2595.781	2596.632	28	APPRECIATED
2596.632	2603.692	99999	{NS}
2603.692	2605.692	99999	{NS}
2605.692	2605.781	434	THE
2605.781	2606.452	111	CRANBERRY
2606.452	2606.872	57	BOG
2606.872	2607.151	178	GETS
2607.151	2607.531	465	VERY
2607.531	2607.911	340	PRETTY
2607.911	2608.142	217	IN
2608.142	2608.692	40	AUTUMN
2608.692	2615.712	99999	{NS}
2615.712	2617.512	99999	{NS}
2617.512	2617.721	210	HOW
2617.721	2617.962	128	DO
2617.962	2618.522	318	OYSTERS
2618.522	2618.762	253	MAKE
2618.762	2618.772	99999	sp
2618.772	2619.392	320	PEARLS
2619.392	2620.541	99999	{NS}
2620.541	2628.502	99999	{NS}
2628.502	2628.841	257	MAY
2628.841	2628.901	211	I
2628.901	2629.341	304	ORDER
2629.341	2629.372	1	A
2629.372	2629.952	319	PARFAIT
2629.952	2630.302	10	AFTER
2630.302	2630.492	211	I
2630.492	2630.622	134	EAT
2630.622	2630.992	124	DINNER
2630.992	2635.832	99999	{NS}
2635.832	2635.982	99999	sp
2635.982	2640.962	99999	{NS}
2640.962	2641.082	99999	sp
2641.082	2641.242	224	IS
2641.242	2641.411	375	SHE
2641.411	2641.791	187	GOING
2641.791	2641.992	487	WITH
2641.992	2642.262	495	YOU
2642.262	2643.101	99999	{NS}
2643.101	2651.332	99999	{NS}
2651.332	2651.692	76	CAN
2651.692	2651.822	434	THE
2651.822	2652.462	11	AGENCY
2652.462	2653.112	315	OVERTHROW
2653.112	2653.612	13	ALIEN
2653.612	2654.272	162	FORCES
2654.272	2659.031	99999	{NS}
2659.031	2663.212	99999	{NS}
2663.212	2663.442	99999	sp
2663.442	2663.512	1	A
2663.512	2664.202	371	SCREWDRIVER
2664.202	2664.541	224	IS
2664.541	2664.901	252	MADE
2664.901	2665.161	166	FROM
2665.161	2665.502	469	VODKA
2665.502	2665.851	20	AND
2665.851	2666.312	303	ORANGE
2666.312	2666.791	230	JUICE
2666.791	2673.541	99999	{NS}
2673.541	2675.322	99999	{NS}
2675.322	2675.541	210	HOW
2675.541	2675.762	269	MUCH
2675.762	2676.302	16	ALLOWANCE
2676.302	2676.411	128	DO
2676.411	2676.622	495	YOU
2676.622	2676.982	177	GET
2676.982	2685.572	99999	{NS}
2685.572	2685.742	99999	sp
2685.742	2685.901	99999	{NS}
2685.901	2686.492	115	CYCLICAL
2686.492	2687.192	346	PROGRAMS
2687.192	2687.302	485	WILL
2687.302	2687.632	281	NEVER
2687.632	2688.291	100	COMPILE
2688.291	2694.952	99999	{NS}
2694.952	2696.892	99999	{NS}
2696.892	2697.012	434	THE
2697.012	2697.552	61	BOSTON
2697.552	2698.072	45	BALLET
2698.072	2698.791	312	OVERCAME
2698.791	2698.992	435	THEIR
2698.992	2699.392	170	FUNDING
2699.392	2700.091	380	SHORTAGE
2700.091	2708.832	99999	{NS}
2708.832	2708.992	99999	{NS}
2708.992	2709.382	145	EVERY
2709.382	2709.882	74	CAB
2709.882	2710.151	280	NEEDS
2710.151	2710.791	364	REPAINTING
2710.791	2711.341	88888	OFFEN
2711.341	2718.091	99999	{NS}
2718.091	2719.892	99999	{NS}
2719.892	2720.212	203	HELP
2720.212	2720.632	196	GREG
2720.632	2720.642	99999	sp
2720.642	2720.851	446	TO
2720.851	2721.122	325	PICK
2721.122	2721.272	1	A
2721.272	2721.582	321	PECK
2721.582	2721.721	294	OF
2721.721	2722.442	338	POTATOES
2722.442	2729.422	99999	{NS}
2729.422	2731.072	99999	{NS}
2731.072	2731.281	99999	sp
2731.281	2731.462	476	WE
2731.462	2731.742	241	LIKE
2731.742	2731.971	55	BLUE
2731.971	2732.562	88	CHEESE
2732.562	2732.932	70	BUT
2732.932	2733.262	466	VICTOR
2733.262	2733.651	242	LIKES
2733.651	2734.062	64	BRIE
2734.062	2742.892	99999	{NS}
2742.892	2743.041	99999	{NS}
2743.041	2743.351	108	COUNT
2743.351	2743.442	434	THE
2743.442	2743.762	289	NUMBER
2743.762	2743.862	294	OF
2743.862	2744.442	429	TEASPOONS
2744.442	2744.512	294	OF
2744.512	2745.151	395	SOYSAUCE
2745.151	2745.312	433	THAT
2745.312	2745.502	495	YOU
2745.502	2745.841	7	ADD
2745.841	2750.372	99999	{NS}
2750.372	2750.541	99999	sp
2750.541	2756.392	99999	{NS}
2756.392	2756.512	99999	sp
2756.512	2757.221	44	BAGPIPES
2757.221	2757.432	20	AND
2757.432	2758.031	59	BONGOS
2758.031	2758.151	30	ARE
2758.151	2758.712	273	MUSICAL
2758.712	2759.622	220	INSTRUMENTS
2759.622	2760.122	99999	{NS}
2760.122	2766.552	99999	{NS}
2766.552	2766.832	210	HOW
2766.832	2767.192	189	GOOD
2767.192	2767.411	224	IS
2767.411	2767.531	496	YOUR
2767.531	2768.392	138	ENDURANCE
2768.392	2779.041	99999	{NS}
2779.041	2779.862	99999	{NS}
2779.862	2791.952	99999	{NS}
2791.952	2791.971	99999	sp
2791.971	2792.112	30	ARE
2792.112	2792.302	496	YOUR
2792.302	2792.682	192	GRADES
2792.682	2792.721	99999	sp
2792.721	2793.172	206	HIGHER
2793.172	2793.372	302	OR
2793.372	2793.822	251	LOWER
2793.822	2794.012	432	THAN
2794.012	2794.812	275	NANCY'S
2794.812	2802.022	99999	{NS}
2802.022	2803.742	99999	{NS}
2803.742	2803.892	99999	sp
2803.892	2804.182	375	SHE
2804.182	2804.442	490	WORE
2804.442	2804.901	471	WARM
2804.901	2805.482	158	FLEECY
2805.482	2805.932	489	WOOLEN
2805.932	2806.781	311	OVERALLS
2806.781	2813.702	99999	{NS}
2813.702	2815.502	99999	{NS}
2815.502	2815.541	99999	sp
2815.541	2816.012	354	READING
2816.012	2816.312	217	IN
2816.312	2816.341	99999	sp
2816.341	2816.552	335	POOR
2816.552	2816.862	240	LIGHT
2816.862	2817.242	181	GIVES
2817.242	2817.452	495	YOU
2817.452	2818.272	150	EYESTRAIN
2818.272	2826.452	99999	{NS}
2826.452	2826.661	99999	{NS}
2826.661	2826.942	142	EVEN
2826.942	2827.221	211	I
2827.221	2828.031	293	OCCASIONALLY
2828.031	2828.262	177	GET
2828.262	2828.351	434	THE
2828.351	2828.752	265	MONDAY
2828.752	2829.302	56	BLUES
2829.302	2836.281	99999	{NS}
2836.281	2838.112	99999	{NS}
2838.112	2838.312	476	WE
2838.312	2838.492	30	ARE
2838.492	2838.872	301	OPEN
2838.872	2839.332	145	EVERY
2839.332	2839.692	265	MONDAY
2839.692	2840.382	143	EVENING
2840.382	2848.62	99999	{NS}
2848.62	2848.832	99999	{NS}
2848.832	2849.101	226	IT'S
2849.101	2849.37	285	NOT
2849.37	2849.76	133	EASY
2849.76	2849.892	446	TO
2849.892	2850.37	113	CREATE
2850.37	2851.172	215	ILLUMINATING
2851.172	2852.072	146	EXAMPLES
2852.072	2860.772	99999	{NS}
2860.772	2861.312	99999	{NS}
2861.312	2861.38	99999	sp
2861.38	2861.802	270	MUM
2861.802	2862.422	407	STRONGLY
2862.422	2863.082	126	DISLIKES
2863.082	2864.13	27	APPETIZERS
2864.13	2870.721	99999	{NS}
2870.721	2872.462	99999	{NS}
2872.462	2872.591	99999	sp
2872.591	2873.052	443	THOSE
2873.052	2873.091	99999	sp
2873.091	2873.221	484	WHO
2873.221	2873.591	427	TEACH
2873.591	2874.312	462	VALUES
2874.312	2874.351	99999	sp
2874.351	2874.861	156	FIRST
2874.861	2875.462	4	ABOLISH
2875.462	2876.052	87	CHEATING
2876.052	2883.471	99999	{NS}
2883.471	2885.322	99999	{NS}
2885.322	2885.49	99999	sp
2885.49	2885.642	434	THE
2885.642	2886.192	165	FRIGHTENED
2886.192	2886.692	89	CHILD
2886.692	2887.082	472	WAS
2887.082	2887.452	176	GENTLY
2887.452	2888.091	410	SUBDUED
2888.091	2888.322	73	BY
2888.322	2888.542	208	HIS
2888.542	2888.75	52	BIG
2888.75	2889.2309999999998	66	BROTHER
2889.2309999999998	2899.922	99999	{NS}
2899.922	2900.142	99999	{NS}
2900.142	2900.462	142	EVEN
2900.462	2900.572	1	A
2900.572	2901.062	383	SIMPLE
2901.062	2901.922	468	VOCABULARY
2901.922	2902.452	104	CONTAINS
2902.452	2903.13	422	SYMBOLS
2903.13	2903.75	99999	{NS}
2903.75	2911.682	99999	{NS}
2911.682	2911.832	1	A
2911.832	2912.26	110	CRAB
2912.26	2912.902	85	CHALLENGED
2912.902	2913.192	258	ME
2913.192	2913.452	99999	sp
2913.452	2913.63	70	BUT
2913.63	2913.672	1	A
2913.672	2913.962	350	QUICK
2913.962	2915.0	402	STAB
2915.0	2915.382	88888	TIM
2915.382	2922.722	99999	sp
2922.722	2924.429	99999	{NS}
2924.429	2924.691	99999	sp
2924.691	2925.259	183	GLUCOSE
2925.259	2925.509	20	AND
2925.509	2926.162	167	FRUCTOSE
2926.162	2926.319	30	ARE
2926.319	2926.819	276	NATURAL
2926.819	2927.38	414	SUGARS
2927.38	2927.412	99999	sp
2927.412	2927.809	163	FOUND
2927.809	2928.009	217	IN
2928.009	2928.521	168	FRUIT
2928.521	2937.752	99999	{NS}
2937.752	2937.992	99999	{NS}
2937.992	2938.021	30	ARE
2938.021	2938.181	495	YOU
2938.181	2938.521	250	LOOKING
2938.521	2938.752	161	FOR
2938.752	2939.412	88888	EMPLOYMEN
2939.412	2940.642	99999	{NS}
2940.642	2947.599	99999	{NS}
2947.599	2947.659	99999	sp
2947.659	2947.989	98	COFFEE
2947.989	2948.401	224	IS
2948.401	2948.822	198	GROWN
2948.822	2949.059	297	ON
2949.059	2949.539	404	STEEP
2949.539	2949.989	231	JUNGLE
2949.989	2950.261	241	LIKE
2950.261	2950.77	390	SLOPES
2950.77	2950.989	217	IN
2950.989	2951.45	431	TEMPERATE
2951.45	2951.962	497	ZONES
2951.962	2960.059	99999	{NS}
2960.059	2960.109	99999	sp
2960.109	2961.752	99999	{NS}
2961.752	2961.919	99999	sp
2961.919	2962.119	476	WE
2962.119	2962.52	480	WELCOME
2962.52	2962.799	256	MANY
2962.799	2963.099	282	NEW
2963.099	2963.669	408	STUDENTS
2963.669	2964.039	132	EACH
2964.039	2964.45	491	YEAR
2964.45	2965.719	99999	{NS}
2965.719	2973.289	99999	{NS}
2973.289	2973.679	298	ONLY
2973.679	2973.799	434	THE
2973.799	2974.179	51	BEST
2974.179	2974.712	330	PLAYERS
2974.712	2975.2	139	ENJOY
2975.2	2976.142	336	POPULARITY
2976.142	2984.12	99999	{NS}
2984.12	2984.272	99999	{NS}
2984.272	2984.802	75	CALCIUM
2984.802	2985.111	254	MAKES
2985.111	2985.59	58	BONES
2985.59	2985.822	20	AND
2985.822	2986.2	430	TEETH
2986.2	2986.251	99999	sp
2986.251	2986.811	406	STRONG
2986.811	2987.441	99999	{NS}
2987.441	2987.62	99999	sp
2987.62	2995.031	99999	{NS}
2995.031	2995.141	99999	sp
2995.141	2995.721	286	NOTHING
2995.721	2995.95	224	IS
2995.95	2996.221	34	AS
2996.221	2996.962	295	OFFENSIVE
2996.962	2997.302	34	AS
2997.302	2998.132	219	INNOCENCE
2998.132	3005.781	99999	{NS}
3005.781	3005.87	99999	sp
3005.87	3007.76	99999	{NS}
3007.76	3008.361	405	STEVE
3008.361	3008.382	99999	sp
3008.382	3008.751	490	WORE
3008.751	3008.84	1	A
3008.84	3009.281	65	BRIGHT
3009.281	3009.602	356	RED
3009.602	3010.281	78	CASHMERE
3010.281	3010.822	420	SWEATER
3010.822	3013.581	99999	{NS}
3013.581	3013.802	99999	sp
3013.802	3019.73	99999	{NS}
3019.73	3019.76	99999	sp
3019.76	3020.23	46	BARB'S
3020.23	3020.611	188	GOLD
3020.611	3021.281	63	BRACELET
3021.281	3021.43	472	WAS
3021.43	3021.492	1	A
3021.492	3022.23	193	GRADUATION
3022.23	3022.671	339	PRESENT
3022.671	3032.26	99999	{NS}
3032.26	3032.51	99999	{NS}
3032.51	3032.602	130	DRAW
3032.602	3032.992	145	EVERY
3032.992	3033.322	308	OUTER
3033.322	3033.7	244	LINE
3033.7	3034.361	156	FIRST
3034.361	3034.51	99999	sp
3034.51	3034.992	436	THEN
3034.992	3035.311	154	FILL
3035.311	3035.572	217	IN
3035.572	3035.662	434	THE
3035.662	3036.4	222	INTERIOR
3036.4	3046.232	99999	{NS}
3046.232	3046.302	99999	sp
3046.302	3046.452	99999	{NS}
3046.452	3046.612	434	THE
3046.612	3046.912	475	WATER
3046.912	3047.651	103	CONTAINED
3047.651	3047.962	448	TOO
3047.962	3048.192	269	MUCH
3048.192	3048.812	90	CHLORINE
3048.812	3048.992	20	AND
3048.992	3049.352	409	STUNG
3049.352	3049.612	208	HIS
3049.612	3050.172	149	EYES
3050.172	3057.622	99999	{NS}
3057.622	3057.662	99999	sp
3057.662	3059.452	99999	{NS}
3059.452	3059.982	229	JOHN'S
3059.982	3060.422	66	BROTHER
3060.422	3061.052	363	REPAINTED
3061.052	3061.151	434	THE
3061.151	3061.692	173	GARAGE
3061.692	3062.122	129	DOOR
3062.122	3068.602	99999	{NS}
3068.602	3070.262	99999	{NS}
3070.262	3070.362	99999	sp
3070.362	3070.882	84	CHALLENGE
3070.882	3071.262	132	EACH
3071.262	3071.822	175	GENERAL'S
3071.822	3072.842	221	INTELLIGENCE
3072.842	3077.762	99999	{NS}
3077.762	3078.002	99999	sp
3078.002	3080.842	99999	{NS}
3080.842	3081.782	17	AMBIDEXTROUS
3081.782	3082.552	327	PICKPOCKETS
3082.552	3083.242	6	ACCOMPLISH
3083.242	3083.622	267	MORE
3083.622	3091.962	99999	{NS}
3091.962	3092.102	99999	{NS}
3092.102	3092.132	1	A
3092.132	3092.622	271	MUSCULAR
3092.622	3093.282	2	ABDOMEN
3093.282	3093.542	224	IS
3093.542	3093.802	189	GOOD
3093.802	3094.022	161	FOR
3094.022	3094.192	496	YOUR
3094.192	3094.532	43	BACK
3094.532	3095.431	99999	{NS}
3095.431	3102.992	99999	{NS}
3102.992	3103.232	438	THEY
3103.232	3103.532	317	OWN
3103.532	3103.662	1	A
3103.662	3103.912	52	BIG
3103.912	3103.922	99999	sp
3103.922	3104.401	209	HOUSE
3104.401	3104.592	217	IN
3104.592	3104.662	434	THE
3104.662	3105.072	361	REMOTE
3105.072	3105.822	109	COUNTRYSIDE
3105.822	3113.212	99999	{NS}
3113.212	3114.782	99999	{NS}
3114.782	3115.032	99999	sp
3115.032	3115.172	434	THE
3115.172	3115.602	369	ROSE
3115.602	3116.292	106	CORSAGE
3116.292	3116.752	393	SMELLED
3116.752	3117.222	421	SWEET
3117.222	3123.222	99999	{NS}
3123.222	3125.012	99999	{NS}
3125.012	3125.492	433	THAT
3125.492	3126.172	326	PICKPOCKET
3126.172	3126.342	472	WAS
3126.342	3126.681	80	CAUGHT
3126.681	3126.952	356	RED
3126.952	3127.442	199	HANDED
3127.442	3128.412	99999	{NS}
3128.412	3135.882	99999	{NS}
3135.882	3136.052	19	AN
3136.052	3136.542	9	ADULT
3136.542	3136.812	255	MALE
3136.812	3137.342	42	BABOON'S
3137.342	3137.392	99999	sp
3137.392	3137.882	430	TEETH
3137.882	3138.042	30	ARE
3138.042	3138.362	285	NOT
3138.362	3138.931	415	SUITABLE
3138.931	3139.102	161	FOR
3139.102	3139.572	135	EATING
3139.572	3140.362	376	SHELLFISH
3140.362	3141.062	99999	{NS}
3141.062	3150.282	99999	{NS}
3150.282	3150.512	204	HER
3150.512	3151.112	470	WARDROBE
3151.112	3151.782	102	CONSISTS
3151.782	3151.992	294	OF
3151.992	3152.362	298	ONLY
3152.362	3152.931	385	SKIRTS
3152.931	3153.162	20	AND
3153.162	3153.862	54	BLOUSES
3153.862	3158.812	99999	{NS}
3158.812	3159.252	99999	sp
3159.252	3162.912	99999	{NS}
3162.912	3163.022	434	THE
3163.022	3163.332	453	TWO
3163.332	3163.892	33	ARTISTS
3163.892	3164.712	147	EXCHANGED
3164.712	3165.252	88888	PHOTO
3165.252	3165.602	99999	sp
3165.602	3166.132	88888	GRAPHS
3166.132	3174.832	99999	{NS}
3174.832	3174.922	99999	sp
3174.922	3175.082	99999	{NS}
3175.082	3175.822	71	BUTTERSCOTCH
3175.822	3176.252	169	FUDGE
3176.252	3176.512	186	GOES
3176.512	3176.832	481	WELL
3176.832	3176.982	487	WITH
3176.982	3177.272	463	VANILLA
3177.272	3177.682	212	ICE
3177.682	3178.072	112	CREAM
3178.072	3185.281	99999	{NS}
3185.281	3185.341	99999	sp
3185.341	3187.072	99999	{NS}
3187.072	3187.242	99999	sp
3187.242	3187.642	366	RICH
3187.642	3188.132	349	PURCHASED
3188.132	3188.632	374	SEVERAL
3188.632	3189.082	382	SIGNED
3189.082	3189.992	245	LITHOGRAPHS
3189.992	3196.202	99999	{NS}
3196.202	3196.262	99999	sp
3196.262	3197.732	99999	{NS}
3197.732	3198.022	99999	sp
3198.022	3198.401	24	ANY
3198.401	3199.272	105	CONTRIBUTIONS
3199.272	3199.422	485	WILL
3199.422	3199.582	47	BE
3199.582	3200.101	195	GREATLY
3200.101	3201.072	28	APPRECIATED
3201.072	3201.732	99999	{NS}
3201.732	3209.802	99999	{NS}
3209.802	3210.052	99999	sp
3210.052	3210.192	434	THE
3210.192	3210.791	111	CRANBERRY
3210.791	3211.212	57	BOG
3211.212	3211.291	99999	sp
3211.291	3211.582	178	GETS
3211.582	3211.901	465	VERY
3211.901	3212.161	340	PRETTY
3212.161	3212.512	217	IN
3212.512	3213.012	40	AUTUMN
3213.012	3219.281	99999	{NS}
3219.281	3221.101	99999	{NS}
3221.101	3221.302	210	HOW
3221.302	3221.552	128	DO
3221.552	3222.072	318	OYSTERS
3222.072	3222.302	253	MAKE
3222.302	3222.312	99999	sp
3222.312	3222.971	320	PEARLS
3222.971	3227.772	99999	{NS}
3227.772	3231.052	99999	{NS}
3231.052	3231.101	99999	sp
3231.101	3231.462	257	MAY
3231.462	3231.492	211	I
3231.492	3231.882	304	ORDER
3231.882	3231.911	1	A
3231.911	3232.432	319	PARFAIT
3232.432	3232.752	10	AFTER
3232.752	3232.932	211	I
3232.932	3233.062	134	EAT
3233.062	3233.362	124	DINNER
3233.362	3234.512	99999	{NS}
3234.512	3242.272	99999	{NS}
3242.272	3242.401	224	IS
3242.401	3242.582	375	SHE
3242.582	3242.901	187	GOING
3242.901	3243.101	487	WITH
3243.101	3243.362	495	YOU
3243.362	3248.791	99999	{NS}
3248.791	3250.492	99999	{NS}
3250.492	3250.601	99999	sp
3250.601	3250.892	76	CAN
3250.892	3250.982	434	THE
3250.982	3251.661	11	AGENCY
3251.661	3252.312	315	OVERTHROW
3252.312	3252.851	13	ALIEN
3252.851	3253.541	162	FORCES
3253.541	3260.372	99999	{NS}
3260.372	3261.971	99999	{NS}
3261.971	3262.242	99999	sp
3262.242	3262.322	1	A
3262.322	3262.971	371	SCREWDRIVER
3262.971	3263.341	224	IS
3263.341	3263.672	252	MADE
3263.672	3263.892	166	FROM
3263.892	3264.252	469	VODKA
3264.252	3264.601	20	AND
3264.601	3264.952	303	ORANGE
3264.952	3265.522	230	JUICE
3265.522	3266.281	99999	{NS}
3266.281	3274.442	99999	{NS}
3274.442	3274.572	99999	sp
3274.572	3274.802	210	HOW
3274.802	3275.031	269	MUCH
3275.031	3275.622	16	ALLOWANCE
3275.622	3275.742	128	DO
3275.742	3275.952	495	YOU
3275.952	3276.291	177	GET
3276.291	3279.101	99999	{NS}
3279.101	3280.101	99999	sp
3280.101	3284.471	99999	{NS}
3284.471	3285.072	115	CYCLICAL
3285.072	3285.742	346	PROGRAMS
3285.742	3285.862	485	WILL
3285.862	3286.192	281	NEVER
3286.192	3286.841	100	COMPILE
3286.841	3287.452	99999	{NS}
3287.452	3294.572	99999	{NS}
3294.572	3294.682	99999	sp
3294.682	3294.802	434	THE
3294.802	3295.341	61	BOSTON
3295.341	3295.862	45	BALLET
3295.862	3296.572	312	OVERCAME
3296.572	3296.721	435	THEIR
3296.721	3297.132	170	FUNDING
3297.132	3297.862	380	SHORTAGE
3297.862	3307.022	99999	{NS}
3307.022	3307.132	99999	{NS}
3307.132	3307.512	145	EVERY
3307.512	3307.922	74	CAB
3307.922	3308.212	280	NEEDS
3308.212	3308.851	364	REPAINTING
3308.851	3309.401	88888	OFFEN
3309.401	3313.832	99999	{NS}
3313.832	3313.932	99999	sp
3313.932	3317.791	99999	{NS}
3317.791	3318.112	203	HELP
3318.112	3318.502	196	GREG
3318.502	3318.512	99999	sp
3318.512	3318.682	446	TO
3318.682	3318.971	325	PICK
3318.971	3319.091	1	A
3319.091	3319.372	321	PECK
3319.372	3319.471	294	OF
3319.471	3320.232	338	POTATOES
3320.232	3326.272	99999	{NS}
3326.272	3328.052	99999	{NS}
3328.052	3328.252	476	WE
3328.252	3328.562	241	LIKE
3328.562	3328.772	55	BLUE
3328.772	3329.341	88	CHEESE
3329.341	3329.572	70	BUT
3329.572	3329.901	466	VICTOR
3329.901	3330.322	242	LIKES
3330.322	3330.752	64	BRIE
3330.752	3337.291	99999	{NS}
3337.291	3339.291	99999	{NS}
3339.291	3339.622	108	COUNT
3339.622	3339.752	434	THE
3339.752	3340.161	289	NUMBER
3340.161	3340.242	294	OF
3340.242	3340.901	429	TEASPOONS
3340.901	3340.982	294	OF
3340.982	3341.651	395	SOYSAUCE
3341.651	3341.772	433	THAT
3341.772	3341.982	495	YOU
3341.982	3342.332	7	ADD
3342.332	3343.182	99999	{NS}
3343.182	3351.512	99999	{NS}
3351.512	3352.151	44	BAGPIPES
3352.151	3352.401	20	AND
3352.401	3353.031	59	BONGOS
3353.031	3353.151	30	ARE
3353.151	3353.742	273	MUSICAL
3353.742	3354.661	220	INSTRUMENTS
3354.661	3361.992	99999	{NS}
3361.992	3362.022	99999	sp
3362.022	3363.851	99999	{NS}
3363.851	3364.161	210	HOW
3364.161	3364.492	189	GOOD
3364.492	3364.712	224	IS
3364.712	3364.882	496	YOUR
3364.882	3365.672	138	ENDURANCE
3365.672	3376.971	99999	{NS}
3376.971	3377.062	99999	sp
3377.062	3381.101	99999	{NS}
3381.101	3381.212	30	ARE
3381.212	3381.382	496	YOUR
3381.382	3381.762	192	GRADES
3381.762	3382.182	206	HIGHER
3382.182	3382.372	302	OR
3382.372	3382.781	251	LOWER
3382.781	3382.942	432	THAN
3382.942	3383.772	275	NANCY'S
3383.772	3384.312	99999	{NS}
3384.312	3392.531	99999	{NS}
3392.531	3392.791	375	SHE
3392.791	3393.082	490	WORE
3393.082	3393.562	471	WARM
3393.562	3394.122	158	FLEECY
3394.122	3394.522	489	WOOLEN
3394.522	3395.432	311	OVERALLS
3395.432	3402.072	99999	{NS}
3402.072	3402.172	99999	sp
3402.172	3403.762	99999	{NS}
3403.762	3403.911	99999	sp
3403.911	3404.392	354	READING
3404.392	3404.622	217	IN
3404.622	3404.642	99999	sp
3404.642	3404.882	335	POOR
3404.882	3405.172	240	LIGHT
3405.172	3405.522	181	GIVES
3405.522	3405.672	495	YOU
3405.672	3406.531	150	EYESTRAIN
3406.531	3414.022	99999	{NS}
3414.022	3414.192	99999	{NS}
3414.192	3414.462	142	EVEN
3414.462	3414.752	211	I
3414.752	3415.492	293	OCCASIONALLY
3415.492	3415.692	177	GET
3415.692	3415.791	434	THE
3415.791	3416.151	265	MONDAY
3416.151	3416.721	56	BLUES
3416.721	3417.531	99999	{NS}
3417.531	3424.872	99999	{NS}
3424.872	3425.022	476	WE
3425.022	3425.232	30	ARE
3425.232	3425.552	301	OPEN
3425.552	3425.992	145	EVERY
3425.992	3426.392	265	MONDAY
3426.392	3426.982	143	EVENING
3426.982	3433.822	99999	{NS}
3433.822	3435.4120000000003	99999	{NS}
3435.4120000000003	3435.652	99999	sp
3435.652	3435.932	226	IT'S
3435.932	3436.24	285	NOT
3436.24	3436.63	133	EASY
3436.63	3436.772	446	TO
3436.772	3437.221	113	CREATE
3437.221	3438.12	215	ILLUMINATING
3438.12	3438.932	146	EXAMPLES
3438.932	3445.51	99999	{NS}
3445.51	3447.24	99999	{NS}
3447.24	3447.62	270	MUM
3447.62	3448.26	407	STRONGLY
3448.26	3448.9120000000003	126	DISLIKES
3448.9120000000003	3449.932	27	APPETIZERS
3449.932	3456.892	99999	{NS}
3456.892	3458.582	99999	{NS}
3458.582	3458.62	99999	sp
3458.62	3459.082	443	THOSE
3459.082	3459.221	484	WHO
3459.221	3459.572	427	TEACH
3459.572	3460.24	462	VALUES
3460.24	3460.601	156	FIRST
3460.601	3461.221	4	ABOLISH
3461.221	3461.75	87	CHEATING
3461.75	3469.351	99999	{NS}
3469.351	3471.182	99999	{NS}
3471.182	3471.312	434	THE
3471.312	3471.792	165	FRIGHTENED
3471.792	3472.302	89	CHILD
3472.302	3472.51	472	WAS
3472.51	3472.851	176	GENTLY
3472.851	3473.422	410	SUBDUED
3473.422	3473.642	73	BY
3473.642	3473.851	208	HIS
3473.851	3474.062	52	BIG
3474.062	3474.572	66	BROTHER
3474.572	3483.202	99999	{NS}
3483.202	3483.38	99999	{NS}
3483.38	3483.7309999999998	142	EVEN
3483.7309999999998	3483.802	1	A
3483.802	3484.312	383	SIMPLE
3484.312	3485.221	468	VOCABULARY
3485.221	3485.802	104	CONTAINS
3485.802	3486.642	422	SYMBOLS
3486.642	3494.072	99999	{NS}
3494.072	3494.13	99999	sp
3494.13	3495.922	99999	{NS}
3495.922	3496.062	1	A
3496.062	3496.471	110	CRAB
3496.471	3498.0	85	CHALLENGED
3498.0	3498.502	402	STAB
3498.502	3499.421	207	HIM
3499.421	3500.179	99999	{NS}
3500.179	3507.339	99999	{NS}
3507.339	3507.669	99999	sp
3507.669	3508.271	183	GLUCOSE
3508.271	3508.502	20	AND
3508.502	3509.199	167	FRUCTOSE
3509.199	3509.339	30	ARE
3509.339	3509.789	276	NATURAL
3509.789	3510.399	414	SUGARS
3510.399	3510.832	163	FOUND
3510.832	3511.002	217	IN
3511.002	3511.559	168	FRUIT
3511.559	3519.412	99999	{NS}
3519.412	3519.642	99999	{NS}
3519.642	3519.672	30	ARE
3519.672	3519.802	495	YOU
3519.802	3520.181	250	LOOKING
3520.181	3520.431	161	FOR
3520.431	3521.072	88888	EMPLOYMEN
3521.072	3529.052	99999	{NS}
3529.052	3529.122	99999	sp
3529.122	3530.979	99999	{NS}
3530.979	3531.38	98	COFFEE
3531.38	3531.761	224	IS
3531.761	3532.179	198	GROWN
3532.179	3532.419	297	ON
3532.419	3532.919	404	STEEP
3532.919	3532.929	99999	sp
3532.929	3533.392	231	JUNGLE
3533.392	3533.619	241	LIKE
3533.619	3534.151	390	SLOPES
3534.151	3534.38	217	IN
3534.38	3534.909	431	TEMPERATE
3534.909	3535.599	497	ZONES
3535.599	3538.669	99999	{NS}
3538.669	3544.401	99999	{NS}
3544.401	3544.619	99999	sp
3544.619	3544.84	476	WE
3544.84	3545.229	480	WELCOME
3545.229	3545.52	256	MANY
3545.52	3545.712	282	NEW
3545.712	3546.369	408	STUDENTS
3546.369	3546.789	132	EACH
3546.789	3547.219	491	YEAR
3547.219	3557.322	99999	{NS}
3557.322	3557.429	99999	sp
3557.429	3557.559	99999	{NS}
3557.559	3557.969	298	ONLY
3557.969	3558.072	434	THE
3558.072	3558.462	51	BEST
3558.462	3558.929	330	PLAYERS
3558.929	3559.392	139	ENJOY
3559.392	3560.289	336	POPULARITY
3560.289	3560.779	99999	{NS}
3560.779	3560.84	99999	sp
3560.84	3568.712	99999	{NS}
3568.712	3569.352	75	CALCIUM
3569.352	3569.611	254	MAKES
3569.611	3570.12	58	BONES
3570.12	3570.37	20	AND
3570.37	3570.742	430	TEETH
3570.742	3570.802	99999	sp
3570.802	3571.421	406	STRONG
3571.421	3572.18	99999	{NS}
3572.18	3579.281	99999	{NS}
3579.281	3579.772	286	NOTHING
3579.772	3580.052	224	IS
3580.052	3580.331	34	AS
3580.331	3581.052	295	OFFENSIVE
3581.052	3581.37	34	AS
3581.37	3582.162	219	INNOCENCE
3582.162	3587.861	99999	{NS}
3587.861	3587.93	99999	sp
3587.93	3591.001	99999	{NS}
3591.001	3591.632	405	STEVE
3591.632	3591.941	490	WORE
3591.941	3591.971	1	A
3591.971	3592.43	65	BRIGHT
3592.43	3592.662	356	RED
3592.662	3593.251	78	CASHMERE
3593.251	3593.831	420	SWEATER
3593.831	3594.441	99999	{NS}
3594.441	3602.98	99999	{NS}
3602.98	3603.441	46	BARB'S
3603.441	3603.751	188	GOLD
3603.751	3604.37	63	BRACELET
3604.37	3604.522	472	WAS
3604.522	3604.59	1	A
3604.59	3605.311	193	GRADUATION
3605.311	3605.9	339	PRESENT
3605.9	3614.04	99999	{NS}
3614.04	3614.221	99999	sp
3614.221	3614.552	99999	{NS}
3614.552	3614.641	130	DRAW
3614.641	3615.031	145	EVERY
3615.031	3615.34	308	OUTER
3615.34	3615.68	244	LINE
3615.68	3616.34	156	FIRST
3616.34	3616.751	436	THEN
3616.751	3617.031	154	FILL
3617.031	3617.29	217	IN
3617.29	3617.4	434	THE
3617.4	3618.132	222	INTERIOR
3618.132	3624.391	99999	{NS}
3624.391	3626.492	99999	{NS}
3626.492	3626.602	434	THE
3626.602	3626.962	475	WATER
3626.962	3627.552	88888	CONTAIN
3627.552	3627.852	448	TOO
3627.852	3628.102	269	MUCH
3628.102	3628.702	90	CHLORINE
3628.702	3628.912	20	AND
3628.912	3629.342	409	STUNG
3629.342	3629.552	208	HIS
3629.552	3630.132	149	EYES
3630.132	3630.912	99999	{NS}
3630.912	3639.592	99999	{NS}
3639.592	3640.002	99999	sp
3640.002	3640.462	229	JOHN'S
3640.462	3640.852	66	BROTHER
3640.852	3641.532	363	REPAINTED
3641.532	3641.632	434	THE
3641.632	3642.202	173	GARAGE
3642.202	3642.642	129	DOOR
3642.642	3643.372	99999	{NS}
3643.372	3652.672	99999	{NS}
3652.672	3653.162	84	CHALLENGE
3653.162	3653.552	132	EACH
3653.552	3654.132	175	GENERAL'S
3654.132	3655.212	221	INTELLIGENCE
3655.212	3665.102	99999	{NS}
3665.102	3665.151	99999	sp
3665.151	3665.332	99999	{NS}
3665.332	3666.172	17	AMBIDEXTROUS
3666.172	3666.931	327	PICKPOCKETS
3666.931	3667.702	6	ACCOMPLISH
3667.702	3668.112	267	MORE
3668.112	3676.422	99999	{NS}
3676.422	3676.622	99999	{NS}
3676.622	3676.651	1	A
3676.651	3677.132	271	MUSCULAR
3677.132	3677.822	2	ABDOMEN
3677.822	3678.072	224	IS
3678.072	3678.362	189	GOOD
3678.362	3678.592	161	FOR
3678.592	3678.752	496	YOUR
3678.752	3679.122	43	BACK
3679.122	3680.022	99999	{NS}
3680.022	3680.052	99999	sp
3680.052	3688.632	99999	{NS}
3688.632	3688.752	99999	sp
3688.752	3689.022	438	THEY
3689.022	3689.422	317	OWN
3689.422	3689.532	1	A
3689.532	3689.782	52	BIG
3689.782	3690.272	209	HOUSE
3690.272	3690.462	217	IN
3690.462	3690.532	434	THE
3690.532	3690.952	361	REMOTE
3690.952	3691.752	109	COUNTRYSIDE
3691.752	3692.762	99999	{NS}
3692.762	3692.792	99999	sp
3692.792	3701.212	99999	{NS}
3701.212	3701.482	99999	sp
3701.482	3701.592	434	THE
3701.592	3702.032	369	ROSE
3702.032	3702.722	106	CORSAGE
3702.722	3703.222	393	SMELLED
3703.222	3703.742	421	SWEET
3703.742	3704.292	99999	{NS}
3704.292	3712.832	99999	{NS}
3712.832	3713.002	99999	sp
3713.002	3713.372	433	THAT
3713.372	3714.092	326	PICKPOCKET
3714.092	3714.262	472	WAS
3714.262	3714.572	80	CAUGHT
3714.572	3714.792	356	RED
3714.792	3715.272	199	HANDED
3715.272	3722.072	99999	{NS}
3722.072	3723.942	99999	{NS}
3723.942	3724.012	99999	sp
3724.012	3724.192	19	AN
3724.192	3724.662	9	ADULT
3724.662	3724.901	255	MALE
3724.901	3725.492	42	BABOON'S
3725.492	3725.852	430	TEETH
3725.852	3726.032	30	ARE
3726.032	3726.342	285	NOT
3726.342	3726.952	415	SUITABLE
3726.952	3727.172	161	FOR
3727.172	3727.612	135	EATING
3727.612	3728.422	376	SHELLFISH
3728.422	3731.401	99999	{NS}
3731.401	3731.472	99999	sp
3731.472	3736.532	99999	{NS}
3736.532	3736.792	204	HER
3736.792	3737.322	470	WARDROBE
3737.322	3737.342	99999	sp
3737.342	3737.972	102	CONSISTS
3737.972	3738.181	294	OF
3738.181	3738.562	298	ONLY
3738.562	3739.192	385	SKIRTS
3739.192	3739.452	20	AND
3739.452	3740.192	54	BLOUSES
3740.192	3741.002	99999	{NS}
3741.002	3750.422	99999	{NS}
3750.422	3750.552	434	THE
3750.552	3750.862	453	TWO
3750.862	3751.462	33	ARTISTS
3751.462	3752.292	147	EXCHANGED
3752.292	3752.312	99999	sp
3752.312	3753.202	39	AUTOGRAPHS
3753.202	3761.721	99999	{NS}
3761.721	3763.531	99999	{NS}
3763.531	3764.232	71	BUTTERSCOTCH
3764.232	3764.291	99999	sp
3764.291	3764.742	169	FUDGE
3764.742	3765.002	186	GOES
3765.002	3765.302	481	WELL
3765.302	3765.432	487	WITH
3765.432	3765.462	99999	sp
3765.462	3765.762	463	VANILLA
3765.762	3766.212	212	ICE
3766.212	3766.672	112	CREAM
3766.672	3767.651	99999	{NS}
3767.651	3777.492	99999	{NS}
3777.492	3777.582	99999	sp
3777.582	3778.022	366	RICH
3778.022	3778.522	349	PURCHASED
3778.522	3779.002	374	SEVERAL
3779.002	3779.411	382	SIGNED
3779.411	3780.302	245	LITHOGRAPHS
3780.302	3787.942	99999	{NS}
3787.942	3787.962	99999	sp
3787.962	3789.781	99999	{NS}
3789.781	3790.161	24	ANY
3790.161	3791.031	105	CONTRIBUTIONS
3791.031	3791.182	485	WILL
3791.182	3791.382	47	BE
3791.382	3791.851	195	GREATLY
3791.851	3792.651	28	APPRECIATED
3792.651	3793.642	99999	{NS}
3793.642	3801.432	99999	{NS}
3801.432	3801.531	434	THE
3801.531	3802.172	111	CRANBERRY
3802.172	3802.541	57	BOG
3802.541	3802.612	99999	sp
3802.612	3802.932	178	GETS
3802.932	3803.291	465	VERY
3803.291	3803.672	340	PRETTY
3803.672	3803.911	217	IN
3803.911	3804.432	40	AUTUMN
3804.432	3805.541	99999	{NS}
3805.541	3813.291	99999	{NS}
3813.291	3813.512	210	HOW
3813.512	3813.772	128	DO
3813.772	3814.291	318	OYSTERS
3814.291	3814.512	253	MAKE
3814.512	3815.132	320	PEARLS
3815.132	3820.091	99999	{NS}
3820.091	3820.182	99999	sp
3820.182	3824.601	99999	{NS}
3824.601	3824.922	257	MAY
3824.922	3824.971	211	I
3824.971	3825.372	304	ORDER
3825.372	3825.401	1	A
3825.401	3825.922	319	PARFAIT
3825.922	3826.232	10	AFTER
3826.232	3826.411	211	I
3826.411	3826.572	134	EAT
3826.572	3826.922	124	DINNER
3826.922	3834.552	99999	{NS}
3834.552	3836.312	99999	{NS}
3836.312	3836.471	224	IS
3836.471	3836.622	375	SHE
3836.622	3836.982	187	GOING
3836.982	3837.182	487	WITH
3837.182	3837.192	99999	sp
3837.192	3837.462	495	YOU
3837.462	3838.541	99999	{NS}
3838.541	3846.832	99999	{NS}
3846.832	3847.012	76	CAN
3847.012	3847.082	434	THE
3847.082	3847.742	11	AGENCY
3847.742	3848.401	315	OVERTHROW
3848.401	3848.862	13	ALIEN
3848.862	3849.492	162	FORCES
3849.492	3850.372	99999	{NS}
3850.372	3858.362	99999	{NS}
3858.362	3858.392	99999	sp
3858.392	3858.492	1	A
3858.492	3859.172	371	SCREWDRIVER
3859.172	3859.512	224	IS
3859.512	3859.851	252	MADE
3859.851	3860.091	166	FROM
3860.091	3860.442	469	VODKA
3860.442	3860.832	20	AND
3860.832	3861.291	303	ORANGE
3861.291	3861.772	230	JUICE
3861.772	3868.862	99999	{NS}
3868.862	3870.332	99999	{NS}
3870.332	3870.682	99999	sp
3870.682	3870.872	210	HOW
3870.872	3871.082	269	MUCH
3871.082	3871.632	16	ALLOWANCE
3871.632	3871.772	128	DO
3871.772	3871.942	495	YOU
3871.942	3872.281	177	GET
3872.281	3873.572	99999	{NS}
3873.572	3882.172	99999	{NS}
3882.172	3882.232	99999	sp
3882.232	3882.822	115	CYCLICAL
3882.822	3883.452	346	PROGRAMS
3883.452	3883.582	485	WILL
3883.582	3883.892	281	NEVER
3883.892	3884.562	100	COMPILE
3884.562	3889.082	99999	{NS}
3889.082	3893.522	99999	{NS}
3893.522	3893.692	99999	sp
3893.692	3893.872	434	THE
3893.872	3894.422	61	BOSTON
3894.422	3894.971	45	BALLET
3894.971	3895.622	312	OVERCAME
3895.622	3895.862	435	THEIR
3895.862	3896.262	170	FUNDING
3896.262	3896.971	380	SHORTAGE
3896.971	3897.971	99999	{NS}
3897.971	3905.872	99999	{NS}
3905.872	3905.922	99999	sp
3905.922	3906.291	145	EVERY
3906.291	3906.742	74	CAB
3906.742	3907.012	280	NEEDS
3907.012	3907.601	364	REPAINTING
3907.601	3908.212	296	OFTEN
3908.212	3917.192	99999	{NS}
3917.192	3917.332	99999	{NS}
3917.332	3917.672	203	HELP
3917.672	3918.062	196	GREG
3918.062	3918.082	99999	sp
3918.082	3918.272	446	TO
3918.272	3918.531	325	PICK
3918.531	3918.622	1	A
3918.622	3918.901	321	PECK
3918.901	3919.012	294	OF
3919.012	3919.752	338	POTATOES
3919.752	3927.432	99999	{NS}
3927.432	3929.151	99999	{NS}
3929.151	3929.312	476	WE
3929.312	3929.601	241	LIKE
3929.601	3929.841	55	BLUE
3929.841	3930.341	88	CHEESE
3930.341	3930.572	70	BUT
3930.572	3930.922	466	VICTOR
3930.922	3931.302	242	LIKES
3931.302	3931.742	64	BRIE
3931.742	3940.462	99999	{NS}
3940.462	3940.802	99999	sp
3940.802	3940.882	99999	{NS}
3940.882	3941.302	108	COUNT
3941.302	3941.432	434	THE
3941.432	3941.862	289	NUMBER
3941.862	3941.932	294	OF
3941.932	3942.552	429	TEASPOONS
3942.552	3942.632	294	OF
3942.632	3943.242	395	SOYSAUCE
3943.242	3943.362	433	THAT
3943.362	3943.591	495	YOU
3943.591	3943.901	7	ADD
3943.901	3944.781	99999	{NS}
3944.781	3954.372	99999	{NS}
3954.372	3954.442	99999	sp
3954.442	3955.182	44	BAGPIPES
3955.182	3955.462	20	AND
3955.462	3956.101	59	BONGOS
3956.101	3956.221	30	ARE
3956.221	3956.841	273	MUSICAL
3956.841	3957.772	220	INSTRUMENTS
3957.772	3963.612	99999	{NS}
3963.612	3965.442	99999	{NS}
3965.442	3965.672	210	HOW
3965.672	3965.982	189	GOOD
3965.982	3966.192	224	IS
3966.192	3966.372	496	YOUR
3966.372	3967.161	138	ENDURANCE
3967.161	3989.031	99999	{NS}
3989.031	3990.992	99999	{NS}
3990.992	3991.132	99999	{NS}
3991.132	3991.161	30	ARE
3991.161	3991.341	496	YOUR
3991.341	3991.802	192	GRADES
3991.802	3992.291	206	HIGHER
3992.291	3992.492	302	OR
3992.492	3992.942	251	LOWER
3992.942	3993.091	432	THAN
3993.091	3993.971	275	NANCY'S
3993.971	3994.732	99999	{NS}
3994.732	3994.791	99999	sp
3994.791	4002.682	99999	{NS}
4002.682	4002.862	99999	sp
4002.862	4003.142	375	SHE
4003.142	4003.442	490	WORE
4003.442	4003.952	471	WARM
4003.952	4004.582	158	FLEECY
4004.582	4004.952	489	WOOLEN
4004.952	4005.892	311	OVERALLS
