564.2932699879075	564.4249855774676	30	ARE
564.4249855774676	564.7126548140275	495	YOUR
564.7126548140275	564.962	192	GRADES
564.962	565.3798516322344	206	HIGHER
565.3798516322344	565.47963616978	301	OR
565.47963616978	565.8107048182471	250	LOWER
565.8107048182471	566.002	431	THAN
566.002	566.612	274	NANCY'S
566.612	571.5608944469665	99999	sp
571.5608944469665	571.8217224625992	374	SHE
571.8217224625992	572.2090013082097	489	WORE
572.2090013082097	572.642	470	WARM
572.642	573.1449584741929	158	FLEECY
573.1449584741929	573.5461741324364	488	WOOLEN
573.5461741324364	574.232	310	OVERALLS
574.232	582.0518764692135	99999	sp
582.0518764692135	582.422	353	READING
582.422	582.6298247944866	217	IN
582.6298247944866	582.822	334	POOR
582.822	583.1606699366131	239	LIGHT
583.1606699366131	583.3964501275309	181	GIVES
583.3964501275309	583.482	494	YOU
583.482	584.082	150	EYESTRAIN
584.082	591.3774011120053	99999	sp
591.3774011120053	591.6567860200917	142	EVEN
591.6567860200917	591.952	211	I
591.952	592.452	292	OCCASIONALLY
592.452	592.6335476270823	177	GET
592.6335476270823	592.702	433	THE
592.702	593.142	264	MONDAY
593.142	593.612	56	BLUES
593.612	595.0	99999	sp
595.0	600.7567985906412	99999	sp
600.7567985906412	600.972	475	WE
600.972	601.132	30	ARE
601.132	601.4572333940756	300	OPEN
601.4572333940756	601.802	145	EVERY
601.802	602.154657110603	264	MONDAY
602.154657110603	602.642	143	EVENING
602.642	610.5961849102428	99999	sp
610.5961849102428	610.8066076301469	226	IT'S
610.8066076301469	611.012	284	NOT
611.012	611.4105101378279	133	EASY
611.4105101378279	611.5780689703442	445	TO
611.5780689703442	611.942	113	CREATE
611.942	612.5511854171166	215	ILLUMINATING
612.5511854171166	613.362	146	EXAMPLES
613.362	621.9804423524107	99999	sp
621.9804423524107	622.252	269	MUM
622.252	622.752877574377	406	STRONGLY
622.752877574377	623.242	126	DISLIKES
623.242	624.142	27	APPETIZERS
624.142	632.2551985490624	99999	sp
632.2551985490624	632.522	442	THOSE
632.522	632.679940705906	483	WHO
632.679940705906	632.9324619809151	426	TEACH
632.9324619809151	633.512	461	VALUES
633.512	633.822	156	FIRST
633.822	634.302	4	ABOLISH
634.302	634.752	87	CHEATING
634.752	642.2191912646616	99999	sp
642.2191912646616	642.3010223224022	433	THE
642.3010223224022	642.762	165	FRIGHTENED
642.762	643.152	89	CHILD
643.152	643.372	471	WAS
643.372	643.6515676064864	176	GENTLY
643.6515676064864	644.2014687907823	409	SUBDUED
644.2014687907823	644.3610682319935	73	BY
644.3610682319935	644.5687343713558	208	HIS
644.5687343713558	644.7830538082953	52	BIG
644.7830538082953	645.262	66	BROTHER
645.262	652.6985248081745	99999	sp
652.6985248081745	652.9494021756982	142	EVEN
652.9494021756982	653.0482551620894	1	A
653.0482551620894	653.462	382	SIMPLE
653.462	654.2785549331891	467	VOCABULARY
654.2785549331891	654.792	104	CONTAINS
654.792	655.412	421	SYMBOLS
655.412	663.7729938410191	99999	sp
663.7729938410191	664.022383731276	1	A
664.022383731276	664.445177529602	110	CRAB
664.445177529602	664.8995616345409	85	CHALLENGED
664.8995616345409	665.2858055971753	257	ME
665.2858055971753	665.3569206830689	70	BUT
665.3569206830689	665.5225311570675	1	A
665.5225311570675	665.752	349	QUICK
665.752	666.1320000000001	401	STAB
666.1320000000001	666.602	463	VANQUISHED
666.602	666.842	207	HIM
666.842	674.4120927829779	99999	sp
674.4120927829779	674.842	183	GLUCOSE
674.842	675.002	20	AND
675.002	675.5000030738717	167	FRUCTOSE
675.5000030738717	675.6364417604286	30	ARE
675.6364417604286	676.106013248489	275	NATURAL
676.106013248489	676.6252507934379	413	SUGARS
676.6252507934379	676.8532087400008	163	FOUND
676.8532087400008	677.012	217	IN
677.012	677.572	168	FRUIT
677.572	684.7599121265506	99999	sp
684.7599121265506	684.862	30	ARE
684.862	685.0969781501009	494	YOU
685.0969781501009	685.402	249	LOOKING
685.402	685.572	161	FOR
685.572	686.1320000000001	136	EMPLOYMENT
686.1320000000001	693.5832301578414	99999	sp
693.5832301578414	693.8949675206625	98	COFFEE
693.8949675206625	694.151176665731	224	IS
694.151176665731	694.4229726789406	198	GROWN
694.4229726789406	694.582	296	ON
694.582	695.0668162387431	403	STEEP
695.0668162387431	695.372	88888	JUNGLE
695.372	695.592	240	LIKE
695.592	696.112	389	SLOPES
696.112	696.2883483965134	217	IN
696.2883483965134	696.762	430	TEMPERATE
696.762	697.272	496	ZONES
697.272	704.725005299859	99999	sp
704.725005299859	704.872	475	WE
704.872	705.302	479	WELCOME
705.302	705.6172648681495	255	MANY
705.6172648681495	705.7846569111193	281	NEW
705.7846569111193	706.352	407	STUDENTS
706.352	706.622	132	EACH
706.622	706.932	490	YEAR
706.932	716.0021033210473	99999	sp
716.0021033210473	716.282	297	ONLY
716.282	716.385841316236	433	THE
716.385841316236	716.7686937649506	51	BEST
716.7686937649506	717.1515462136653	329	PLAYERS
717.1515462136653	717.5235940577481	139	ENJOY
717.5235940577481	718.372	335	POPULARITY
718.372	725.1278329406525	99999	sp
725.1278329406525	725.6320000000001	75	CALCIUM
725.6320000000001	725.9281024505729	253	MAKES
725.9281024505729	726.2544957031281	58	BONES
726.2544957031281	726.402	20	AND
726.402	726.642	429	TEETH
726.642	727.152	405	STRONG
727.152	735.6671480926805	99999	sp
735.6671480926805	736.0323766819516	285	NOTHING
736.0323766819516	736.162	224	IS
736.162	736.4230225647368	34	AS
736.4230225647368	736.952	294	OFFENSIVE
736.952	737.1020865946634	34	AS
737.1020865946634	737.952	219	INNOCENCE
737.952	744.712	99999	sp
744.712	745.1502628754546	404	STEVE
745.1502628754546	745.3106355346395	489	WORE
745.3106355346395	745.3963633094152	1	A
745.3963633094152	745.762	65	BRIGHT
745.762	746.0627019224453	355	RED
746.0627019224453	746.592	78	CASHMERE
746.592	747.062	419	SWEATER
747.062	755.992598661476	99999	sp
755.992598661476	756.3725285724142	46	BARB'S
756.3725285724142	756.617047566377	188	GOLD
756.617047566377	757.0699411591468	63	BRACELET
757.0699411591468	757.2201439931598	471	WAS
757.2201439931598	757.2691025118412	1	A
757.2691025118412	758.026507093334	193	GRADUATION
758.026507093334	758.512	338	PRESENT
758.512	765.7004705673015	99999	sp
765.7004705673015	765.9616801248814	130	DRAW
765.9616801248814	766.2847208907592	145	EVERY
766.2847208907592	766.5742207296746	307	OUTER
766.5742207296746	766.8616036110252	243	LINE
766.8616036110252	767.4148487972478	156	FIRST
767.4148487972478	767.6324169125585	435	THEN
767.6324169125585	767.842	154	FILL
767.842	767.992	217	IN
767.992	768.102	433	THE
768.102	768.732	222	INTERIOR
768.732	776.0055822562103	99999	sp
776.0055822562103	776.1320000000001	433	THE
776.1320000000001	776.4670983593803	474	WATER
776.4670983593803	777.0214063576466	103	CONTAINED
777.0214063576466	777.222	447	TOO
777.222	777.5327618357401	268	MUCH
777.5327618357401	777.998419521454	90	CHLORINE
777.998419521454	778.162	20	AND
778.162	778.452	408	STUNG
778.452	778.592	208	HIS
778.592	779.082	149	EYES
779.082	787.757834295212	99999	sp
787.757834295212	788.2264145187024	229	JOHN'S
788.2264145187024	788.5800415896526	66	BROTHER
788.5800415896526	789.1664088706749	362	REPAINTED
789.1664088706749	789.2443432113802	433	THE
789.2443432113802	789.802459293897	173	GARAGE
789.802459293897	790.282	129	DOOR
790.282	799.052466948079	99999	sp
799.052466948079	799.492	84	CHALLENGE
799.492	799.792	132	EACH
799.792	800.2769216436257	175	GENERAL'S
800.2769216436257	801.1320000000001	221	INTELLIGENCE
801.1320000000001	811.209248542488	99999	sp
811.209248542488	812.152	17	AMBIDEXTROUS
812.152	812.2242546973893	99999	sp
812.2242546973893	812.842	326	PICKPOCKETS
812.842	813.402	6	ACCOMPLISH
813.402	813.732	266	MORE
813.732	821.5350705553258	99999	sp
821.5350705553258	821.6802232648893	1	A
821.6802232648893	822.2014091683558	270	MUSCULAR
822.2014091683558	822.8820000000001	2	ABDOMEN
822.8820000000001	823.1521194921752	224	IS
823.1521194921752	823.2836336921154	189	GOOD
823.2836336921154	823.452	161	FOR
823.452	823.602	495	YOUR
823.602	824.052	43	BACK
824.052	832.1634535254375	99999	sp
832.1634535254375	832.342	437	THEY
832.342	832.4798822865739	316	OWN
832.4798822865739	832.57260881414	1	A
832.57260881414	832.8444048273496	52	BIG
832.8444048273496	833.2447038699382	209	HOUSE
833.2447038699382	833.362	217	IN
833.362	833.432	433	THE
833.432	833.8720753126156	360	REMOTE
833.8720753126156	834.669839492801	109	COUNTRYSIDE
834.669839492801	842.050574712375	99999	sp
842.050574712375	842.1461541447616	433	THE
842.1461541447616	842.4849697315321	368	ROSE
842.4849697315321	843.012	106	CORSAGE
843.012	843.3720000000001	392	SMELLED
843.3720000000001	843.802	420	SWEET
843.802	852.584373364107	99999	sp
852.584373364107	852.8220731032579	432	THAT
852.8220731032579	853.342	325	PICKPOCKET
853.342	853.5488108303346	471	WAS
853.5488108303346	853.762	80	CAUGHT
853.762	853.922	355	RED
853.922	854.5319999999999	199	HANDED
854.5319999999999	863.6676977505956	99999	sp
863.6676977505956	863.7699865727714	19	AN
863.7699865727714	864.2092527857125	9	ADULT
864.2092527857125	864.4547459589342	254	MALE
864.4547459589342	865.0693644384621	42	BABOON'S
865.0693644384621	865.332	429	TEETH
865.332	865.4230854108853	30	ARE
865.4230854108853	865.712	284	NOT
865.712	866.192	414	SUITABLE
866.192	866.3785727295258	161	FOR
866.3785727295258	866.692	135	EATING
866.692	867.442	375	SHELLFISH
867.442	877.4910335635041	99999	sp
877.4910335635041	877.7088132298131	204	HER
877.7088132298131	878.2265389039101	469	WARDROBE
878.2265389039101	878.6843142252787	102	CONSISTS
878.6843142252787	878.802	293	OF
878.802	879.052	297	ONLY
879.052	879.4627978274485	384	SKIRTS
879.4627978274485	879.6028766335573	20	AND
879.6028766335573	880.3620000000001	54	BLOUSES
880.3620000000001	888.1223390713924	99999	sp
888.1223390713924	888.3103556683438	433	THE
888.3103556683438	888.482	452	TWO
888.482	888.8820000000001	33	ARTISTS
888.8820000000001	889.4481084098559	147	EXCHANGED
889.4481084098559	890.232	39	AUTOGRAPHS
890.232	899.1792719851082	99999	sp
899.1792719851082	899.7719999999999	71	BUTTERSCOTCH
899.7719999999999	900.2614965088678	169	FUDGE
900.2614965088678	900.5021187857953	186	GOES
900.5021187857953	900.672	480	WELL
900.672	900.8620000000001	486	WITH
900.8620000000001	901.214155191205	462	VANILLA
901.214155191205	901.5405052429082	212	ICE
901.5405052429082	901.942	112	CREAM
901.942	909.4140865346584	99999	sp
909.4140865346584	909.7901197285613	365	RICH
909.7901197285613	910.232	348	PURCHASED
910.232	910.5952999223894	373	SEVERAL
910.5952999223894	910.992	381	SIGNED
910.992	911.892	244	LITHOGRAPHS
911.892	921.1841189633176	99999	sp
921.1841189633176	921.3770064565631	24	ANY
921.3770064565631	922.2329230727992	105	CONTRIBUTIONS
922.2329230727992	922.3433036485235	484	WILL
922.3433036485235	922.4261088855229	47	BE
922.4261088855229	922.8147177770056	195	GREATLY
922.8147177770056	923.642	28	APPRECIATED
923.642	932.3637981661542	99999	sp
932.3637981661542	932.5177184890472	433	THE
932.5177184890472	932.9716860236554	111	CRANBERRY
932.9716860236554	933.3820000000001	57	BOG
933.3820000000001	933.6739806364767	178	GETS
933.6739806364767	933.9506475459805	464	VERY
933.9506475459805	934.182	339	PRETTY
934.182	934.329514644875	217	IN
934.329514644875	934.752	40	AUTUMN
934.752	942.668753622339	99999	sp
942.668753622339	942.9785426266425	210	HOW
942.9785426266425	943.1120000000001	128	DO
943.1120000000001	943.6123600303383	317	OYSTERS
943.6123600303383	943.8542411475331	252	MAKE
943.8542411475331	944.302	319	PEARLS
944.302	952.8071247227564	99999	sp
952.8071247227564	952.9220778752966	256	MAY
952.9220778752966	953.1568550766713	211	I
953.1568550766713	953.3720000000001	303	ORDER
953.3720000000001	953.5367849876095	1	A
953.5367849876095	953.982	318	PARFAIT
953.982	954.262	10	AFTER
954.262	954.392	211	I
954.392	954.609267421291	134	EAT
954.609267421291	954.992	124	DINNER
954.992	963.3273737951396	99999	sp
963.3273737951396	963.462	224	IS
963.462	963.6887943001602	374	SHE
963.6887943001602	963.972	187	GOING
963.972	964.142	486	WITH
964.142	964.392	494	YOU
964.392	975.784113968479	99999	sp
975.784113968479	975.932	76	CAN
975.932	976.0305813209595	433	THE
976.0305813209595	976.602	11	AGENCY
976.602	977.251139299471	314	OVERTHROW
977.251139299471	977.602	13	ALIEN
977.602	978.302	162	FORCES
978.302	985.4539934781908	99999	sp
985.4539934781908	985.5669982722135	1	A
985.5669982722135	986.226428997647	370	SCREWDRIVER
986.226428997647	986.3462530464813	224	IS
986.3462530464813	986.6120000000001	251	MADE
986.6120000000001	986.8527376282808	166	FROM
986.8527376282808	987.1975970859016	468	VODKA
987.1975970859016	987.2657896340188	20	AND
987.2657896340188	987.692	302	ORANGE
987.692	988.092	230	JUICE
988.092	995.422	99999	sp
995.422	995.6379162556824	210	HOW
995.6379162556824	995.892	268	MUCH
995.892	996.4836502651299	16	ALLOWANCE
996.4836502651299	996.582	128	DO
996.582	996.6853053717048	494	YOU
996.6853053717048	997.102	177	GET
997.102	1006.1681421662338	99999	sp
1006.1681421662338	1006.8256245331497	115	CYCLICAL
1006.8256245331497	1007.4227074885291	345	PROGRAMS
1007.4227074885291	1007.5269446692223	484	WILL
1007.5269446692223	1007.8620623342549	280	NEVER
1007.8620623342549	1008.452	100	COMPILE
1008.452	1015.0362712534701	99999	sp
1015.0362712534701	1015.1054379808461	433	THE
1015.1054379808461	1015.6266238843125	61	BOSTON
1015.6266238843125	1016.102	45	BALLET
1016.102	1016.6338366051434	311	OVERCAME
1016.6338366051434	1016.7711072478515	434	THEIR
1016.7711072478515	1017.192	170	FUNDING
1017.192	1017.962	379	SHORTAGE
1017.962	1025.6276357092368	99999	sp
1025.6276357092368	1025.975417704634	145	EVERY
1025.975417704634	1026.252969863122	74	CAB
1026.252969863122	1026.500411394861	279	NEEDS
1026.500411394861	1027.142	363	REPAINTING
1027.142	1027.782	295	OFTEN
1027.782	1036.2569039283326	99999	sp
1036.2569039283326	1036.5890990555888	203	HELP
1036.5890990555888	1036.9086298524803	196	GREG
1036.9086298524803	1037.0771628642556	445	TO
1037.0771628642556	1037.2164704982663	324	PICK
1037.2164704982663	1037.344087981171	1	A
1037.344087981171	1037.562	320	PECK
1037.562	1037.652	293	OF
1037.652	1037.7268517971008	99999	sp
1037.7268517971008	1038.412	337	POTATOES
1038.412	1047.421085490793	99999	sp
1047.421085490793	1047.6019999999999	475	WE
1047.6019999999999	1047.8788611096516	240	LIKE
1047.8788611096516	1048.071748602897	55	BLUE
1048.071748602897	1048.5715025626696	88	CHEESE
1048.5715025626696	1048.712	70	BUT
1048.712	1049.0968683113388	465	VICTOR
1049.0968683113388	1049.476426461325	241	LIKES
1049.476426461325	1049.812	64	BRIE
1049.812	1058.4010588380424	99999	sp
1058.4010588380424	1058.6718806719932	108	COUNT
1058.6718806719932	1058.7770920319454	433	THE
1058.7770920319454	1059.022	288	NUMBER
1059.022	1059.1397094144568	293	OF
1059.1397094144568	1059.1900554048987	99999	sp
1059.1900554048987	1059.9099738771636	428	TEASPOONS
1059.9099738771636	1060.032	293	OF
1060.032	1060.9221385017017	394	SOYSAUCE
1060.9221385017017	1061.0165528823934	432	THAT
1061.0165528823934	1061.242	494	YOU
1061.242	1061.5520000000001	7	ADD
1061.5520000000001	1070.7740201901038	99999	sp
1070.7740201901038	1071.6692022961709	88888	BAGPACKS
1071.6692022961709	1072.1884398411196	44	BAGPIPES
1072.1884398411196	1072.3784047965887	20	AND
1072.3784047965887	1072.8037800288262	59	BONGOS
1072.8037800288262	1072.9004762465293	30	ARE
1072.9004762465293	1073.3963334892665	272	MUSICAL
1073.3963334892665	1074.262	220	INSTRUMENTS
1074.262	1082.3570102010704	99999	sp
1082.3570102010704	1082.6531606957503	210	HOW
1082.6531606957503	1082.7856490749493	189	GOOD
1082.7856490749493	1083.0062240120064	224	IS
1083.0062240120064	1083.142	495	YOUR
1083.142	1083.972	138	ENDURANCE
1083.972	1091.6771590593771	99999	sp
1655.922	1655.952	99999	sp
1655.952	1673.252	99999	{NS}
1673.252	1673.3331629974473	99999	sp
1673.3331629974473	1673.462	30	ARE
1673.462	1673.773828072156	495	YOUR
1673.773828072156	1674.022	192	GRADES
1674.022	1674.4308305946163	206	HIGHER
1674.4308305946163	1674.542	301	OR
1674.542	1674.8773455594846	250	LOWER
1674.8773455594846	1675.0520000000001	431	THAN
1675.0520000000001	1675.752	274	NANCY'S
1675.752	1682.632	99999	sp
1682.632	1682.902	374	SHE
1682.902	1683.172	489	WORE
1683.172	1683.5680790919482	470	WARM
1683.5680790919482	1684.0281285256988	158	FLEECY
1684.0281285256988	1684.4808321951532	488	WOOLEN
1684.4808321951532	1685.202	310	OVERALLS
1685.202	1693.180470664219	99999	sp
1693.180470664219	1693.532	353	READING
1693.532	1693.7820778590005	217	IN
1693.7820778590005	1693.989529564006	334	POOR
1693.989529564006	1694.3052883977366	239	LIGHT
1694.3052883977366	1694.5441643499719	181	GIVES
1694.5441643499719	1694.6692566051354	494	YOU
1694.6692566051354	1695.3220000000001	150	EYESTRAIN
1695.3220000000001	1702.7493181959298	99999	sp
1702.7493181959298	1703.042	142	EVEN
1703.042	1703.3719999999998	211	I
1703.3719999999998	1703.8583838532616	292	OCCASIONALLY
1703.8583838532616	1704.1449801513809	177	GET
1704.1449801513809	1704.2125035758763	433	THE
1704.2125035758763	1704.6385557336941	264	MONDAY
1704.6385557336941	1705.2820000000002	56	BLUES
1705.2820000000002	1712.0314454200657	99999	sp
1712.0314454200657	1712.1219999999998	475	WE
1712.1219999999998	1712.2532249287774	30	ARE
1712.2532249287774	1712.642	300	OPEN
1712.642	1713.002	145	EVERY
1713.002	1713.3978553378347	264	MONDAY
1713.3978553378347	1714.002	143	EVENING
1714.002	1722.1735465751863	99999	sp
1722.1735465751863	1722.3441984604915	226	IT'S
1722.3441984604915	1722.6220355893583	284	NOT
1722.6220355893583	1723.071569476048	133	EASY
1723.071569476048	1723.2134193553943	445	TO
1723.2134193553943	1723.4478808412755	113	CREATE
1723.4478808412755	1724.1097272932757	215	ILLUMINATING
1724.1097272932757	1724.982	146	EXAMPLES
1724.982	1732.9174712289464	99999	sp
1732.9174712289464	1733.202	269	MUM
1733.202	1733.7182464682433	406	STRONGLY
1733.7182464682433	1734.192	126	DISLIKES
1734.192	1735.1219999999998	27	APPETIZERS
1735.1219999999998	1743.1585078795808	99999	sp
1743.1585078795808	1743.392	442	THOSE
1743.392	1743.573742844307	483	WHO
1743.573742844307	1743.8020000000001	426	TEACH
1743.8020000000001	1744.278406145696	461	VALUES
1744.278406145696	1744.6019999999999	156	FIRST
1744.6019999999999	1745.0720000000001	4	ABOLISH
1745.0720000000001	1745.522	87	CHEATING
1745.522	1754.4886123825179	99999	sp
1754.4886123825179	1754.5541369460739	433	THE
1754.5541369460739	1755.012	165	FRIGHTENED
1755.012	1755.3719999999998	89	CHILD
1755.3719999999998	1755.6002153149407	471	WAS
1755.6002153149407	1755.927015853937	176	GENTLY
1755.927015853937	1756.482	409	SUBDUED
1756.482	1756.6217211276023	73	BY
1756.6217211276023	1756.8863338686003	208	HIS
1756.8863338686003	1757.1027032496174	52	BIG
1757.1027032496174	1757.512	66	BROTHER
1757.512	1765.4112707297745	99999	sp
1765.4112707297745	1765.692810338021	142	EVEN
1765.692810338021	1765.7943374090253	1	A
1765.7943374090253	1766.1996029685326	382	SIMPLE
1766.1996029685326	1766.9759873539042	467	VOCABULARY
1766.9759873539042	1767.502	104	CONTAINS
1767.502	1768.142	421	SYMBOLS
1768.142	1775.9926366839154	99999	sp
1775.9926366839154	1776.1776895722003	1	A
1776.1776895722003	1776.492	110	CRAB
1776.492	1776.972	85	CHALLENGED
1776.972	1777.172	257	ME
1777.172	1777.3369680027747	70	BUT
1777.3369680027747	1777.487487997868	1	A
1777.487487997868	1777.712	349	QUICK
1777.712	1778.0520000000001	401	STAB
1778.0520000000001	1778.542	463	VANQUISHED
1778.542	1778.762	207	HIM
1778.762	1785.0	99999	sp
1785.0	1786.6991953703373	99999	sp
1786.6991953703373	1787.152	183	GLUCOSE
1787.152	1787.2746085652907	20	AND
1787.2746085652907	1787.802	167	FRUCTOSE
1787.802	1787.9500634442031	30	ARE
1787.9500634442031	1788.4165063878656	275	NATURAL
1788.4165063878656	1788.882	413	SUGARS
1788.882	1789.1133664314766	163	FOUND
1789.1133664314766	1789.2260567617793	217	IN
1789.2260567617793	1789.652	168	FRUIT
1789.652	1798.1340863029516	99999	sp
1798.1340863029516	1798.2260013209639	30	ARE
1798.2260013209639	1798.4195096629355	494	YOU
1798.4195096629355	1798.762	249	LOOKING
1798.762	1798.9228610670848	161	FOR
1798.9228610670848	1799.672	136	EMPLOYMENT
1799.672	1806.4642980380202	99999	sp
1806.4642980380202	1806.7613907087698	98	COFFEE
1806.7613907087698	1806.9842531497036	224	IS
1806.9842531497036	1807.21529980457	198	GROWN
1807.21529980457	1807.352	296	ON
1807.352	1807.7925444137813	403	STEEP
1807.7925444137813	1808.122	88888	JUNGLE
1808.122	1808.302	240	LIKE
1808.302	1808.7342440699567	389	SLOPES
1808.7342440699567	1808.932	217	IN
1808.932	1809.412	430	TEMPERATE
1809.412	1809.982	496	ZONES
1809.982	1816.8101168081569	99999	sp
1816.8101168081569	1816.972641204702	475	WE
1816.972641204702	1817.412	479	WELCOME
1817.412	1817.6725497951734	255	MANY
1817.6725497951734	1817.8349749639897	281	NEW
1817.8349749639897	1818.372	407	STUDENTS
1818.372	1818.6659302051116	132	EACH
1818.6659302051116	1818.952	490	YEAR
1818.952	1828.4527608636756	99999	sp
1828.4527608636756	1828.7164868262869	297	ONLY
1828.7164868262869	1828.8235111623285	433	THE
1828.8235111623285	1829.2157238761752	51	BEST
1829.2157238761752	1829.598436015758	329	PLAYERS
1829.598436015758	1829.9881305099332	139	ENJOY
1829.9881305099332	1830.8220000000001	335	POPULARITY
1830.8220000000001	1837.6157598491043	99999	sp
1837.6157598491043	1838.092	75	CALCIUM
1838.092	1838.3799822689296	253	MAKES
1838.3799822689296	1838.702	58	BONES
1838.702	1838.842	20	AND
1838.842	1839.132	429	TEETH
1839.132	1839.602	405	STRONG
1839.602	1847.364187955167	99999	sp
1847.364187955167	1847.701629391157	285	NOTHING
1847.701629391157	1847.852	224	IS
1847.852	1848.0661416886167	34	AS
1848.0661416886167	1848.582	294	OFFENSIVE
1848.582	1848.722	34	AS
1848.722	1849.522	219	INNOCENCE
1849.522	1857.611852218648	99999	sp
1857.611852218648	1858.0393200078968	404	STEVE
1858.0393200078968	1858.1997992614636	489	WORE
1858.1997992614636	1858.296121163901	1	A
1858.296121163901	1858.682	65	BRIGHT
1858.682	1858.950044856099	355	RED
1858.950044856099	1859.4479652481662	78	CASHMERE
1859.4479652481662	1859.942	419	SWEATER
1859.942	1867.3154550110542	99999	sp
1867.3154550110542	1867.756086203083	46	BARB'S
1867.756086203083	1868.0387563612164	188	GOLD
1868.0387563612164	1868.4712033393128	63	BRACELET
1868.4712033393128	1868.6411831671435	471	WAS
1868.6411831671435	1868.690918005657	1	A
1868.690918005657	1869.417996685327	193	GRADUATION
1869.417996685327	1869.902	338	PRESENT
1869.902	1877.701994276896	99999	sp
1877.701994276896	1877.905970070293	130	DRAW
1877.905970070293	1878.2360277547634	145	EVERY
1878.2360277547634	1878.532	307	OUTER
1878.532	1878.7748692164935	243	LINE
1878.7748692164935	1879.1941527918095	156	FIRST
1879.1941527918095	1879.3647621745583	435	THEN
1879.3647621745583	1879.6114904518763	154	FILL
1879.6114904518763	1879.783988499379	217	IN
1879.783988499379	1879.892	433	THE
1879.892	1880.532	222	INTERIOR
1880.532	1886.9357306786492	99999	sp
1886.9357306786492	1887.047161899116	433	THE
1887.047161899116	1887.342	474	WATER
1887.342	1887.9265925714255	103	CONTAINED
1887.9265925714255	1888.0499853353324	447	TOO
1888.0499853353324	1888.3376346823136	268	MUCH
1888.3376346823136	1888.792	90	CHLORINE
1888.792	1888.950134366927	20	AND
1888.950134366927	1889.2787620340666	408	STUNG
1889.2787620340666	1889.422	208	HIS
1889.422	1889.972	149	EYES
1889.972	1898.9226837262693	99999	sp
1898.9226837262693	1899.3570766196146	229	JOHN'S
1899.3570766196146	1899.682	66	BROTHER
1899.682	1900.2383387061825	362	REPAINTED
1900.2383387061825	1900.311367076658	433	THE
1900.311367076658	1900.820619754737	173	GARAGE
1900.820619754737	1901.162	129	DOOR
1901.162	1909.2616337503346	99999	sp
1909.2616337503346	1909.722	84	CHALLENGE
1909.722	1909.988256441473	132	EACH
1909.988256441473	1910.5137039810309	175	GENERAL'S
1910.5137039810309	1911.392	221	INTELLIGENCE
1911.392	1919.6011566738023	99999	sp
1919.6011566738023	1920.5957961935762	17	AMBIDEXTROUS
1920.5957961935762	1921.1453400889104	326	PICKPOCKETS
1921.1453400889104	1921.702	6	ACCOMPLISH
1921.702	1922.042	266	MORE
1922.042	1930.180539128517	99999	sp
1930.180539128517	1930.2781201407902	1	A
1930.2781201407902	1930.812	270	MUSCULAR
1930.812	1931.4225937310225	2	ABDOMEN
1931.4225937310225	1931.661137794408	224	IS
1931.661137794408	1931.812	189	GOOD
1931.812	1931.982	161	FOR
1931.982	1932.093012468082	495	YOUR
1932.093012468082	1932.682	43	BACK
1932.682	1940.5377459477113	99999	sp
1940.5377459477113	1940.692	437	THEY
1940.692	1940.8738710233702	316	OWN
1940.8738710233702	1940.9576018274497	1	A
1940.9576018274497	1941.252	52	BIG
1941.252	1941.6487958767996	209	HOUSE
1941.6487958767996	1941.8124801554516	217	IN
1941.8124801554516	1941.892	433	THE
1941.892	1942.3330648220526	360	REMOTE
1942.3330648220526	1943.112	109	COUNTRYSIDE
1943.112	1951.3122913194425	99999	sp
1951.3122913194425	1951.4035192345511	433	THE
1951.4035192345511	1951.8360234631432	368	ROSE
1951.8360234631432	1952.362	106	CORSAGE
1952.362	1952.722	392	SMELLED
1952.722	1953.182	420	SWEET
1953.182	1960.0818763266643	99999	sp
1960.0818763266643	1960.2977564130056	432	THAT
1960.2977564130056	1960.802	325	PICKPOCKET
1960.802	1961.03238975169	471	WAS
1961.03238975169	1961.252	80	CAUGHT
1961.252	1961.432	355	RED
1961.432	1962.032	199	HANDED
1962.032	1969.3537316573725	99999	sp
1969.3537316573725	1969.5274888147108	19	AN
1969.5274888147108	1969.93984728593	9	ADULT
1969.93984728593	1970.1903528927555	254	MALE
1970.1903528927555	1970.7802458508204	42	BABOON'S
1970.7802458508204	1971.032	429	TEETH
1971.032	1971.1371462387697	30	ARE
1971.1371462387697	1971.422	284	NOT
1971.422	1971.818896964351	414	SUITABLE
1971.818896964351	1972.0096521044725	161	FOR
1972.0096521044725	1972.3128662765068	135	EATING
1972.3128662765068	1973.042	375	SHELLFISH
1973.042	1981.6724610391918	99999	sp
1981.6724610391918	1981.9085441334014	204	HER
1981.9085441334014	1982.460606545897	469	WARDROBE
1982.460606545897	1982.882	102	CONSISTS
1982.882	1982.9774138829907	293	OF
1982.9774138829907	1983.2349018444088	297	ONLY
1983.2349018444088	1983.649721284804	384	SKIRTS
1983.649721284804	1983.7731140487108	20	AND
1983.7731140487108	1984.482	54	BLOUSES
1984.482	1992.2782859904178	99999	sp
1992.2782859904178	1992.4507840379204	433	THE
1992.4507840379204	1992.622	452	TWO
1992.622	1993.002	33	ARTISTS
1993.002	1993.5819999999999	147	EXCHANGED
1993.5819999999999	1994.392	39	AUTOGRAPHS
1994.392	2002.9917642376236	99999	sp
2002.9917642376236	2003.5819999999999	71	BUTTERSCOTCH
2003.5819999999999	2003.9624806705174	169	FUDGE
2003.9624806705174	2004.194729184724	186	GOES
2004.194729184724	2004.4024823076284	480	WELL
2004.4024823076284	2004.5989034420109	486	WITH
2004.5989034420109	2004.9526560553704	462	VANILLA
2004.9526560553704	2005.234696658586	212	ICE
2005.234696658586	2005.5819999999999	112	CREAM
2005.5819999999999	2013.9595829691475	99999	sp
2013.9595829691475	2014.3328517849618	365	RICH
2014.3328517849618	2014.722	348	PURCHASED
2014.722	2015.0664394732416	373	SEVERAL
2015.0664394732416	2015.4829913694552	381	SIGNED
2015.4829913694552	2015.5182464448571	99999	sp
2015.5182464448571	2016.3319999999999	244	LITHOGRAPHS
2016.3319999999999	2023.2642321085918	99999	sp
2023.2642321085918	2023.5135679400312	24	ANY
2023.5135679400312	2024.346952066375	105	CONTRIBUTIONS
2024.346952066375	2024.462	484	WILL
2024.462	2024.6434724327023	47	BE
2024.6434724327023	2024.962	195	GREATLY
2024.962	2025.732	28	APPRECIATED
2025.732	2032.6444275406934	99999	sp
2032.6444275406934	2032.77978184804	433	THE
2032.77978184804	2033.2166357105616	111	CRANBERRY
2033.2166357105616	2033.6232709370242	57	BOG
2033.6232709370242	2033.842	178	GETS
2033.842	2034.162	464	VERY
2034.162	2034.412	339	PRETTY
2034.412	2034.532	217	IN
2034.532	2034.992	40	AUTUMN
2034.992	2043.007873253551	99999	sp
2043.007873253551	2043.522	210	HOW
2043.522	2043.6990673029009	99999	sp
2043.6990673029009	2043.902	128	DO
2043.902	2044.452	317	OYSTERS
2044.452	2044.681115724317	252	MAKE
2044.681115724317	2045.112	319	PEARLS
2045.112	2052.646815756906	99999	sp
2052.646815756906	2052.812	256	MAY
2052.812	2052.952	211	I
2052.952	2053.212	303	ORDER
2053.212	2053.3707466619862	1	A
2053.3707466619862	2053.8686673515435	318	PARFAIT
2053.8686673515435	2054.202	10	AFTER
2054.202	2054.312	211	I
2054.312	2054.51894033123	134	EAT
2054.51894033123	2054.872	124	DINNER
2054.872	2062.0421196145667	99999	sp
2062.0421196145667	2062.116407094878	224	IS
2062.116407094878	2062.3719488435568	374	SHE
2062.3719488435568	2062.622	187	GOING
2062.622	2062.800675742641	486	WITH
2062.800675742641	2063.072	494	YOU
2063.072	2071.429240150765	99999	sp
2071.429240150765	2071.592	76	CAN
2071.592	2071.6696725814145	433	THE
2071.6696725814145	2072.292	11	AGENCY
2072.292	2072.892	314	OVERTHROW
2072.892	2073.282	13	ALIEN
2073.282	2073.952	162	FORCES
2073.952	2080.5009521856496	99999	sp
2080.5009521856496	2080.610494741363	1	A
2080.610494741363	2081.2683220825743	370	SCREWDRIVER
2081.2683220825743	2081.4011581702493	224	IS
2081.4011581702493	2081.617667811509	251	MADE
2081.617667811509	2081.8820808770233	166	FROM
2081.8820808770233	2082.239038515468	468	VODKA
2082.239038515468	2082.318934739545	20	AND
2082.318934739545	2082.762	302	ORANGE
2082.762	2083.172	230	JUICE
2083.172	2086.372	99999	sp
2086.372	2090.0613239663644	99999	sp
2090.0613239663644	2090.2873341818877	210	HOW
2090.2873341818877	2090.481866651516	268	MUCH
2090.481866651516	2091.012	16	ALLOWANCE
2091.012	2091.082	128	DO
2091.082	2091.190687941077	494	YOU
2091.190687941077	2091.742	177	GET
2091.742	2099.172	99999	sp
2099.172	2099.719151927296	115	CYCLICAL
2099.719151927296	2100.346131375021	345	PROGRAMS
2100.346131375021	2100.452	484	WILL
2100.452	2100.8352382957273	280	NEVER
2100.8352382957273	2101.4719999999998	100	COMPILE
2101.4719999999998	2107.5236859009046	99999	sp
2107.5236859009046	2107.5885300574478	433	THE
2107.5885300574478	2108.102189619952	61	BOSTON
2108.102189619952	2108.512	45	BALLET
2108.512	2109.101236024151	311	OVERCAME
2109.101236024151	2109.213296799536	434	THEIR
2109.213296799536	2109.6224502456703	170	FUNDING
2109.6224502456703	2110.402	379	SHORTAGE
2110.402	2117.8909658962752	99999	sp
2117.8909658962752	2118.2717893711047	145	EVERY
2118.2717893711047	2118.5809008357896	74	CAB
2118.5809008357896	2118.878623061457	279	NEEDS
2118.878623061457	2119.452	363	REPAINTING
2119.452	2120.052	295	OFTEN
2120.052	2128.1448693509096	99999	sp
2128.1448693509096	2128.482	203	HELP
2128.482	2128.569818920487	99999	sp
2128.569818920487	2129.022	196	GREG
2129.022	2129.3547594021074	99999	sp
2129.3547594021074	2129.529775669281	445	TO
2129.529775669281	2129.6739437454785	324	PICK
2129.6739437454785	2129.7960773995496	1	A
2129.7960773995496	2129.982	320	PECK
2129.982	2130.072	293	OF
2130.072	2130.1542368973346	99999	sp
2130.1542368973346	2130.772	337	POTATOES
2130.772	2138.650594475211	99999	sp
2138.650594475211	2138.832	475	WE
2138.832	2139.101355796422	240	LIKE
2139.101355796422	2139.272	55	BLUE
2139.272	2139.790661181018	88	CHEESE
2139.790661181018	2139.895796852306	70	BUT
2139.895796852306	2140.3402053738423	465	VICTOR
2140.3402053738423	2140.697792567205	241	LIKES
2140.697792567205	2140.9719999999998	64	BRIE
2140.9719999999998	2148.891964081983	99999	sp
2148.891964081983	2149.1714864655273	108	COUNT
2149.1714864655273	2149.272	433	THE
2149.272	2149.492	288	NUMBER
2149.492	2149.659334276398	293	OF
2149.659334276398	2150.1950282610287	428	TEASPOONS
2150.1950282610287	2150.302	293	OF
2150.302	2150.920847830863	394	SOYSAUCE
2150.920847830863	2151.0373154906724	432	THAT
2151.0373154906724	2151.2219999999998	494	YOU
2151.2219999999998	2151.582	7	ADD
2151.582	2160.0687374982617	99999	sp
2160.0687374982617	2160.7219999999998	44	BAGPIPES
2160.7219999999998	2160.873251432832	20	AND
2160.873251432832	2161.372	59	BONGOS
2161.372	2161.46056862324	30	ARE
2161.46056862324	2161.9735986308265	272	MUSICAL
2161.9735986308265	2162.872	220	INSTRUMENTS
2162.872	2170.512823193615	99999	sp
2170.512823193615	2170.8388750930976	210	HOW
2170.8388750930976	2170.972340735691	189	GOOD
2170.972340735691	2171.152	224	IS
2171.152	2171.2902659692263	495	YOUR
2171.2902659692263	2171.9719999999998	138	ENDURANCE
2171.9719999999998	2179.802	99999	{NS}
2179.802	2179.992	99999	sp
2179.992	2186.622	99999	{NS}
2678.2219999999998	2692.962	99999	{NS}
2692.962	2703.812	99999	{NS}
2703.812	2704.1793464333805	99999	sp
2704.1793464333805	2704.3212990524758	30	ARE
2704.3212990524758	2704.5854861576313	495	YOUR
2704.5854861576313	2704.822	192	GRADES
2704.822	2705.192	206	HIGHER
2705.192	2705.24718832747	301	OR
2705.24718832747	2705.5995691714047	250	LOWER
2705.5995691714047	2705.752	431	THAN
2705.752	2706.482	274	NANCY'S
2706.482	2713.042	99999	sp
2713.042	2713.292	374	SHE
2713.292	2713.542	489	WORE
2713.542	2713.9043264507054	470	WARM
2713.9043264507054	2714.463530930244	158	FLEECY
2714.463530930244	2714.8040136569684	488	WOOLEN
2714.8040136569684	2715.592	310	OVERALLS
2715.592	2722.973066370965	99999	sp
2722.973066370965	2723.3397429756455	353	READING
2723.3397429756455	2723.5437643845844	217	IN
2723.5437643845844	2723.746549485597	334	POOR
2723.746549485597	2724.0522894075066	239	LIGHT
2724.0522894075066	2724.2689207027465	181	GIVES
2724.2689207027465	2724.352	494	YOU
2724.352	2724.982	150	EYESTRAIN
2724.982	2731.300810718428	99999	sp
2731.300810718428	2731.6612010896138	142	EVEN
2731.6612010896138	2731.90697087003	211	I
2731.90697087003	2732.5285205760574	292	OCCASIONALLY
2732.5285205760574	2732.7368801414727	177	GET
2732.7368801414727	2732.802	433	THE
2732.802	2733.176361557206	264	MONDAY
2733.176361557206	2733.712	56	BLUES
2733.712	2740.3002298344622	99999	sp
2740.3002298344622	2740.412	475	WE
2740.412	2740.5278676779512	30	ARE
2740.5278676779512	2740.9029284040853	300	OPEN
2740.9029284040853	2741.232	145	EVERY
2741.232	2741.562	264	MONDAY
2741.562	2742.012	143	EVENING
2742.012	2748.7971104054927	99999	sp
2748.7971104054927	2749.006706278835	226	IT'S
2749.006706278835	2749.199751128451	284	NOT
2749.199751128451	2749.5602239023406	133	EASY
2749.5602239023406	2749.7221597649136	445	TO
2749.7221597649136	2750.023951119012	113	CREATE
2750.023951119012	2750.662	215	ILLUMINATING
2750.662	2751.462	146	EXAMPLES
2751.462	2758.5729496793037	99999	sp
2758.5729496793037	2758.9077081306827	269	MUM
2758.9077081306827	2759.380898401715	406	STRONGLY
2759.380898401715	2759.862	126	DISLIKES
2759.862	2760.782	27	APPETIZERS
2760.782	2767.654187094234	99999	sp
2767.654187094234	2767.892	442	THOSE
2767.892	2768.028198876388	483	WHO
2768.028198876388	2768.312	426	TEACH
2768.312	2768.7576409372505	461	VALUES
2768.7576409372505	2769.092	156	FIRST
2769.092	2769.5749403223926	4	ABOLISH
2769.5749403223926	2769.962	87	CHEATING
2769.962	2776.8979148995004	99999	sp
2776.8979148995004	2776.983029974969	433	THE
2776.983029974969	2777.412	165	FRIGHTENED
2777.412	2777.757000075433	89	CHILD
2777.757000075433	2777.9719999999998	471	WAS
2777.9719999999998	2778.2740665948286	176	GENTLY
2778.2740665948286	2778.792	409	SUBDUED
2778.792	2778.982	73	BY
2778.982	2779.1844006159117	208	HIS
2779.1844006159117	2779.407250736406	52	BIG
2779.407250736406	2779.892	66	BROTHER
2779.892	2786.4610488873427	99999	sp
2786.4610488873427	2786.7792188956837	142	EVEN
2786.7792188956837	2786.8808250170246	1	A
2786.8808250170246	2787.2519371753474	382	SIMPLE
2787.2519371753474	2788.032	467	VOCABULARY
2788.032	2788.522	104	CONTAINS
2788.522	2789.172	421	SYMBOLS
2789.172	2795.6075537111337	99999	sp
2795.6075537111337	2795.8006585386033	1	A
2795.8006585386033	2796.112	110	CRAB
2796.112	2796.5748684167897	85	CHALLENGED
2796.5748684167897	2796.736025102032	257	ME
2796.736025102032	2796.8775813287752	70	BUT
2796.8775813287752	2797.0338229049294	1	A
2797.0338229049294	2797.272	349	QUICK
2797.272	2797.746181972844	401	STAB
2797.746181972844	2798.312	463	VANQUISHED
2798.312	2798.552	207	HIM
2798.552	2805.554110121714	99999	sp
2805.554110121714	2806.032	183	GLUCOSE
2806.032	2806.182	20	AND
2806.182	2806.659954044189	167	FRUCTOSE
2806.659954044189	2806.752	30	ARE
2806.752	2807.2128722902335	275	NATURAL
2807.2128722902335	2807.712	413	SUGARS
2807.712	2807.9242423920214	163	FOUND
2807.9242423920214	2808.0610932984728	217	IN
2808.0610932984728	2808.432	168	FRUIT
2808.432	2815.1020089729986	99999	sp
2815.1020089729986	2815.232	30	ARE
2815.232	2815.372	494	YOU
2815.372	2815.7478254940984	249	LOOKING
2815.7478254940984	2815.9537684449033	161	FOR
2815.9537684449033	2816.492	136	EMPLOYMENT
2816.492	2825.0075612328615	99999	sp
2825.0075612328615	2825.335582097009	98	COFFEE
2825.335582097009	2825.5373815482853	224	IS
2825.5373815482853	2825.760045450091	198	GROWN
2825.760045450091	2825.9025405351617	296	ON
2825.9025405351617	2826.3386689004333	403	STEEP
2826.3386689004333	2826.672	88888	JUNGLE
2826.672	2826.862	240	LIKE
2826.862	2827.2521872315065	389	SLOPES
2827.2521872315065	2827.402	217	IN
2827.402	2827.8832499723117	430	TEMPERATE
2827.8832499723117	2828.512	496	ZONES
2828.512	2835.773487112121	99999	sp
2835.773487112121	2835.922	475	WE
2835.922	2836.352	479	WELCOME
2836.352	2836.587492067835	255	MANY
2836.587492067835	2836.7342196801847	281	NEW
2836.7342196801847	2837.2219999999998	407	STUDENTS
2837.2219999999998	2837.462	132	EACH
2837.462	2837.732	490	YEAR
2837.732	2845.8528711763033	99999	sp
2845.8528711763033	2846.1483778862685	297	ONLY
2846.1483778862685	2846.2528659110867	433	THE
2846.2528659110867	2846.5942128667275	51	BEST
2846.5942128667275	2846.9617198741826	329	PLAYERS
2846.9617198741826	2847.312	139	ENJOY
2847.312	2848.202	335	POPULARITY
2848.202	2854.4597787859225	99999	sp
2854.4597787859225	2854.942	75	CALCIUM
2854.942	2855.2699124204446	253	MAKES
2855.2699124204446	2855.652	58	BONES
2855.652	2855.862	20	AND
2855.862	2856.082	429	TEETH
2856.082	2856.562	405	STRONG
2856.562	2863.5668225340123	99999	sp
2863.5668225340123	2863.962	285	NOTHING
2863.962	2864.092	224	IS
2864.092	2864.322	34	AS
2864.322	2864.832	294	OFFENSIVE
2864.832	2864.992	34	AS
2864.992	2865.752	219	INNOCENCE
2865.752	2871.812	99999	sp
2871.812	2872.2408213092585	404	STEVE
2872.2408213092585	2872.382	489	WORE
2872.382	2872.504936633214	1	A
2872.504936633214	2872.8800340681055	65	BRIGHT
2872.8800340681055	2873.20152765764	355	RED
2873.20152765764	2873.682	78	CASHMERE
2873.682	2874.172	419	SWEATER
2874.172	2880.9872539702596	99999	sp
2880.9872539702596	2881.342549896275	46	BARB'S
2881.342549896275	2881.5851192273535	188	GOLD
2881.5851192273535	2881.982	63	BRACELET
2881.982	2882.1411126251514	471	WAS
2882.1411126251514	2882.280757537943	1	A
2882.280757537943	2882.8998267010165	193	GRADUATION
2882.8998267010165	2883.402	338	PRESENT
2883.402	2889.8168455223026	99999	sp
2889.8168455223026	2890.033584531092	130	DRAW
2890.033584531092	2890.352	145	EVERY
2890.352	2890.628724408868	307	OUTER
2890.628724408868	2890.848689500132	243	LINE
2890.848689500132	2891.262	156	FIRST
2891.262	2891.4250093773594	435	THEN
2891.4250093773594	2891.672	154	FILL
2891.672	2891.782	217	IN
2891.782	2891.932	433	THE
2891.932	2892.542	222	INTERIOR
2892.542	2898.735873200456	99999	sp
2898.735873200456	2898.852	433	THE
2898.852	2899.201100346471	474	WATER
2899.201100346471	2899.646569057907	103	CONTAINED
2899.646569057907	2899.772643956944	447	TOO
2899.772643956944	2900.0555123741515	268	MUCH
2900.0555123741515	2900.442	90	CHLORINE
2900.442	2900.602	20	AND
2900.602	2900.882	408	STUNG
2900.882	2901.062	208	HIS
2901.062	2901.592	149	EYES
2901.592	2909.249481376236	99999	sp
2909.249481376236	2909.692981144339	229	JOHN'S
2909.692981144339	2909.992	66	BROTHER
2909.992	2910.5756794886947	362	REPAINTED
2910.5756794886947	2910.651729803803	433	THE
2910.651729803803	2911.1751581433828	173	GARAGE
2911.1751581433828	2911.542	129	DOOR
2911.542	2918.779568258928	99999	sp
2918.779568258928	2919.2037946358887	84	CHALLENGE
2919.2037946358887	2919.422	132	EACH
2919.422	2919.83380763527	175	GENERAL'S
2919.83380763527	2920.752	221	INTELLIGENCE
2920.752	2927.5573577949112	99999	sp
2927.5573577949112	2928.528763684769	17	AMBIDEXTROUS
2928.528763684769	2929.052	326	PICKPOCKETS
2929.052	2929.617427509759	6	ACCOMPLISH
2929.617427509759	2929.942	266	MORE
2929.942	2936.482	99999	sp
2936.482	2936.5295358548606	1	A
2936.5295358548606	2937.000930157919	270	MUSCULAR
2937.000930157919	2937.627115849182	2	ABDOMEN
2937.627115849182	2937.854311523746	224	IS
2937.854311523746	2937.977216080125	189	GOOD
2937.977216080125	2938.122	161	FOR
2938.122	2938.241157588801	495	YOUR
2938.241157588801	2938.702	43	BACK
2938.702	2945.3090472505014	99999	sp
2945.3090472505014	2945.482	437	THEY
2945.482	2945.640143640664	316	OWN
2945.640143640664	2945.8240767054044	1	A
2945.8240767054044	2945.992	52	BIG
2945.992	2946.3486646583833	209	HOUSE
2946.3486646583833	2946.462	217	IN
2946.462	2946.542	433	THE
2946.542	2946.964639661387	360	REMOTE
2946.964639661387	2947.742	109	COUNTRYSIDE
2947.742	2954.271855818096	99999	sp
2954.271855818096	2954.3727240701023	433	THE
2954.3727240701023	2954.703790416486	368	ROSE
2954.703790416486	2955.202	106	CORSAGE
2955.202	2955.532	392	SMELLED
2955.532	2955.992	420	SWEET
2955.992	2963.5422055831414	99999	sp
2963.5422055831414	2963.684913890836	433	THE
2963.684913890836	2964.250464588237	325	PICKPOCKET
2964.250464588237	2964.460800967922	471	WAS
2964.460800967922	2964.742	80	CAUGHT
2964.742	2964.950792879647	355	RED
2964.950792879647	2965.462	199	HANDED
2965.462	2973.085475121993	99999	sp
2973.085475121993	2973.205555783199	19	AN
2973.205555783199	2973.6067056584075	9	ADULT
2973.6067056584075	2973.8264472955643	254	MALE
2973.8264472955643	2975.0	42	BABOON'S
2975.0	2975.4301608727114	414	SUITABLE
2975.4301608727114	2984.8113796847474	99999	sp
2984.8113796847474	2985.002494082335	204	HER
2985.002494082335	2985.49478851774	469	WARDROBE
2985.49478851774	2985.918811115036	102	CONSISTS
2985.918811115036	2986.022	293	OF
2986.022	2986.262	297	ONLY
2986.262	2986.6469214489607	384	SKIRTS
2986.6469214489607	2986.793965859922	20	AND
2986.793965859922	2987.412	54	BLOUSES
2987.412	2994.7219049975683	99999	sp
2994.7219049975683	2994.8836538496257	433	THE
2994.8836538496257	2995.071583304497	452	TWO
2995.071583304497	2995.4447217326983	33	ARTISTS
2995.4447217326983	2995.952	147	EXCHANGED
2995.952	2996.712	39	AUTOGRAPHS
2996.712	3004.2484037928743	99999	sp
3004.2484037928743	3004.8488796833244	71	BUTTERSCOTCH
3004.8488796833244	3005.2234953585375	169	FUDGE
3005.2234953585375	3005.422	186	GOES
3005.422	3005.602	480	WELL
3005.602	3005.7916214785764	486	WITH
3005.7916214785764	3006.1757014800073	462	VANILLA
3006.1757014800073	3006.45385602163	212	ICE
3006.45385602163	3006.722	112	CREAM
3006.722	3013.6443274669664	99999	sp
3013.6443274669664	3013.967771687165	365	RICH
3013.967771687165	3014.372	348	PURCHASED
3014.372	3014.7117629227137	373	SEVERAL
3014.7117629227137	3015.112	381	SIGNED
3015.112	3015.892	244	LITHOGRAPHS
3015.892	3022.590294822557	99999	sp
3022.590294822557	3022.8808545786164	24	ANY
3022.8808545786164	3023.652	105	CONTRIBUTIONS
3023.652	3023.772	484	WILL
3023.772	3023.912411198089	47	BE
3023.912411198089	3024.2053236647243	195	GREATLY
3024.2053236647243	3025.062	28	APPRECIATED
3025.062	3031.5839584721753	99999	sp
3031.5839584721753	3031.7186511526156	433	THE
3031.7186511526156	3032.127381131172	111	CRANBERRY
3032.127381131172	3032.492051270356	57	BOG
3032.492051270356	3032.702	178	GETS
3032.702	3033.0384147123323	464	VERY
3033.0384147123323	3033.292	339	PRETTY
3033.292	3033.382	217	IN
3033.382	3033.802	40	AUTUMN
3033.802	3040.738140713687	99999	sp
3040.738140713687	3041.042228555555	210	HOW
3041.042228555555	3041.182	128	DO
3041.182	3041.6291763601967	317	OYSTERS
3041.6291763601967	3041.8562129307206	252	MAKE
3041.8562129307206	3042.402	319	PEARLS
3042.402	3049.579466353549	99999	sp
3049.579466353549	3049.742	256	MAY
3049.742	3049.929378567721	211	I
3049.929378567721	3050.192	303	ORDER
3050.192	3050.3087531480014	1	A
3050.3087531480014	3050.7415983047154	318	PARFAIT
3050.7415983047154	3051.062	10	AFTER
3051.062	3051.162	211	I
3051.162	3051.365601300919	134	EAT
3051.365601300919	3051.762	124	DINNER
3051.762	3059.789962264731	99999	sp
3059.789962264731	3059.912	224	IS
3059.912	3060.1339927024646	374	SHE
3060.1339927024646	3060.382	187	GOING
3060.382	3060.5562507668296	486	WITH
3060.5562507668296	3060.842	494	YOU
3060.842	3068.351903523767	99999	sp
3068.351903523767	3068.521886862838	76	CAN
3068.521886862838	3068.5848218707292	433	THE
3068.5848218707292	3069.132	11	AGENCY
3069.132	3069.699899715628	314	OVERTHROW
3069.699899715628	3070.062	13	ALIEN
3070.062	3070.682	162	FORCES
3070.682	3077.140293175683	99999	sp
3077.140293175683	3077.276750389055	1	A
3077.276750389055	3077.8931070758886	370	SCREWDRIVER
3077.8931070758886	3078.049508845236	224	IS
3078.049508845236	3078.290661679212	251	MADE
3078.290661679212	3078.538284467271	166	FROM
3078.538284467271	3078.941132669389	468	VODKA
3078.941132669389	3079.002	20	AND
3079.002	3079.392	302	ORANGE
3079.392	3079.862	230	JUICE
3079.862	3087.155514214348	99999	sp
3087.155514214348	3087.362	210	HOW
3087.362	3087.552	268	MUCH
3087.552	3088.052	16	ALLOWANCE
3088.052	3088.112	128	DO
3088.112	3088.194717037951	494	YOU
3088.194717037951	3088.622	177	GET
3088.622	3095.9239058263734	99999	sp
3095.9239058263734	3096.5390861579194	115	CYCLICAL
3096.5390861579194	3097.0595698888064	345	PROGRAMS
3097.0595698888064	3097.162	484	WILL
3097.162	3097.5206476776652	280	NEVER
3097.5206476776652	3098.132	100	COMPILE
3098.132	3104.3299800097902	99999	sp
3104.3299800097902	3104.478788953683	433	THE
3104.478788953683	3104.892	61	BOSTON
3104.892	3105.272	45	BALLET
3105.272	3105.76032096655	311	OVERCAME
3105.76032096655	3105.8791328506063	434	THEIR
3105.8791328506063	3106.2366913741484	170	FUNDING
3106.2366913741484	3106.942	379	SHORTAGE
3106.942	3114.5875303429593	99999	sp
3114.5875303429593	3114.9433243335698	145	EVERY
3114.9433243335698	3115.2074160956563	74	CAB
3115.2074160956563	3115.4543972221554	279	NEEDS
3115.4543972221554	3115.7314288924067	88888	RE
3115.7314288924067	3115.832595447148	99999	sp
3115.832595447148	3116.442	363	REPAINTING
3116.442	3116.952	295	OFTEN
3116.952	3124.7915027109034	99999	sp
3124.7915027109034	3125.118529480881	203	HELP
3125.118529480881	3125.342	196	GREG
3125.342	3125.5237303935746	445	TO
3125.5237303935746	3125.6619521398784	324	PICK
3125.6619521398784	3125.796056642675	1	A
3125.796056642675	3125.972	320	PECK
3125.972	3126.1477332845384	293	OF
3126.1477332845384	3126.852	337	POTATOES
3126.852	3133.66870697656	99999	sp
3133.66870697656	3133.774578952452	475	WE
3133.774578952452	3134.074549550813	240	LIKE
3134.074549550813	3134.2827109528184	55	BLUE
3134.2827109528184	3134.683259928277	88	CHEESE
3134.683259928277	3134.8102527101914	70	BUT
3134.8102527101914	3135.172	465	VICTOR
3135.172	3135.50071978015	241	LIKES
3135.50071978015	3135.832	64	BRIE
3135.832	3143.586878598751	99999	sp
3143.586878598751	3143.863322091358	108	COUNT
3143.863322091358	3143.9444906062085	433	THE
3143.9444906062085	3144.232	288	NUMBER
3144.232	3144.3873348881084	293	OF
3144.3873348881084	3144.902	428	TEASPOONS
3144.902	3144.982	293	OF
3144.982	3145.5924038072753	394	SOYSAUCE
3145.5924038072753	3145.702	432	THAT
3145.702	3145.8735527210333	494	YOU
3145.8735527210333	3146.222	7	ADD
3146.222	3153.5968059333813	99999	sp
3153.5968059333813	3154.152	44	BAGPIPES
3154.152	3154.323151839614	20	AND
3154.323151839614	3154.7542325686372	59	BONGOS
3154.7542325686372	3154.8553991233784	30	ARE
3154.8553991233784	3155.3594138802378	272	MUSICAL
3155.3594138802378	3156.232	220	INSTRUMENTS
3156.232	3163.47027605464	99999	sp
3163.47027605464	3163.7690702977134	210	HOW
3163.7690702977134	3163.9131738204555	189	GOOD
3163.9131738204555	3164.072	224	IS
3164.072	3164.262	495	YOUR
3164.262	3165.272	138	ENDURANCE
