12.101513676859359	12.392	495	YOUR
12.392	12.732	192	GRADES
12.732	13.192661721460746	206	HIGHER
13.192661721460746	13.361995395794667	301	OR
13.361995395794667	13.800346626829914	250	LOWER
13.800346626829914	13.972	431	THAN
13.972	14.672	274	NANCY'S
14.672	21.46025347667711	99999	sp
21.46025347667711	21.792	374	SHE
21.792	22.112	489	WORE
22.112	22.57169227176552	470	WARM
22.57169227176552	23.110134524915434	158	FLEECY
23.110134524915434	23.57065491019022	488	WOOLEN
23.57065491019022	24.312	310	OVERALLS
24.312	33.91508200639874	99999	sp
33.91508200639874	34.2821842507543	353	READING
34.2821842507543	34.535528640745284	217	IN
34.535528640745284	34.792	334	POOR
34.792	35.15962808424485	239	LIGHT
35.15962808424485	35.40501859227481	181	GIVES
35.40501859227481	35.502	494	YOU
35.502	36.232	150	EYESTRAIN
36.232	45.02277999265507	99999	sp
45.02277999265507	45.352	142	EVEN
45.352	45.72266726450847	211	I
45.72266726450847	46.33225537012239	292	OCCASIONALLY
46.33225537012239	46.49815633332021	177	GET
46.49815633332021	46.555486267840166	433	THE
46.555486267840166	46.99371493696955	264	MONDAY
46.99371493696955	47.582	56	BLUES
47.582	56.53124102784893	99999	sp
56.53124102784893	56.686989300696204	475	WE
56.686989300696204	56.83270991049576	30	ARE
56.83270991049576	57.32931290001127	300	OPEN
57.32931290001127	57.71060095496746	145	EVERY
57.71060095496746	58.151810526274524	264	MONDAY
58.151810526274524	58.642	143	EVENING
58.642	67.22257448625493	99999	sp
67.22257448625493	67.44366629785873	226	IT'S
67.44366629785873	67.61909378501262	284	NOT
67.61909378501262	68.06284993937717	133	EASY
68.06284993937717	68.26160612652488	445	TO
68.26160612652488	68.58555846977444	113	CREATE
68.58555846977444	69.29525209549789	215	ILLUMINATING
69.29525209549789	70.182	146	EXAMPLES
70.182	78.36267148053486	99999	sp
78.36267148053486	78.75314187243518	269	MUM
78.75314187243518	79.34461238750706	406	STRONGLY
79.34461238750706	79.89264867765559	126	DISLIKES
79.89264867765559	80.782	27	APPETIZERS
80.782	88.96325620510883	99999	sp
88.96325620510883	89.22252215728281	442	THOSE
89.22252215728281	89.352	483	WHO
89.352	89.652	426	TEACH
89.652	90.15109119196123	461	VALUES
90.15109119196123	90.55342894192235	156	FIRST
90.55342894192235	91.16671584493517	4	ABOLISH
91.16671584493517	91.712	87	CHEATING
91.712	100.06098986247584	99999	sp
100.06098986247584	100.14053861659416	433	THE
100.14053861659416	100.652	165	FRIGHTENED
100.652	101.06855697887914	89	CHILD
101.06855697887914	101.302	471	WAS
101.302	101.62255171536731	176	GENTLY
101.62255171536731	102.302	409	SUBDUED
102.302	102.472	73	BY
102.472	102.71012955278793	208	HIS
102.71012955278793	102.95973768149919	52	BIG
102.95973768149919	103.362	66	BROTHER
103.362	112.27576243586213	99999	sp
112.27576243586213	112.54847522031086	142	EVEN
112.54847522031086	112.63073825972461	1	A
112.63073825972461	113.172	88888	SIMPLY
113.172	113.662	88888	VOCAB
113.662	113.91882604744872	142	EVEN
113.91882604744872	113.98567663758301	1	A
113.98567663758301	114.35516822370128	382	SIMPLE
114.35516822370128	115.1191555252495	467	VOCABULARY
115.1191555252495	115.672	104	CONTAINS
115.672	116.212	421	SYMBOLS
116.212	125.75670081711733	99999	sp
125.75670081711733	125.94307321284244	1	A
125.94307321284244	126.32270976655299	110	CRAB
126.32270976655299	126.822	85	CHALLENGED
126.822	127.11998864370548	257	ME
127.11998864370548	127.19485539561994	70	BUT
127.19485539561994	127.35324901427401	1	A
127.35324901427401	127.592	349	QUICK
127.592	128.0697845435801	401	STAB
128.0697845435801	128.572	463	VANQUISHED
128.572	128.812	207	HIM
128.812	137.6797091886066	99999	sp
137.6797091886066	138.1644184130112	183	GLUCOSE
138.1644184130112	138.29560395257354	20	AND
138.29560395257354	138.88791951480283	167	FRUCTOSE
138.88791951480283	139.05856366747722	30	ARE
139.05856366747722	139.56465899960995	275	NATURAL
139.56465899960995	140.102	413	SUGARS
140.102	140.35773063085486	163	FOUND
140.35773063085486	140.502	217	IN
140.502	141.052	168	FRUIT
141.052	149.82740303947338	99999	sp
149.82740303947338	149.912	30	ARE
149.912	150.102	494	YOU
150.102	150.482	249	LOOKING
150.482	150.702	161	FOR
150.702	151.392	136	EMPLOYMENT
151.392	158.85022119606282	99999	sp
158.85022119606282	159.1900922727763	98	COFFEE
159.1900922727763	159.39666397712077	224	IS
159.39666397712077	159.634224505195	198	GROWN
159.634224505195	159.802	296	ON
159.802	160.2538495678174	403	STEEP
160.2538495678174	160.602	88888	JUNGLE
160.602	160.802	240	LIKE
160.802	161.2565388466391	389	SLOPES
161.2565388466391	161.45250526210998	217	IN
161.45250526210998	161.922	430	TEMPERATE
161.922	162.512	496	ZONES
162.512	172.09429241595754	99999	sp
172.09429241595754	172.272	475	WE
172.272	172.712	479	WELCOME
172.712	173.00131065443236	255	MANY
173.00131065443236	173.162	281	NEW
173.162	173.80262546184844	407	STUDENTS
173.80262546184844	174.072	132	EACH
174.072	174.372	490	YEAR
174.372	182.80657574814094	99999	sp
182.80657574814094	183.07218469715465	297	ONLY
183.07218469715465	183.28794454814388	433	THE
183.28794454814388	183.57605163175506	51	BEST
183.57605163175506	184.012	329	PLAYERS
184.012	184.48112300882568	139	ENJOY
184.48112300882568	185.292	335	POPULARITY
185.292	193.6032827889384	99999	sp
193.6032827889384	194.152	75	CALCIUM
194.152	194.45726709346465	253	MAKES
194.45726709346465	194.792	58	BONES
194.792	194.95884606271608	20	AND
194.95884606271608	195.202	429	TEETH
195.202	195.712	405	STRONG
195.712	203.3994215619853	99999	sp
203.3994215619853	203.862	285	NOTHING
203.862	204.012	224	IS
204.012	204.222	34	AS
204.222	204.802	294	OFFENSIVE
204.802	205.102	34	AS
205.102	205.812	219	INNOCENCE
205.812	213.982	99999	sp
213.982	214.43012831544797	404	STEVE
214.43012831544797	214.672	489	WORE
214.672	214.74615552275208	1	A
214.74615552275208	215.09955048464064	65	BRIGHT
215.09955048464064	215.38824472729263	355	RED
215.38824472729263	215.974415143327	78	CASHMERE
215.974415143327	216.472	419	SWEATER
216.472	223.85573341503198	99999	sp
223.85573341503198	224.27133180274808	46	BARB'S
224.27133180274808	224.53428800681033	188	GOLD
224.53428800681033	224.9664800983987	63	BRACELET
224.9664800983987	225.142	471	WAS
225.142	225.2484486038305	1	A
225.2484486038305	226.00428556743805	193	GRADUATION
226.00428556743805	226.512	338	PRESENT
226.512	234.90039101816257	99999	sp
234.90039101816257	235.2398766732703	130	DRAW
235.2398766732703	235.52528740676013	145	EVERY
235.52528740676013	235.8622093135863	307	OUTER
235.8622093135863	236.1490779597163	243	LINE
236.1490779597163	236.752	156	FIRST
236.752	236.85143380788915	99999	sp
236.85143380788915	237.1223587267619	435	THEN
237.1223587267619	237.392	154	FILL
237.392	237.522	217	IN
237.522	237.732	433	THE
237.732	238.392	222	INTERIOR
238.392	247.32848308693147	99999	sp
247.32848308693147	247.45309783667838	433	THE
247.45309783667838	247.82520255117936	474	WATER
247.82520255117936	248.36914262045087	103	CONTAINED
248.36914262045087	248.51615031926573	447	TOO
248.51615031926573	248.80586435756797	268	MUCH
248.80586435756797	249.22794751749194	90	CHLORINE
249.22794751749194	249.37734308306756	20	AND
249.37734308306756	249.74425171141962	408	STUNG
249.74425171141962	249.932	208	HIS
249.932	250.382	149	EYES
250.382	258.5514080844836	99999	sp
258.5514080844836	259.02785762007335	229	JOHN'S
259.02785762007335	259.41103351182073	66	BROTHER
259.41103351182073	260.02864666771393	362	REPAINTED
260.02864666771393	260.15295392283775	433	THE
260.15295392283775	260.622	173	GARAGE
260.622	260.992	129	DOOR
260.992	268.3242712317822	99999	sp
268.3242712317822	268.782	84	CHALLENGE
268.782	269.01941039918995	132	EACH
269.01941039918995	269.612	175	GENERAL'S
269.612	270.552	221	INTELLIGENCE
270.552	278.0728053514971	99999	sp
278.0728053514971	279.0824089708257	17	AMBIDEXTROUS
279.0824089708257	279.752	326	PICKPOCKETS
279.752	280.3580532064836	6	ACCOMPLISH
280.3580532064836	280.682	266	MORE
280.682	288.9664932058606	99999	sp
288.9664932058606	289.0592345762515	1	A
289.0592345762515	289.492	270	MUSCULAR
289.492	290.2089828674214	2	ABDOMEN
290.2089828674214	290.51999012527784	224	IS
290.51999012527784	290.65340753531393	189	GOOD
290.65340753531393	290.8268201488841	161	FOR
290.8268201488841	291.0196118725032	495	YOUR
291.0196118725032	291.382	43	BACK
291.382	298.850136455878	99999	sp
298.850136455878	299.0212486696259	437	THEY
299.0212486696259	299.23138894431963	316	OWN
299.23138894431963	299.31550066346256	1	A
299.31550066346256	299.632	52	BIG
299.632	300.0894017593437	209	HOUSE
300.0894017593437	300.292	217	IN
300.292	300.40333663057294	433	THE
300.40333663057294	300.8340326004444	360	REMOTE
300.8340326004444	301.552	109	COUNTRYSIDE
301.552	309.3160623462185	99999	sp
309.3160623462185	309.46191885678263	433	THE
309.46191885678263	310.02052756122293	368	ROSE
310.02052756122293	310.622	106	CORSAGE
310.622	311.032	392	SMELLED
311.032	311.552	420	SWEET
311.552	319.1882631246194	99999	sp
319.1882631246194	319.43032683468084	432	THAT
319.43032683468084	319.9736142344634	325	PICKPOCKET
319.9736142344634	320.2227164236102	471	WAS
320.2227164236102	320.442	80	CAUGHT
320.442	320.622	355	RED
320.622	321.292	199	HANDED
321.292	328.52879097927735	99999	sp
328.52879097927735	328.64296222285213	19	AN
328.64296222285213	329.08617118159646	9	ADULT
329.08617118159646	329.41123514865205	254	MALE
329.41123514865205	330.0677852152144	42	BABOON'S
330.0677852152144	330.332	429	TEETH
330.332	330.44895937131423	30	ARE
330.44895937131423	330.722	284	NOT
330.722	331.1781855799447	414	SUITABLE
331.1781855799447	331.322	161	FOR
331.322	331.662	135	EATING
331.662	332.412	375	SHELLFISH
332.412	341.5866918607732	99999	sp
341.5866918607732	341.822	204	HER
341.822	342.38744450288925	469	WARDROBE
342.38744450288925	342.862	102	CONSISTS
342.862	342.9615860935982	293	OF
342.9615860935982	343.222	297	ONLY
343.222	343.6719168390489	384	SKIRTS
343.6719168390489	343.8103118962431	20	AND
343.8103118962431	344.572	54	BLOUSES
344.572	352.0498106601151	99999	sp
352.0498106601151	352.2108415391314	433	THE
352.2108415391314	352.392	452	TWO
352.392	352.84918703026386	33	ARTISTS
352.84918703026386	353.50083210996047	147	EXCHANGED
353.50083210996047	354.242	39	AUTOGRAPHS
354.242	357.062	99999	sp
357.062	358.142	99999	sp
358.142	361.2699899182719	99999	sp
361.2699899182719	361.912	71	BUTTERSCOTCH
361.912	362.3710496556575	169	FUDGE
362.3710496556575	362.67077487639267	186	GOES
362.67077487639267	362.872	480	WELL
362.872	363.042	486	WITH
363.042	363.4467613221179	462	VANILLA
363.4467613221179	363.79556781127553	212	ICE
363.79556781127553	364.052	112	CREAM
364.052	373.473603454348	99999	sp
373.473603454348	373.8385369594904	365	RICH
373.8385369594904	374.312	348	PURCHASED
374.312	374.74016447535723	373	SEVERAL
374.74016447535723	375.202	381	SIGNED
375.202	376.092	244	LITHOGRAPHS
376.092	386.642	99999	{NS}
386.642	386.8805605309843	99999	sp
386.8805605309843	387.0880224590154	24	ANY
387.0880224590154	387.99459030792843	105	CONTRIBUTIONS
387.99459030792843	388.092	484	WILL
388.092	388.2562955583508	47	BE
388.2562955583508	388.582	195	GREATLY
388.582	389.392	28	APPRECIATED
389.392	398.88761293314553	99999	sp
398.88761293314553	399.0388511427428	433	THE
399.0388511427428	399.5249761310713	111	CRANBERRY
399.5249761310713	399.922	57	BOG
399.922	400.162	178	GETS
400.162	400.505372006721	464	VERY
400.505372006721	400.742	339	PRETTY
400.742	400.86696901258114	217	IN
400.86696901258114	401.312	40	AUTUMN
401.312	409.3742231615599	99999	sp
409.3742231615599	409.5972980641378	210	HOW
409.5972980641378	409.7392040090301	128	DO
409.7392040090301	410.3892834307062	317	OYSTERS
410.3892834307062	410.66447304379375	252	MAKE
410.66447304379375	411.142	319	PEARLS
411.142	418.2766003823519	99999	sp
418.2766003823519	418.4356703339006	256	MAY
418.4356703339006	418.60697286656756	211	I
418.60697286656756	419.1163535820432	303	ORDER
419.1163535820432	419.5208564295698	99999	sp
419.5208564295698	419.68188745741685	1	A
419.68188745741685	420.18578687165945	318	PARFAIT
420.18578687165945	420.552	10	AFTER
420.552	420.6578358597079	211	I
420.6578358597079	420.83393875715643	134	EAT
420.83393875715643	421.452	124	DINNER
421.452	428.8169860669421	99999	sp
428.8169860669421	428.942	224	IS
428.942	429.16031650662967	374	SHE
429.16031650662967	429.442	187	GOING
429.442	429.6342392063026	486	WITH
429.6342392063026	429.862	494	YOU
429.862	436.0351807020076	99999	sp
436.0351807020076	436.222	76	CAN
436.222	436.29412067703834	433	THE
436.29412067703834	436.8827510643096	11	AGENCY
436.8827510643096	437.60379576206896	314	OVERTHROW
437.60379576206896	438.07358841313726	13	ALIEN
438.07358841313726	438.632	162	FORCES
438.632	446.0211121581892	99999	sp
446.0211121581892	446.16624514529593	1	A
446.16624514529593	446.812	370	SCREWDRIVER
446.812	446.9835495712902	224	IS
446.9835495712902	447.2898267767281	251	MADE
447.2898267767281	447.56826985838103	166	FROM
447.56826985838103	447.98559692884004	468	VODKA
447.98559692884004	448.112	20	AND
448.112	448.572	302	ORANGE
448.572	449.042	230	JUICE
449.042	456.3740372252923	99999	sp
456.3740372252923	456.5681434420927	210	HOW
456.5681434420927	456.79375883666324	268	MUCH
456.79375883666324	457.362	16	ALLOWANCE
457.362	457.422	128	DO
457.422	457.532	494	YOU
457.532	457.902	177	GET
457.902	464.152	99999	sp
464.152	464.8286475997965	115	CYCLICAL
464.8286475997965	465.4269943916549	345	PROGRAMS
465.4269943916549	465.54056378200323	484	WILL
465.54056378200323	465.8989907512121	280	NEVER
465.8989907512121	466.492	100	COMPILE
466.492	473.8304178541531	99999	sp
473.8304178541531	473.9009213117654	433	THE
473.9009213117654	474.472	61	BOSTON
474.472	474.872	45	BALLET
474.872	475.442	311	OVERCAME
475.442	475.572	434	THEIR
475.572	475.98628885932976	170	FUNDING
475.98628885932976	476.712	379	SHORTAGE
476.712	484.4319558584057	99999	sp
484.4319558584057	484.88468834914505	145	EVERY
484.88468834914505	485.222	74	CAB
485.222	485.502	279	NEEDS
485.502	486.1432449196448	363	REPAINTING
486.1432449196448	486.762	295	OFTEN
486.762	493.6651434933558	99999	sp
493.6651434933558	494.0278612242733	203	HELP
494.0278612242733	494.34756551066977	196	GREG
494.34756551066977	494.472	445	TO
494.472	494.65621611716074	324	PICK
494.65621611716074	494.7760227390524	1	A
494.7760227390524	495.022	320	PECK
495.022	495.2049128458638	293	OF
495.2049128458638	495.922	337	POTATOES
495.922	503.6599473642509	99999	sp
503.6599473642509	503.822	475	WE
503.822	504.052	240	LIKE
504.052	504.2895621150291	55	BLUE
504.2895621150291	504.75765861454425	88	CHEESE
504.75765861454425	504.8939747996596	70	BUT
504.8939747996596	505.35644248008697	465	VICTOR
505.35644248008697	505.952	241	LIKES
505.952	506.1661019346183	99999	sp
506.1661019346183	506.592	64	BRIE
506.592	515.8023799537638	99999	sp
515.8023799537638	516.092	108	COUNT
516.092	516.192	433	THE
516.192	516.472	288	NUMBER
516.472	516.6148026818216	293	OF
516.6148026818216	517.1174724090954	428	TEASPOONS
517.1174724090954	517.2143394787887	293	OF
517.2143394787887	517.8362526110268	394	SOYSAUCE
517.8362526110268	517.972	432	THAT
517.972	518.112	494	YOU
518.112	518.472	7	ADD
518.472	526.1748324613358	99999	sp
526.1748324613358	526.712	44	BAGPIPES
526.712	526.842	20	AND
526.842	527.3115427356088	59	BONGOS
527.3115427356088	527.4118502033107	30	ARE
527.4118502033107	527.9417385416211	272	MUSICAL
527.9417385416211	528.752	220	INSTRUMENTS
528.752	536.259187470711	99999	sp
536.259187470711	536.5426125990398	210	HOW
536.5426125990398	536.720110777142	189	GOOD
536.720110777142	536.9493047628742	224	IS
536.9493047628742	537.072	495	YOUR
537.072	537.752	138	ENDURANCE
564.2932699879075	564.4249855774676	30	ARE
564.4249855774676	564.7126548140275	495	YOUR
564.7126548140275	564.962	192	GRADES
564.962	565.3798516322344	206	HIGHER
565.3798516322344	565.47963616978	301	OR
565.47963616978	565.8107048182471	250	LOWER
565.8107048182471	566.002	431	THAN
566.002	566.612	274	NANCY'S
566.612	571.5608944469665	99999	sp
571.5608944469665	571.8217224625992	374	SHE
571.8217224625992	572.2090013082097	489	WORE
572.2090013082097	572.642	470	WARM
572.642	573.1449584741929	158	FLEECY
573.1449584741929	573.5461741324364	488	WOOLEN
573.5461741324364	574.232	310	OVERALLS
574.232	582.0518764692135	99999	sp
582.0518764692135	582.422	353	READING
582.422	582.6298247944866	217	IN
582.6298247944866	582.822	334	POOR
582.822	583.1606699366131	239	LIGHT
583.1606699366131	583.3964501275309	181	GIVES
583.3964501275309	583.482	494	YOU
583.482	584.082	150	EYESTRAIN
584.082	591.3774011120053	99999	sp
591.3774011120053	591.6567860200917	142	EVEN
591.6567860200917	591.952	211	I
591.952	592.452	292	OCCASIONALLY
592.452	592.6335476270823	177	GET
592.6335476270823	592.702	433	THE
592.702	593.142	264	MONDAY
593.142	593.612	56	BLUES
593.612	595.0	99999	sp
595.0	600.7567985906412	99999	sp
600.7567985906412	600.972	475	WE
600.972	601.132	30	ARE
601.132	601.4572333940756	300	OPEN
601.4572333940756	601.802	145	EVERY
601.802	602.154657110603	264	MONDAY
602.154657110603	602.642	143	EVENING
602.642	610.5961849102428	99999	sp
610.5961849102428	610.8066076301469	226	IT'S
610.8066076301469	611.012	284	NOT
611.012	611.4105101378279	133	EASY
611.4105101378279	611.5780689703442	445	TO
611.5780689703442	611.942	113	CREATE
611.942	612.5511854171166	215	ILLUMINATING
612.5511854171166	613.362	146	EXAMPLES
613.362	621.9804423524107	99999	sp
621.9804423524107	622.252	269	MUM
622.252	622.752877574377	406	STRONGLY
622.752877574377	623.242	126	DISLIKES
623.242	624.142	27	APPETIZERS
624.142	632.2551985490624	99999	sp
632.2551985490624	632.522	442	THOSE
632.522	632.679940705906	483	WHO
632.679940705906	632.9324619809151	426	TEACH
632.9324619809151	633.512	461	VALUES
633.512	633.822	156	FIRST
633.822	634.302	4	ABOLISH
634.302	634.752	87	CHEATING
634.752	642.2191912646616	99999	sp
642.2191912646616	642.3010223224022	433	THE
642.3010223224022	642.762	165	FRIGHTENED
642.762	643.152	89	CHILD
643.152	643.372	471	WAS
643.372	643.6515676064864	176	GENTLY
643.6515676064864	644.2014687907823	409	SUBDUED
644.2014687907823	644.3610682319935	73	BY
644.3610682319935	644.5687343713558	208	HIS
644.5687343713558	644.7830538082953	52	BIG
644.7830538082953	645.262	66	BROTHER
645.262	652.6985248081745	99999	sp
652.6985248081745	652.9494021756982	142	EVEN
652.9494021756982	653.0482551620894	1	A
653.0482551620894	653.462	382	SIMPLE
653.462	654.2785549331891	467	VOCABULARY
654.2785549331891	654.792	104	CONTAINS
654.792	655.412	421	SYMBOLS
655.412	663.7729938410191	99999	sp
663.7729938410191	664.022383731276	1	A
664.022383731276	664.445177529602	110	CRAB
664.445177529602	664.8995616345409	85	CHALLENGED
664.8995616345409	665.2858055971753	257	ME
665.2858055971753	665.3569206830689	70	BUT
665.3569206830689	665.5225311570675	1	A
665.5225311570675	665.752	349	QUICK
665.752	666.1320000000001	401	STAB
666.1320000000001	666.602	463	VANQUISHED
666.602	666.842	207	HIM
666.842	674.4120927829779	99999	sp
674.4120927829779	674.842	183	GLUCOSE
674.842	675.002	20	AND
675.002	675.5000030738717	167	FRUCTOSE
675.5000030738717	675.6364417604286	30	ARE
675.6364417604286	676.106013248489	275	NATURAL
676.106013248489	676.6252507934379	413	SUGARS
676.6252507934379	676.8532087400008	163	FOUND
676.8532087400008	677.012	217	IN
677.012	677.572	168	FRUIT
677.572	684.7599121265506	99999	sp
684.7599121265506	684.862	30	ARE
684.862	685.0969781501009	494	YOU
685.0969781501009	685.402	249	LOOKING
685.402	685.572	161	FOR
685.572	686.1320000000001	136	EMPLOYMENT
686.1320000000001	693.5832301578414	99999	sp
693.5832301578414	693.8949675206625	98	COFFEE
693.8949675206625	694.151176665731	224	IS
694.151176665731	694.4229726789406	198	GROWN
694.4229726789406	694.582	296	ON
694.582	695.0668162387431	403	STEEP
695.0668162387431	695.372	88888	JUNGLE
695.372	695.592	240	LIKE
695.592	696.112	389	SLOPES
696.112	696.2883483965134	217	IN
696.2883483965134	696.762	430	TEMPERATE
696.762	697.272	496	ZONES
697.272	704.725005299859	99999	sp
704.725005299859	704.872	475	WE
704.872	705.302	479	WELCOME
705.302	705.6172648681495	255	MANY
705.6172648681495	705.7846569111193	281	NEW
705.7846569111193	706.352	407	STUDENTS
706.352	706.622	132	EACH
706.622	706.932	490	YEAR
706.932	716.0021033210473	99999	sp
716.0021033210473	716.282	297	ONLY
716.282	716.385841316236	433	THE
716.385841316236	716.7686937649506	51	BEST
716.7686937649506	717.1515462136653	329	PLAYERS
717.1515462136653	717.5235940577481	139	ENJOY
717.5235940577481	718.372	335	POPULARITY
718.372	725.1278329406525	99999	sp
725.1278329406525	725.6320000000001	75	CALCIUM
725.6320000000001	725.9281024505729	253	MAKES
725.9281024505729	726.2544957031281	58	BONES
726.2544957031281	726.402	20	AND
726.402	726.642	429	TEETH
726.642	727.152	405	STRONG
727.152	735.6671480926805	99999	sp
735.6671480926805	736.0323766819516	285	NOTHING
736.0323766819516	736.162	224	IS
736.162	736.4230225647368	34	AS
736.4230225647368	736.952	294	OFFENSIVE
736.952	737.1020865946634	34	AS
737.1020865946634	737.952	219	INNOCENCE
737.952	744.712	99999	sp
744.712	745.1502628754546	404	STEVE
745.1502628754546	745.3106355346395	489	WORE
745.3106355346395	745.3963633094152	1	A
745.3963633094152	745.762	65	BRIGHT
745.762	746.0627019224453	355	RED
746.0627019224453	746.592	78	CASHMERE
746.592	747.062	419	SWEATER
747.062	755.992598661476	99999	sp
755.992598661476	756.3725285724142	46	BARB'S
756.3725285724142	756.617047566377	188	GOLD
756.617047566377	757.0699411591468	63	BRACELET
757.0699411591468	757.2201439931598	471	WAS
757.2201439931598	757.2691025118412	1	A
757.2691025118412	758.026507093334	193	GRADUATION
758.026507093334	758.512	338	PRESENT
758.512	765.7004705673015	99999	sp
765.7004705673015	765.9616801248814	130	DRAW
765.9616801248814	766.2847208907592	145	EVERY
766.2847208907592	766.5742207296746	307	OUTER
766.5742207296746	766.8616036110252	243	LINE
766.8616036110252	767.4148487972478	156	FIRST
767.4148487972478	767.6324169125585	435	THEN
767.6324169125585	767.842	154	FILL
767.842	767.992	217	IN
767.992	768.102	433	THE
768.102	768.732	222	INTERIOR
768.732	776.0055822562103	99999	sp
776.0055822562103	776.1320000000001	433	THE
776.1320000000001	776.4670983593803	474	WATER
776.4670983593803	777.0214063576466	103	CONTAINED
777.0214063576466	777.222	447	TOO
777.222	777.5327618357401	268	MUCH
777.5327618357401	777.998419521454	90	CHLORINE
777.998419521454	778.162	20	AND
778.162	778.452	408	STUNG
778.452	778.592	208	HIS
778.592	779.082	149	EYES
779.082	787.757834295212	99999	sp
787.757834295212	788.2264145187024	229	JOHN'S
788.2264145187024	788.5800415896526	66	BROTHER
788.5800415896526	789.1664088706749	362	REPAINTED
789.1664088706749	789.2443432113802	433	THE
789.2443432113802	789.802459293897	173	GARAGE
789.802459293897	790.282	129	DOOR
790.282	799.052466948079	99999	sp
799.052466948079	799.492	84	CHALLENGE
799.492	799.792	132	EACH
799.792	800.2769216436257	175	GENERAL'S
800.2769216436257	801.1320000000001	221	INTELLIGENCE
801.1320000000001	811.209248542488	99999	sp
811.209248542488	812.152	17	AMBIDEXTROUS
812.152	812.2242546973893	99999	sp
812.2242546973893	812.842	326	PICKPOCKETS
812.842	813.402	6	ACCOMPLISH
813.402	813.732	266	MORE
813.732	821.5350705553258	99999	sp
821.5350705553258	821.6802232648893	1	A
821.6802232648893	822.2014091683558	270	MUSCULAR
822.2014091683558	822.8820000000001	2	ABDOMEN
822.8820000000001	823.1521194921752	224	IS
823.1521194921752	823.2836336921154	189	GOOD
823.2836336921154	823.452	161	FOR
823.452	823.602	495	YOUR
823.602	824.052	43	BACK
824.052	832.1634535254375	99999	sp
832.1634535254375	832.342	437	THEY
832.342	832.4798822865739	316	OWN
832.4798822865739	832.57260881414	1	A
832.57260881414	832.8444048273496	52	BIG
832.8444048273496	833.2447038699382	209	HOUSE
833.2447038699382	833.362	217	IN
833.362	833.432	433	THE
833.432	833.8720753126156	360	REMOTE
833.8720753126156	834.669839492801	109	COUNTRYSIDE
834.669839492801	842.050574712375	99999	sp
842.050574712375	842.1461541447616	433	THE
842.1461541447616	842.4849697315321	368	ROSE
842.4849697315321	843.012	106	CORSAGE
843.012	843.3720000000001	392	SMELLED
843.3720000000001	843.802	420	SWEET
843.802	852.584373364107	99999	sp
852.584373364107	852.8220731032579	432	THAT
852.8220731032579	853.342	325	PICKPOCKET
853.342	853.5488108303346	471	WAS
853.5488108303346	853.762	80	CAUGHT
853.762	853.922	355	RED
853.922	854.5319999999999	199	HANDED
854.5319999999999	863.6676977505956	99999	sp
863.6676977505956	863.7699865727714	19	AN
863.7699865727714	864.2092527857125	9	ADULT
864.2092527857125	864.4547459589342	254	MALE
864.4547459589342	865.0693644384621	42	BABOON'S
865.0693644384621	865.332	429	TEETH
865.332	865.4230854108853	30	ARE
865.4230854108853	865.712	284	NOT
865.712	866.192	414	SUITABLE
866.192	866.3785727295258	161	FOR
866.3785727295258	866.692	135	EATING
866.692	867.442	375	SHELLFISH
867.442	877.4910335635041	99999	sp
877.4910335635041	877.7088132298131	204	HER
877.7088132298131	878.2265389039101	469	WARDROBE
878.2265389039101	878.6843142252787	102	CONSISTS
878.6843142252787	878.802	293	OF
878.802	879.052	297	ONLY
879.052	879.4627978274485	384	SKIRTS
879.4627978274485	879.6028766335573	20	AND
879.6028766335573	880.3620000000001	54	BLOUSES
880.3620000000001	888.1223390713924	99999	sp
888.1223390713924	888.3103556683438	433	THE
888.3103556683438	888.482	452	TWO
888.482	888.8820000000001	33	ARTISTS
888.8820000000001	889.4481084098559	147	EXCHANGED
889.4481084098559	890.232	39	AUTOGRAPHS
890.232	899.1792719851082	99999	sp
899.1792719851082	899.7719999999999	71	BUTTERSCOTCH
899.7719999999999	900.2614965088678	169	FUDGE
900.2614965088678	900.5021187857953	186	GOES
900.5021187857953	900.672	480	WELL
900.672	900.8620000000001	486	WITH
900.8620000000001	901.214155191205	462	VANILLA
901.214155191205	901.5405052429082	212	ICE
901.5405052429082	901.942	112	CREAM
901.942	909.4140865346584	99999	sp
909.4140865346584	909.7901197285613	365	RICH
909.7901197285613	910.232	348	PURCHASED
910.232	910.5952999223894	373	SEVERAL
910.5952999223894	910.992	381	SIGNED
910.992	911.892	244	LITHOGRAPHS
911.892	921.1841189633176	99999	sp
921.1841189633176	921.3770064565631	24	ANY
921.3770064565631	922.2329230727992	105	CONTRIBUTIONS
922.2329230727992	922.3433036485235	484	WILL
922.3433036485235	922.4261088855229	47	BE
922.4261088855229	922.8147177770056	195	GREATLY
922.8147177770056	923.642	28	APPRECIATED
923.642	932.3637981661542	99999	sp
932.3637981661542	932.5177184890472	433	THE
932.5177184890472	932.9716860236554	111	CRANBERRY
932.9716860236554	933.3820000000001	57	BOG
933.3820000000001	933.6739806364767	178	GETS
933.6739806364767	933.9506475459805	464	VERY
933.9506475459805	934.182	339	PRETTY
934.182	934.329514644875	217	IN
934.329514644875	934.752	40	AUTUMN
934.752	942.668753622339	99999	sp
942.668753622339	942.9785426266425	210	HOW
942.9785426266425	943.1120000000001	128	DO
943.1120000000001	943.6123600303383	317	OYSTERS
943.6123600303383	943.8542411475331	252	MAKE
943.8542411475331	944.302	319	PEARLS
944.302	952.8071247227564	99999	sp
952.8071247227564	952.9220778752966	256	MAY
952.9220778752966	953.1568550766713	211	I
953.1568550766713	953.3720000000001	303	ORDER
953.3720000000001	953.5367849876095	1	A
953.5367849876095	953.982	318	PARFAIT
953.982	954.262	10	AFTER
954.262	954.392	211	I
954.392	954.609267421291	134	EAT
954.609267421291	954.992	124	DINNER
954.992	963.3273737951396	99999	sp
963.3273737951396	963.462	224	IS
963.462	963.6887943001602	374	SHE
963.6887943001602	963.972	187	GOING
963.972	964.142	486	WITH
964.142	964.392	494	YOU
964.392	975.784113968479	99999	sp
975.784113968479	975.932	76	CAN
975.932	976.0305813209595	433	THE
976.0305813209595	976.602	11	AGENCY
976.602	977.251139299471	314	OVERTHROW
977.251139299471	977.602	13	ALIEN
977.602	978.302	162	FORCES
978.302	985.4539934781908	99999	sp
985.4539934781908	985.5669982722135	1	A
985.5669982722135	986.226428997647	370	SCREWDRIVER
986.226428997647	986.3462530464813	224	IS
986.3462530464813	986.6120000000001	251	MADE
986.6120000000001	986.8527376282808	166	FROM
986.8527376282808	987.1975970859016	468	VODKA
987.1975970859016	987.2657896340188	20	AND
987.2657896340188	987.692	302	ORANGE
987.692	988.092	230	JUICE
988.092	995.422	99999	sp
995.422	995.6379162556824	210	HOW
995.6379162556824	995.892	268	MUCH
995.892	996.4836502651299	16	ALLOWANCE
996.4836502651299	996.582	128	DO
996.582	996.6853053717048	494	YOU
996.6853053717048	997.102	177	GET
997.102	1006.1681421662338	99999	sp
1006.1681421662338	1006.8256245331497	115	CYCLICAL
1006.8256245331497	1007.4227074885291	345	PROGRAMS
1007.4227074885291	1007.5269446692223	484	WILL
1007.5269446692223	1007.8620623342549	280	NEVER
1007.8620623342549	1008.452	100	COMPILE
1008.452	1015.0362712534701	99999	sp
1015.0362712534701	1015.1054379808461	433	THE
1015.1054379808461	1015.6266238843125	61	BOSTON
1015.6266238843125	1016.102	45	BALLET
1016.102	1016.6338366051434	311	OVERCAME
1016.6338366051434	1016.7711072478515	434	THEIR
1016.7711072478515	1017.192	170	FUNDING
1017.192	1017.962	379	SHORTAGE
1017.962	1025.6276357092368	99999	sp
1025.6276357092368	1025.975417704634	145	EVERY
1025.975417704634	1026.252969863122	74	CAB
1026.252969863122	1026.500411394861	279	NEEDS
1026.500411394861	1027.142	363	REPAINTING
1027.142	1027.782	295	OFTEN
1027.782	1036.2569039283326	99999	sp
1036.2569039283326	1036.5890990555888	203	HELP
1036.5890990555888	1036.9086298524803	196	GREG
1036.9086298524803	1037.0771628642556	445	TO
1037.0771628642556	1037.2164704982663	324	PICK
1037.2164704982663	1037.344087981171	1	A
1037.344087981171	1037.562	320	PECK
1037.562	1037.652	293	OF
1037.652	1037.7268517971008	99999	sp
1037.7268517971008	1038.412	337	POTATOES
1038.412	1047.421085490793	99999	sp
1047.421085490793	1047.6019999999999	475	WE
1047.6019999999999	1047.8788611096516	240	LIKE
1047.8788611096516	1048.071748602897	55	BLUE
1048.071748602897	1048.5715025626696	88	CHEESE
1048.5715025626696	1048.712	70	BUT
1048.712	1049.0968683113388	465	VICTOR
1049.0968683113388	1049.476426461325	241	LIKES
1049.476426461325	1049.812	64	BRIE
1049.812	1058.4010588380424	99999	sp
1058.4010588380424	1058.6718806719932	108	COUNT
1058.6718806719932	1058.7770920319454	433	THE
1058.7770920319454	1059.022	288	NUMBER
1059.022	1059.1397094144568	293	OF
1059.1397094144568	1059.1900554048987	99999	sp
1059.1900554048987	1059.9099738771636	428	TEASPOONS
1059.9099738771636	1060.032	293	OF
1060.032	1060.9221385017017	394	SOYSAUCE
1060.9221385017017	1061.0165528823934	432	THAT
1061.0165528823934	1061.242	494	YOU
1061.242	1061.5520000000001	7	ADD
1061.5520000000001	1070.7740201901038	99999	sp
1070.7740201901038	1071.6692022961709	88888	BAGPACKS
1071.6692022961709	1072.1884398411196	44	BAGPIPES
1072.1884398411196	1072.3784047965887	20	AND
1072.3784047965887	1072.8037800288262	59	BONGOS
1072.8037800288262	1072.9004762465293	30	ARE
1072.9004762465293	1073.3963334892665	272	MUSICAL
1073.3963334892665	1074.262	220	INSTRUMENTS
1074.262	1082.3570102010704	99999	sp
1082.3570102010704	1082.6531606957503	210	HOW
1082.6531606957503	1082.7856490749493	189	GOOD
1082.7856490749493	1083.0062240120064	224	IS
1083.0062240120064	1083.142	495	YOUR
1083.142	1083.972	138	ENDURANCE
1083.972	1091.6771590593771	99999	sp
1122.4400537610463	1122.542	30	ARE
1122.542	1122.7888099357024	495	YOUR
1122.7888099357024	1123.0320000000002	192	GRADES
1123.0320000000002	1123.412	206	HIGHER
1123.412	1123.5353473238615	301	OR
1123.5353473238615	1123.892	250	LOWER
1123.892	1124.042	431	THAN
1124.042	1124.752	274	NANCY'S
1124.752	1132.0953202843857	99999	{NS}
1132.0953202843857	1132.3519999999999	374	SHE
1132.3519999999999	1132.642	489	WORE
1132.642	1133.0187535889584	470	WARM
1133.0187535889584	1133.5320000000002	158	FLEECY
1133.5320000000002	1133.922	488	WOOLEN
1133.922	1134.6019999999999	310	OVERALLS
1134.6019999999999	1141.6930215986704	99999	sp
1141.6930215986704	1142.012	353	READING
1142.012	1142.2463554176777	217	IN
1142.2463554176777	1142.4597006753584	334	POOR
1142.4597006753584	1142.818110009818	239	LIGHT
1142.818110009818	1143.0636031830395	181	GIVES
1143.0636031830395	1143.1805046940974	494	YOU
1143.1805046940974	1143.882	150	EYESTRAIN
1143.882	1151.601573836832	99999	sp
1151.601573836832	1151.902	142	EVEN
1151.902	1152.212	211	I
1152.212	1152.713997917615	292	OCCASIONALLY
1152.713997917615	1152.9117563071545	177	GET
1152.9117563071545	1152.9741037797185	433	THE
1152.9741037797185	1153.382	264	MONDAY
1153.382	1153.992	56	BLUES
1153.992	1162.0672688707214	99999	sp
1162.0672688707214	1162.162	475	WE
1162.162	1162.362	30	ARE
1162.362	1162.732	300	OPEN
1162.732	1163.1019999999999	145	EVERY
1163.1019999999999	1163.452	264	MONDAY
1163.452	1164.042	143	EVENING
1164.042	1171.1955041175515	99999	sp
1171.1955041175515	1171.392	226	IT'S
1171.392	1171.642	284	NOT
1171.642	1172.0741251762188	133	EASY
1172.0741251762188	1172.2231746028174	445	TO
1172.2231746028174	1172.522	113	CREATE
1172.522	1173.1612205962724	215	ILLUMINATING
1173.1612205962724	1173.942	146	EXAMPLES
1173.942	1181.853111572958	99999	sp
1181.853111572958	1182.182	269	MUM
1182.182	1182.6788894669908	406	STRONGLY
1182.6788894669908	1183.192	126	DISLIKES
1183.192	1184.222	27	APPETIZERS
1184.222	1190.0	99999	sp
1190.0	1191.7326344382288	99999	sp
1191.7326344382288	1191.992	442	THOSE
1191.992	1192.1658600525893	483	WHO
1192.1658600525893	1192.4102403542604	426	TEACH
1192.4102403542604	1193.012	461	VALUES
1193.012	1193.3476418229948	156	FIRST
1193.3476418229948	1193.838400385265	4	ABOLISH
1193.838400385265	1194.292	87	CHEATING
1194.292	1203.2937204851623	99999	sp
1203.2937204851623	1203.3669410133482	433	THE
1203.3669410133482	1203.842	165	FRIGHTENED
1203.842	1204.2654432961203	89	CHILD
1204.2654432961203	1204.4846833878946	471	WAS
1204.4846833878946	1204.762	176	GENTLY
1204.762	1205.282	409	SUBDUED
1205.282	1205.442	73	BY
1205.442	1205.6552584372052	208	HIS
1205.6552584372052	1205.802	52	BIG
1205.802	1206.312	66	BROTHER
1206.312	1214.9649327541285	99999	sp
1214.9649327541285	1215.206653452674	142	EVEN
1215.206653452674	1215.2942832855858	1	A
1215.2942832855858	1215.6619990466222	382	SIMPLE
1215.6619990466222	1215.929520158237	88888	VA
1215.929520158237	1216.119586983862	99999	sp
1216.119586983862	1217.0413908921473	467	VOCABULARY
1217.0413908921473	1217.582	104	CONTAINS
1217.582	1218.202	421	SYMBOLS
1218.202	1226.9920759754418	99999	sp
1226.9920759754418	1227.1668881518883	1	A
1227.1668881518883	1227.4874002894535	110	CRAB
1227.4874002894535	1227.9506064313782	85	CHALLENGED
1227.9506064313782	1228.107820465326	257	ME
1228.107820465326	1228.2579309211878	70	BUT
1228.2579309211878	1228.421107987695	1	A
1228.421107987695	1228.622	349	QUICK
1228.622	1229.0366079146163	401	STAB
1229.0366079146163	1229.482	463	VANQUISHED
1229.482	1229.762	207	HIM
1229.762	1237.820338259805	99999	sp
1237.820338259805	1238.3220000000001	183	GLUCOSE
1238.3220000000001	1238.472	20	AND
1238.472	1239.0065544838283	167	FRUCTOSE
1239.0065544838283	1239.1181912160685	30	ARE
1239.1181912160685	1239.5623915211654	275	NATURAL
1239.5623915211654	1240.0902127231768	413	SUGARS
1240.0902127231768	1240.291325916058	163	FOUND
1240.291325916058	1240.422	217	IN
1240.422	1240.812	168	FRUIT
1240.812	1248.8849461773723	99999	sp
1248.8849461773723	1248.9925254194643	30	ARE
1248.9925254194643	1249.1594690815025	494	YOU
1249.1594690815025	1249.505303995326	249	LOOKING
1249.505303995326	1249.702	161	FOR
1249.702	1250.302	136	EMPLOYMENT
1250.302	1257.4795096601852	99999	sp
1257.4795096601852	1257.826711413042	98	COFFEE
1257.826711413042	1258.0478843071828	224	IS
1258.0478843071828	1258.292	198	GROWN
1258.292	1258.4321118712671	296	ON
1258.4321118712671	1258.9253995336016	403	STEEP
1258.9253995336016	1259.2809877868888	88888	JUNGLE
1259.2809877868888	1259.522	240	LIKE
1259.522	1259.982635652858	389	SLOPES
1259.982635652858	1260.1687361964573	217	IN
1260.1687361964573	1260.632	430	TEMPERATE
1260.632	1261.282	496	ZONES
1261.282	1270.0641923982425	99999	sp
1270.0641923982425	1270.1980916638845	475	WE
1270.1980916638845	1270.5819999999999	479	WELCOME
1270.5819999999999	1270.872	255	MANY
1270.872	1271.052	281	NEW
1271.052	1271.5656209885003	407	STUDENTS
1271.5656209885003	1271.862	132	EACH
1271.862	1272.172	490	YEAR
1272.172	1279.124591673133	99999	sp
1279.124591673133	1279.422	297	ONLY
1279.422	1279.6043500197343	433	THE
1279.6043500197343	1279.8844907578853	51	BEST
1279.8844907578853	1280.2757653068445	329	PLAYERS
1280.2757653068445	1280.6768181323828	139	ENJOY
1280.6768181323828	1281.492	335	POPULARITY
1281.492	1288.388505613676	99999	sp
1288.388505613676	1288.922	75	CALCIUM
1288.922	1289.248915067541	253	MAKES
1289.248915067541	1289.592	58	BONES
1289.592	1289.742	20	AND
1289.742	1290.0383272633426	429	TEETH
1290.0383272633426	1290.472	405	STRONG
1290.472	1297.9010164958552	99999	sp
1297.9010164958552	1298.2756913791984	285	NOTHING
1298.2756913791984	1298.402	224	IS
1298.402	1298.609190055976	34	AS
1298.609190055976	1299.142	294	OFFENSIVE
1299.142	1299.302	34	AS
1299.302	1300.132	219	INNOCENCE
1300.132	1306.8220000000001	99999	sp
1306.8220000000001	1307.2293990158726	404	STEVE
1307.2293990158726	1307.392	489	WORE
1307.392	1307.5907190076446	1	A
1307.5907190076446	1307.902	65	BRIGHT
1307.902	1308.239707442187	355	RED
1308.239707442187	1308.762	78	CASHMERE
1308.762	1309.222	419	SWEATER
1309.222	1317.1939406710421	99999	sp
1317.1939406710421	1317.5613647197563	46	BARB'S
1317.5613647197563	1317.829806094085	188	GOLD
1317.829806094085	1318.2521727619444	63	BRACELET
1318.2521727619444	1318.412	471	WAS
1318.412	1318.5500742218596	1	A
1318.5500742218596	1319.2206379231134	193	GRADUATION
1319.2206379231134	1319.692	338	PRESENT
1319.692	1327.4484558027018	99999	sp
1327.4484558027018	1327.7208160154253	130	DRAW
1327.7208160154253	1328.020838144008	145	EVERY
1328.020838144008	1328.4100704434056	307	OUTER
1328.4100704434056	1328.691784459877	243	LINE
1328.691784459877	1329.272	156	FIRST
1329.272	1329.3656045742603	99999	sp
1329.3656045742603	1329.7451363729306	435	THEN
1329.7451363729306	1329.892	154	FILL
1329.892	1330.062	217	IN
1330.062	1330.1761554446912	433	THE
1330.1761554446912	1330.812	222	INTERIOR
1330.812	1340.7478000042363	99999	sp
1340.7478000042363	1340.872	433	THE
1340.872	1341.2041230337961	474	WATER
1341.2041230337961	1341.6672505713807	103	CONTAINED
1341.6672505713807	1341.8162089296907	447	TOO
1341.8162089296907	1342.0986913327135	268	MUCH
1342.0986913327135	1342.522	90	CHLORINE
1342.522	1342.772	20	AND
1342.772	1343.0819999999999	408	STUNG
1343.0819999999999	1343.232	208	HIS
1343.232	1343.742	149	EYES
1343.742	1352.5763600428181	99999	sp
1352.5763600428181	1353.055415540266	229	JOHN'S
1353.055415540266	1353.3883145212242	66	BROTHER
1353.3883145212242	1353.978183789685	362	REPAINTED
1353.978183789685	1354.0943096839956	433	THE
1354.0943096839956	1354.527434167719	173	GARAGE
1354.527434167719	1354.892	129	DOOR
1354.892	1362.505373141207	99999	sp
1362.505373141207	1362.946631066253	84	CHALLENGE
1362.946631066253	1363.282	132	EACH
1363.282	1363.3588138280709	99999	sp
1363.3588138280709	1363.672517799903	132	EACH
1363.672517799903	1364.1379417498658	175	GENERAL'S
1364.1379417498658	1365.042	221	INTELLIGENCE
1365.042	1373.5840529073184	99999	sp
1373.5840529073184	1374.4764443300885	17	AMBIDEXTROUS
1374.4764443300885	1375.052	326	PICKPOCKETS
1375.052	1375.5963725518109	6	ACCOMPLISH
1375.5963725518109	1375.882	266	MORE
1375.882	1383.7225170518275	99999	sp
1383.7225170518275	1383.8220000000001	1	A
1383.8220000000001	1384.5300506560425	270	MUSCULAR
1384.5300506560425	1385.2458898288662	2	ABDOMEN
1385.2458898288662	1385.4675443031956	224	IS
1385.4675443031956	1385.6060433829819	189	GOOD
1385.6060433829819	1385.782	161	FOR
1385.782	1385.9006200924346	495	YOUR
1385.9006200924346	1386.372	43	BACK
1386.372	1393.8741384010507	99999	sp
1393.8741384010507	1394.0346881200592	437	THEY
1394.0346881200592	1394.2337370063806	316	OWN
1394.2337370063806	1394.4396943957972	1	A
1394.4396943957972	1394.607964679367	52	BIG
1394.607964679367	1395.0038213285343	209	HOUSE
1395.0038213285343	1395.14430771526	217	IN
1395.14430771526	1395.212	433	THE
1395.212	1395.6102891577098	360	REMOTE
1395.6102891577098	1396.382	109	COUNTRYSIDE
1396.382	1403.4419364818853	99999	sp
1403.4419364818853	1403.531814314127	433	THE
1403.531814314127	1403.9776926225136	368	ROSE
1403.9776926225136	1404.5481010610288	106	CORSAGE
1404.5481010610288	1404.912	392	SMELLED
1404.912	1405.422	420	SWEET
1405.422	1413.2807216408162	99999	sp
1413.2807216408162	1413.5148981525474	432	THAT
1413.5148981525474	1414.022	325	PICKPOCKET
1414.022	1414.2070652067748	471	WAS
1414.2070652067748	1414.412	80	CAUGHT
1414.412	1414.6040575919676	355	RED
1414.6040575919676	1415.152	199	HANDED
1415.152	1424.4851010185166	99999	sp
1424.4851010185166	1424.574318413127	19	AN
1424.574318413127	1425.0296291639975	9	ADULT
1425.0296291639975	1425.2391548634612	254	MALE
1425.2391548634612	1425.8581823656405	42	BABOON'S
1425.8581823656405	1426.102	429	TEETH
1426.102	1426.196459745813	30	ARE
1426.196459745813	1426.482	284	NOT
1426.482	1426.917975072869	414	SUITABLE
1426.917975072869	1427.0728007499774	161	FOR
1427.0728007499774	1427.400654101482	135	EATING
1427.400654101482	1428.172	375	SHELLFISH
1428.172	1438.9135401031058	99999	sp
1438.9135401031058	1439.1203622451571	204	HER
1439.1203622451571	1439.6488780713835	469	WARDROBE
1439.6488780713835	1440.122	102	CONSISTS
1440.122	1440.2378529041957	293	OF
1440.2378529041957	1440.526933205777	297	ONLY
1440.526933205777	1440.962	384	SKIRTS
1440.962	1441.0720000000001	20	AND
1441.0720000000001	1441.782	54	BLOUSES
1441.782	1450.2238892882506	99999	sp
1450.2238892882506	1450.3918425514394	433	THE
1450.3918425514394	1450.5720000000001	452	TWO
1450.5720000000001	1450.9948682164813	33	ARTISTS
1450.9948682164813	1451.532370945847	147	EXCHANGED
1451.532370945847	1452.382	39	AUTOGRAPHS
1452.382	1462.4044389760172	99999	sp
1462.4044389760172	1462.982	71	BUTTERSCOTCH
1462.982	1463.4691249186908	169	FUDGE
1463.4691249186908	1463.7018207155925	186	GOES
1463.7018207155925	1463.872	480	WELL
1463.872	1464.0720000000001	486	WITH
1464.0720000000001	1464.4542074455544	462	VANILLA
1464.4542074455544	1464.757005875747	212	ICE
1464.757005875747	1465.002	112	CREAM
1465.002	1472.9766699723195	99999	sp
1472.9766699723195	1473.395045481894	365	RICH
1473.395045481894	1473.8020000000001	348	PURCHASED
1473.8020000000001	1474.19720066719	373	SEVERAL
1474.19720066719	1474.6016768723912	381	SIGNED
1474.6016768723912	1475.432	244	LITHOGRAPHS
1475.432	1484.028296379408	99999	sp
1484.028296379408	1484.2749959932926	24	ANY
1484.2749959932926	1485.0720000000001	105	CONTRIBUTIONS
1485.0720000000001	1485.172	484	WILL
1485.172	1485.3429655537927	47	BE
1485.3429655537927	1485.6437363159262	195	GREATLY
1485.6437363159262	1486.422	28	APPRECIATED
1486.422	1495.3874802916198	99999	sp
1495.3874802916198	1495.5341482812441	433	THE
1495.5341482812441	1496.0486516068165	111	CRANBERRY
1496.0486516068165	1496.502	57	BOG
1496.502	1496.772	178	GETS
1496.772	1497.11578326799	464	VERY
1497.11578326799	1497.342	339	PRETTY
1497.342	1497.4604485065	217	IN
1497.4604485065	1497.932	40	AUTUMN
1497.932	1505.013772846176	99999	sp
1505.013772846176	1505.259634560734	210	HOW
1505.259634560734	1505.4333381244828	128	DO
1505.4333381244828	1505.952	317	OYSTERS
1505.952	1506.2071826200997	252	MAKE
1506.2071826200997	1506.652	319	PEARLS
1506.652	1513.0836341617205	99999	sp
1513.0836341617205	1513.672	88888	MAYBE
1513.672	1513.8597956754775	99999	sp
1513.8597956754775	1514.1106667634758	256	MAY
1514.1106667634758	1514.282	211	I
1514.282	1514.542	303	ORDER
1514.542	1514.7185224332147	1	A
1514.7185224332147	1515.092	318	PARFAIT
1515.092	1515.392	10	AFTER
1515.392	1515.516235383554	211	I
1515.516235383554	1515.7643290193628	134	EAT
1515.7643290193628	1516.132	124	DINNER
1516.132	1524.2479749641232	99999	sp
1524.2479749641232	1524.4147945021707	224	IS
1524.4147945021707	1524.5849769716656	374	SHE
1524.5849769716656	1524.922	187	GOING
1524.922	1525.0867041242	486	WITH
1525.0867041242	1525.312	494	YOU
1525.312	1532.12041733116	99999	sp
1532.12041733116	1532.282	76	CAN
1532.282	1532.3554569997827	433	THE
1532.3554569997827	1532.8827066074311	11	AGENCY
1532.8827066074311	1533.5791178154232	314	OVERTHROW
1533.5791178154232	1533.9939708954275	13	ALIEN
1533.9939708954275	1534.682	162	FORCES
1534.682	1542.0922872807553	99999	sp
1542.0922872807553	1542.2116725092621	1	A
1542.2116725092621	1542.892	370	SCREWDRIVER
1542.892	1543.0335943059351	224	IS
1543.0335943059351	1543.272	251	MADE
1543.272	1543.5436762776005	166	FROM
1543.5436762776005	1543.9406636390254	468	VODKA
1543.9406636390254	1544.0287687639216	20	AND
1544.0287687639216	1544.502	302	ORANGE
1544.502	1544.932	230	JUICE
1544.932	1553.0486272225469	99999	sp
1553.0486272225469	1553.222	210	HOW
1553.222	1553.412	268	MUCH
1553.412	1553.912	16	ALLOWANCE
1553.912	1553.992	128	DO
1553.992	1554.1010171665898	494	YOU
1554.1010171665898	1554.442	177	GET
1554.442	1561.942190903359	99999	sp
1561.942190903359	1562.6005696480406	115	CYCLICAL
1562.6005696480406	1563.2417471596923	345	PROGRAMS
1563.2417471596923	1563.3876382264402	484	WILL
1563.3876382264402	1563.7703029370223	280	NEVER
1563.7703029370223	1564.402	100	COMPILE
1564.402	1573.8850763179612	99999	sp
1573.8850763179612	1573.9563516168923	433	THE
1573.9563516168923	1574.488232839645	61	BOSTON
1574.488232839645	1574.8712878697324	45	BALLET
1574.8712878697324	1575.4727328787667	311	OVERCAME
1575.4727328787667	1575.592	434	THEIR
1575.592	1576.0110247622238	170	FUNDING
1576.0110247622238	1576.792	379	SHORTAGE
1576.792	1585.7528018604921	99999	sp
1585.7528018604921	1586.104164004902	145	EVERY
1586.104164004902	1586.402	74	CAB
1586.402	1586.7167789165471	279	NEEDS
1586.7167789165471	1587.252	363	REPAINTING
1587.252	1587.812	295	OFTEN
1587.812	1596.0380180596148	99999	sp
1596.0380180596148	1596.414724276725	203	HELP
1596.414724276725	1596.7092245903043	196	GREG
1596.7092245903043	1596.8769425548596	445	TO
1596.8769425548596	1597.0167935378454	324	PICK
1597.0167935378454	1597.1435861708183	1	A
1597.1435861708183	1597.3209083847703	320	PECK
1597.3209083847703	1597.4522478082297	293	OF
1597.4522478082297	1597.507355283872	99999	sp
1597.507355283872	1598.172	337	POTATOES
1598.172	1604.9973247415899	99999	sp
1604.9973247415899	1605.152	475	WE
1605.152	1605.512	240	LIKE
1605.512	1605.653775640471	99999	sp
1605.653775640471	1605.982308209179	55	BLUE
1605.982308209179	1606.439642015414	88	CHEESE
1606.439642015414	1606.573184421546	70	BUT
1606.573184421546	1606.9585868520348	465	VICTOR
1606.9585868520348	1607.3215430207454	241	LIKES
1607.3215430207454	1607.652	64	BRIE
1607.652	1615.6908381533121	99999	sp
1615.6908381533121	1615.9558979525923	108	COUNT
1615.9558979525923	1616.047778876421	433	THE
1616.047778876421	1616.3220000000001	288	NUMBER
1616.3220000000001	1616.4937271341666	293	OF
1616.4937271341666	1617.1294215809933	428	TEASPOONS
1617.1294215809933	1617.222	293	OF
1617.222	1617.8617795924906	394	SOYSAUCE
1617.8617795924906	1617.992	432	THAT
1617.992	1618.182	494	YOU
1618.182	1618.542	7	ADD
1618.542	1626.4299917314995	99999	sp
1626.4299917314995	1626.962	44	BAGPIPES
1626.962	1627.092	20	AND
1627.092	1627.5286326308915	59	BONGOS
1627.5286326308915	1627.619174895282	30	ARE
1627.619174895282	1628.0697915830626	272	MUSICAL
1628.0697915830626	1628.942	220	INSTRUMENTS
1628.942	1635.281625430222	99999	sp
1635.281625430222	1635.579698473341	210	HOW
1635.579698473341	1635.721226237388	189	GOOD
1635.721226237388	1635.892	224	IS
1635.892	1636.0819999999999	495	YOUR
1636.0819999999999	1636.8220000000001	138	ENDURANCE
1636.8220000000001	1643.972	99999	sp
1643.972	1644.152	99999	sp
1644.152	1655.922	99999	{NS}
1655.922	1655.952	99999	sp
1655.952	1673.252	99999	{NS}
1673.252	1673.3331629974473	99999	sp
1673.3331629974473	1673.462	30	ARE
1673.462	1673.773828072156	495	YOUR
1673.773828072156	1674.022	192	GRADES
1674.022	1674.4308305946163	206	HIGHER
1674.4308305946163	1674.542	301	OR
1674.542	1674.8773455594846	250	LOWER
1674.8773455594846	1675.0520000000001	431	THAN
1675.0520000000001	1675.752	274	NANCY'S
1675.752	1682.632	99999	sp
1682.632	1682.902	374	SHE
1682.902	1683.172	489	WORE
1683.172	1683.5680790919482	470	WARM
1683.5680790919482	1684.0281285256988	158	FLEECY
1684.0281285256988	1684.4808321951532	488	WOOLEN
1684.4808321951532	1685.202	310	OVERALLS
1685.202	1693.180470664219	99999	sp
1693.180470664219	1693.532	353	READING
1693.532	1693.7820778590005	217	IN
1693.7820778590005	1693.989529564006	334	POOR
1693.989529564006	1694.3052883977366	239	LIGHT
1694.3052883977366	1694.5441643499719	181	GIVES
1694.5441643499719	1694.6692566051354	494	YOU
1694.6692566051354	1695.3220000000001	150	EYESTRAIN
1695.3220000000001	1702.7493181959298	99999	sp
1702.7493181959298	1703.042	142	EVEN
1703.042	1703.3719999999998	211	I
1703.3719999999998	1703.8583838532616	292	OCCASIONALLY
1703.8583838532616	1704.1449801513809	177	GET
1704.1449801513809	1704.2125035758763	433	THE
1704.2125035758763	1704.6385557336941	264	MONDAY
1704.6385557336941	1705.2820000000002	56	BLUES
1705.2820000000002	1712.0314454200657	99999	sp
1712.0314454200657	1712.1219999999998	475	WE
1712.1219999999998	1712.2532249287774	30	ARE
1712.2532249287774	1712.642	300	OPEN
1712.642	1713.002	145	EVERY
1713.002	1713.3978553378347	264	MONDAY
1713.3978553378347	1714.002	143	EVENING
1714.002	1722.1735465751863	99999	sp
1722.1735465751863	1722.3441984604915	226	IT'S
1722.3441984604915	1722.6220355893583	284	NOT
1722.6220355893583	1723.071569476048	133	EASY
1723.071569476048	1723.2134193553943	445	TO
1723.2134193553943	1723.4478808412755	113	CREATE
1723.4478808412755	1724.1097272932757	215	ILLUMINATING
1724.1097272932757	1724.982	146	EXAMPLES
1724.982	1732.9174712289464	99999	sp
1732.9174712289464	1733.202	269	MUM
1733.202	1733.7182464682433	406	STRONGLY
1733.7182464682433	1734.192	126	DISLIKES
1734.192	1735.1219999999998	27	APPETIZERS
1735.1219999999998	1743.1585078795808	99999	sp
1743.1585078795808	1743.392	442	THOSE
1743.392	1743.573742844307	483	WHO
1743.573742844307	1743.8020000000001	426	TEACH
1743.8020000000001	1744.278406145696	461	VALUES
1744.278406145696	1744.6019999999999	156	FIRST
1744.6019999999999	1745.0720000000001	4	ABOLISH
1745.0720000000001	1745.522	87	CHEATING
1745.522	1754.4886123825179	99999	sp
1754.4886123825179	1754.5541369460739	433	THE
1754.5541369460739	1755.012	165	FRIGHTENED
1755.012	1755.3719999999998	89	CHILD
1755.3719999999998	1755.6002153149407	471	WAS
1755.6002153149407	1755.927015853937	176	GENTLY
1755.927015853937	1756.482	409	SUBDUED
1756.482	1756.6217211276023	73	BY
1756.6217211276023	1756.8863338686003	208	HIS
1756.8863338686003	1757.1027032496174	52	BIG
1757.1027032496174	1757.512	66	BROTHER
1757.512	1765.4112707297745	99999	sp
1765.4112707297745	1765.692810338021	142	EVEN
1765.692810338021	1765.7943374090253	1	A
1765.7943374090253	1766.1996029685326	382	SIMPLE
1766.1996029685326	1766.9759873539042	467	VOCABULARY
1766.9759873539042	1767.502	104	CONTAINS
1767.502	1768.142	421	SYMBOLS
1768.142	1775.9926366839154	99999	sp
1775.9926366839154	1776.1776895722003	1	A
1776.1776895722003	1776.492	110	CRAB
1776.492	1776.972	85	CHALLENGED
1776.972	1777.172	257	ME
1777.172	1777.3369680027747	70	BUT
1777.3369680027747	1777.487487997868	1	A
1777.487487997868	1777.712	349	QUICK
1777.712	1778.0520000000001	401	STAB
1778.0520000000001	1778.542	463	VANQUISHED
1778.542	1778.762	207	HIM
1778.762	1785.0	99999	sp
1785.0	1786.6991953703373	99999	sp
1786.6991953703373	1787.152	183	GLUCOSE
1787.152	1787.2746085652907	20	AND
1787.2746085652907	1787.802	167	FRUCTOSE
1787.802	1787.9500634442031	30	ARE
1787.9500634442031	1788.4165063878656	275	NATURAL
1788.4165063878656	1788.882	413	SUGARS
1788.882	1789.1133664314766	163	FOUND
1789.1133664314766	1789.2260567617793	217	IN
1789.2260567617793	1789.652	168	FRUIT
1789.652	1798.1340863029516	99999	sp
1798.1340863029516	1798.2260013209639	30	ARE
1798.2260013209639	1798.4195096629355	494	YOU
1798.4195096629355	1798.762	249	LOOKING
1798.762	1798.9228610670848	161	FOR
1798.9228610670848	1799.672	136	EMPLOYMENT
1799.672	1806.4642980380202	99999	sp
1806.4642980380202	1806.7613907087698	98	COFFEE
1806.7613907087698	1806.9842531497036	224	IS
1806.9842531497036	1807.21529980457	198	GROWN
1807.21529980457	1807.352	296	ON
1807.352	1807.7925444137813	403	STEEP
1807.7925444137813	1808.122	88888	JUNGLE
1808.122	1808.302	240	LIKE
1808.302	1808.7342440699567	389	SLOPES
1808.7342440699567	1808.932	217	IN
1808.932	1809.412	430	TEMPERATE
1809.412	1809.982	496	ZONES
1809.982	1816.8101168081569	99999	sp
1816.8101168081569	1816.972641204702	475	WE
1816.972641204702	1817.412	479	WELCOME
1817.412	1817.6725497951734	255	MANY
1817.6725497951734	1817.8349749639897	281	NEW
1817.8349749639897	1818.372	407	STUDENTS
1818.372	1818.6659302051116	132	EACH
1818.6659302051116	1818.952	490	YEAR
1818.952	1828.4527608636756	99999	sp
1828.4527608636756	1828.7164868262869	297	ONLY
1828.7164868262869	1828.8235111623285	433	THE
1828.8235111623285	1829.2157238761752	51	BEST
1829.2157238761752	1829.598436015758	329	PLAYERS
1829.598436015758	1829.9881305099332	139	ENJOY
1829.9881305099332	1830.8220000000001	335	POPULARITY
1830.8220000000001	1837.6157598491043	99999	sp
1837.6157598491043	1838.092	75	CALCIUM
1838.092	1838.3799822689296	253	MAKES
1838.3799822689296	1838.702	58	BONES
1838.702	1838.842	20	AND
1838.842	1839.132	429	TEETH
1839.132	1839.602	405	STRONG
1839.602	1847.364187955167	99999	sp
1847.364187955167	1847.701629391157	285	NOTHING
1847.701629391157	1847.852	224	IS
1847.852	1848.0661416886167	34	AS
1848.0661416886167	1848.582	294	OFFENSIVE
1848.582	1848.722	34	AS
1848.722	1849.522	219	INNOCENCE
1849.522	1857.611852218648	99999	sp
1857.611852218648	1858.0393200078968	404	STEVE
1858.0393200078968	1858.1997992614636	489	WORE
1858.1997992614636	1858.296121163901	1	A
1858.296121163901	1858.682	65	BRIGHT
1858.682	1858.950044856099	355	RED
1858.950044856099	1859.4479652481662	78	CASHMERE
1859.4479652481662	1859.942	419	SWEATER
1859.942	1867.3154550110542	99999	sp
1867.3154550110542	1867.756086203083	46	BARB'S
1867.756086203083	1868.0387563612164	188	GOLD
1868.0387563612164	1868.4712033393128	63	BRACELET
1868.4712033393128	1868.6411831671435	471	WAS
1868.6411831671435	1868.690918005657	1	A
1868.690918005657	1869.417996685327	193	GRADUATION
1869.417996685327	1869.902	338	PRESENT
1869.902	1877.701994276896	99999	sp
1877.701994276896	1877.905970070293	130	DRAW
1877.905970070293	1878.2360277547634	145	EVERY
1878.2360277547634	1878.532	307	OUTER
1878.532	1878.7748692164935	243	LINE
1878.7748692164935	1879.1941527918095	156	FIRST
1879.1941527918095	1879.3647621745583	435	THEN
1879.3647621745583	1879.6114904518763	154	FILL
1879.6114904518763	1879.783988499379	217	IN
1879.783988499379	1879.892	433	THE
1879.892	1880.532	222	INTERIOR
1880.532	1886.9357306786492	99999	sp
1886.9357306786492	1887.047161899116	433	THE
1887.047161899116	1887.342	474	WATER
1887.342	1887.9265925714255	103	CONTAINED
1887.9265925714255	1888.0499853353324	447	TOO
1888.0499853353324	1888.3376346823136	268	MUCH
1888.3376346823136	1888.792	90	CHLORINE
1888.792	1888.950134366927	20	AND
1888.950134366927	1889.2787620340666	408	STUNG
1889.2787620340666	1889.422	208	HIS
1889.422	1889.972	149	EYES
1889.972	1898.9226837262693	99999	sp
1898.9226837262693	1899.3570766196146	229	JOHN'S
1899.3570766196146	1899.682	66	BROTHER
1899.682	1900.2383387061825	362	REPAINTED
1900.2383387061825	1900.311367076658	433	THE
1900.311367076658	1900.820619754737	173	GARAGE
1900.820619754737	1901.162	129	DOOR
1901.162	1909.2616337503346	99999	sp
1909.2616337503346	1909.722	84	CHALLENGE
1909.722	1909.988256441473	132	EACH
1909.988256441473	1910.5137039810309	175	GENERAL'S
1910.5137039810309	1911.392	221	INTELLIGENCE
1911.392	1919.6011566738023	99999	sp
1919.6011566738023	1920.5957961935762	17	AMBIDEXTROUS
1920.5957961935762	1921.1453400889104	326	PICKPOCKETS
1921.1453400889104	1921.702	6	ACCOMPLISH
1921.702	1922.042	266	MORE
1922.042	1930.180539128517	99999	sp
1930.180539128517	1930.2781201407902	1	A
1930.2781201407902	1930.812	270	MUSCULAR
1930.812	1931.4225937310225	2	ABDOMEN
1931.4225937310225	1931.661137794408	224	IS
1931.661137794408	1931.812	189	GOOD
1931.812	1931.982	161	FOR
1931.982	1932.093012468082	495	YOUR
1932.093012468082	1932.682	43	BACK
1932.682	1940.5377459477113	99999	sp
1940.5377459477113	1940.692	437	THEY
1940.692	1940.8738710233702	316	OWN
1940.8738710233702	1940.9576018274497	1	A
1940.9576018274497	1941.252	52	BIG
1941.252	1941.6487958767996	209	HOUSE
1941.6487958767996	1941.8124801554516	217	IN
1941.8124801554516	1941.892	433	THE
1941.892	1942.3330648220526	360	REMOTE
1942.3330648220526	1943.112	109	COUNTRYSIDE
1943.112	1951.3122913194425	99999	sp
1951.3122913194425	1951.4035192345511	433	THE
1951.4035192345511	1951.8360234631432	368	ROSE
1951.8360234631432	1952.362	106	CORSAGE
1952.362	1952.722	392	SMELLED
1952.722	1953.182	420	SWEET
1953.182	1960.0818763266643	99999	sp
1960.0818763266643	1960.2977564130056	432	THAT
1960.2977564130056	1960.802	325	PICKPOCKET
1960.802	1961.03238975169	471	WAS
1961.03238975169	1961.252	80	CAUGHT
1961.252	1961.432	355	RED
1961.432	1962.032	199	HANDED
1962.032	1969.3537316573725	99999	sp
1969.3537316573725	1969.5274888147108	19	AN
1969.5274888147108	1969.93984728593	9	ADULT
1969.93984728593	1970.1903528927555	254	MALE
1970.1903528927555	1970.7802458508204	42	BABOON'S
1970.7802458508204	1971.032	429	TEETH
1971.032	1971.1371462387697	30	ARE
1971.1371462387697	1971.422	284	NOT
1971.422	1971.818896964351	414	SUITABLE
1971.818896964351	1972.0096521044725	161	FOR
1972.0096521044725	1972.3128662765068	135	EATING
1972.3128662765068	1973.042	375	SHELLFISH
1973.042	1981.6724610391918	99999	sp
1981.6724610391918	1981.9085441334014	204	HER
1981.9085441334014	1982.460606545897	469	WARDROBE
1982.460606545897	1982.882	102	CONSISTS
1982.882	1982.9774138829907	293	OF
1982.9774138829907	1983.2349018444088	297	ONLY
1983.2349018444088	1983.649721284804	384	SKIRTS
1983.649721284804	1983.7731140487108	20	AND
1983.7731140487108	1984.482	54	BLOUSES
1984.482	1992.2782859904178	99999	sp
1992.2782859904178	1992.4507840379204	433	THE
1992.4507840379204	1992.622	452	TWO
1992.622	1993.002	33	ARTISTS
1993.002	1993.5819999999999	147	EXCHANGED
1993.5819999999999	1994.392	39	AUTOGRAPHS
1994.392	2002.9917642376236	99999	sp
2002.9917642376236	2003.5819999999999	71	BUTTERSCOTCH
2003.5819999999999	2003.9624806705174	169	FUDGE
2003.9624806705174	2004.194729184724	186	GOES
2004.194729184724	2004.4024823076284	480	WELL
2004.4024823076284	2004.5989034420109	486	WITH
2004.5989034420109	2004.9526560553704	462	VANILLA
2004.9526560553704	2005.234696658586	212	ICE
2005.234696658586	2005.5819999999999	112	CREAM
2005.5819999999999	2013.9595829691475	99999	sp
2013.9595829691475	2014.3328517849618	365	RICH
2014.3328517849618	2014.722	348	PURCHASED
2014.722	2015.0664394732416	373	SEVERAL
2015.0664394732416	2015.4829913694552	381	SIGNED
2015.4829913694552	2015.5182464448571	99999	sp
2015.5182464448571	2016.3319999999999	244	LITHOGRAPHS
2016.3319999999999	2023.2642321085918	99999	sp
2023.2642321085918	2023.5135679400312	24	ANY
2023.5135679400312	2024.346952066375	105	CONTRIBUTIONS
2024.346952066375	2024.462	484	WILL
2024.462	2024.6434724327023	47	BE
2024.6434724327023	2024.962	195	GREATLY
2024.962	2025.732	28	APPRECIATED
2025.732	2032.6444275406934	99999	sp
2032.6444275406934	2032.77978184804	433	THE
2032.77978184804	2033.2166357105616	111	CRANBERRY
2033.2166357105616	2033.6232709370242	57	BOG
2033.6232709370242	2033.842	178	GETS
2033.842	2034.162	464	VERY
2034.162	2034.412	339	PRETTY
2034.412	2034.532	217	IN
2034.532	2034.992	40	AUTUMN
2034.992	2043.007873253551	99999	sp
2043.007873253551	2043.522	210	HOW
2043.522	2043.6990673029009	99999	sp
2043.6990673029009	2043.902	128	DO
2043.902	2044.452	317	OYSTERS
2044.452	2044.681115724317	252	MAKE
2044.681115724317	2045.112	319	PEARLS
2045.112	2052.646815756906	99999	sp
2052.646815756906	2052.812	256	MAY
2052.812	2052.952	211	I
2052.952	2053.212	303	ORDER
2053.212	2053.3707466619862	1	A
2053.3707466619862	2053.8686673515435	318	PARFAIT
2053.8686673515435	2054.202	10	AFTER
2054.202	2054.312	211	I
2054.312	2054.51894033123	134	EAT
2054.51894033123	2054.872	124	DINNER
2054.872	2062.0421196145667	99999	sp
2062.0421196145667	2062.116407094878	224	IS
2062.116407094878	2062.3719488435568	374	SHE
2062.3719488435568	2062.622	187	GOING
2062.622	2062.800675742641	486	WITH
2062.800675742641	2063.072	494	YOU
2063.072	2071.429240150765	99999	sp
2071.429240150765	2071.592	76	CAN
2071.592	2071.6696725814145	433	THE
2071.6696725814145	2072.292	11	AGENCY
2072.292	2072.892	314	OVERTHROW
2072.892	2073.282	13	ALIEN
2073.282	2073.952	162	FORCES
2073.952	2080.5009521856496	99999	sp
2080.5009521856496	2080.610494741363	1	A
2080.610494741363	2081.2683220825743	370	SCREWDRIVER
2081.2683220825743	2081.4011581702493	224	IS
2081.4011581702493	2081.617667811509	251	MADE
2081.617667811509	2081.8820808770233	166	FROM
2081.8820808770233	2082.239038515468	468	VODKA
2082.239038515468	2082.318934739545	20	AND
2082.318934739545	2082.762	302	ORANGE
2082.762	2083.172	230	JUICE
2083.172	2086.372	99999	sp
2086.372	2090.0613239663644	99999	sp
2090.0613239663644	2090.2873341818877	210	HOW
2090.2873341818877	2090.481866651516	268	MUCH
2090.481866651516	2091.012	16	ALLOWANCE
2091.012	2091.082	128	DO
2091.082	2091.190687941077	494	YOU
2091.190687941077	2091.742	177	GET
2091.742	2099.172	99999	sp
2099.172	2099.719151927296	115	CYCLICAL
2099.719151927296	2100.346131375021	345	PROGRAMS
2100.346131375021	2100.452	484	WILL
2100.452	2100.8352382957273	280	NEVER
2100.8352382957273	2101.4719999999998	100	COMPILE
2101.4719999999998	2107.5236859009046	99999	sp
2107.5236859009046	2107.5885300574478	433	THE
2107.5885300574478	2108.102189619952	61	BOSTON
2108.102189619952	2108.512	45	BALLET
2108.512	2109.101236024151	311	OVERCAME
2109.101236024151	2109.213296799536	434	THEIR
2109.213296799536	2109.6224502456703	170	FUNDING
2109.6224502456703	2110.402	379	SHORTAGE
2110.402	2117.8909658962752	99999	sp
2117.8909658962752	2118.2717893711047	145	EVERY
2118.2717893711047	2118.5809008357896	74	CAB
2118.5809008357896	2118.878623061457	279	NEEDS
2118.878623061457	2119.452	363	REPAINTING
2119.452	2120.052	295	OFTEN
2120.052	2128.1448693509096	99999	sp
2128.1448693509096	2128.482	203	HELP
2128.482	2128.569818920487	99999	sp
2128.569818920487	2129.022	196	GREG
2129.022	2129.3547594021074	99999	sp
2129.3547594021074	2129.529775669281	445	TO
2129.529775669281	2129.6739437454785	324	PICK
2129.6739437454785	2129.7960773995496	1	A
2129.7960773995496	2129.982	320	PECK
2129.982	2130.072	293	OF
2130.072	2130.1542368973346	99999	sp
2130.1542368973346	2130.772	337	POTATOES
2130.772	2138.650594475211	99999	sp
2138.650594475211	2138.832	475	WE
2138.832	2139.101355796422	240	LIKE
2139.101355796422	2139.272	55	BLUE
2139.272	2139.790661181018	88	CHEESE
2139.790661181018	2139.895796852306	70	BUT
2139.895796852306	2140.3402053738423	465	VICTOR
2140.3402053738423	2140.697792567205	241	LIKES
2140.697792567205	2140.9719999999998	64	BRIE
2140.9719999999998	2148.891964081983	99999	sp
2148.891964081983	2149.1714864655273	108	COUNT
2149.1714864655273	2149.272	433	THE
2149.272	2149.492	288	NUMBER
2149.492	2149.659334276398	293	OF
2149.659334276398	2150.1950282610287	428	TEASPOONS
2150.1950282610287	2150.302	293	OF
2150.302	2150.920847830863	394	SOYSAUCE
2150.920847830863	2151.0373154906724	432	THAT
2151.0373154906724	2151.2219999999998	494	YOU
2151.2219999999998	2151.582	7	ADD
2151.582	2160.0687374982617	99999	sp
2160.0687374982617	2160.7219999999998	44	BAGPIPES
2160.7219999999998	2160.873251432832	20	AND
2160.873251432832	2161.372	59	BONGOS
2161.372	2161.46056862324	30	ARE
2161.46056862324	2161.9735986308265	272	MUSICAL
2161.9735986308265	2162.872	220	INSTRUMENTS
2162.872	2170.512823193615	99999	sp
2170.512823193615	2170.8388750930976	210	HOW
2170.8388750930976	2170.972340735691	189	GOOD
2170.972340735691	2171.152	224	IS
2171.152	2171.2902659692263	495	YOUR
2171.2902659692263	2171.9719999999998	138	ENDURANCE
2171.9719999999998	2179.802	99999	{NS}
2179.802	2179.992	99999	sp
2179.992	2186.622	99999	{NS}
2186.622	2212.745682763968	99999	{NS}
2212.745682763968	2213.2121396483917	99999	sp
2213.2121396483917	2213.3214820629923	30	ARE
2213.3214820629923	2213.607500136828	495	YOUR
2213.607500136828	2213.852	192	GRADES
2213.852	2214.221258931277	206	HIGHER
2214.221258931277	2214.332690151744	301	OR
2214.332690151744	2214.668815227403	250	LOWER
2214.668815227403	2214.812	431	THAN
2214.812	2215.552	274	NANCY'S
2215.552	2222.4582395854923	99999	sp
2222.4582395854923	2222.702	374	SHE
2222.702	2222.9719999999998	489	WORE
2222.9719999999998	2223.382	470	WARM
2223.382	2223.8708463202506	158	FLEECY
2223.8708463202506	2224.2120650857482	488	WOOLEN
2224.2120650857482	2225.032	310	OVERALLS
2225.032	2231.6615879311416	99999	sp
2231.6615879311416	2232.022	353	READING
2232.022	2232.245128089532	217	IN
2232.245128089532	2232.455342181612	334	POOR
2232.455342181612	2232.802226941371	239	LIGHT
2232.802226941371	2233.039569145416	181	GIVES
2233.039569145416	2233.152	494	YOU
2233.152	2233.902	150	EYESTRAIN
2233.902	2240.856694217383	99999	sp
2240.856694217383	2241.172	142	EVEN
2241.172	2241.395535976603	211	I
2241.395535976603	2242.022	292	OCCASIONALLY
2242.022	2242.229638992314	177	GET
2242.229638992314	2242.302	433	THE
2242.302	2242.6960819359765	264	MONDAY
2242.6960819359765	2243.282	56	BLUES
2243.282	2249.6262792246043	99999	sp
2249.6262792246043	2249.7131578032736	475	WE
2249.7131578032736	2249.892	30	ARE
2249.892	2250.219794642755	300	OPEN
2250.219794642755	2250.549721490671	145	EVERY
2250.549721490671	2250.9192702274736	264	MONDAY
2250.9192702274736	2251.402	143	EVENING
2251.402	2257.8739626099136	99999	sp
2257.8739626099136	2258.1774080803375	226	IT'S
2258.1774080803375	2258.452	284	NOT
2258.452	2258.824533285435	133	EASY
2258.824533285435	2258.9850697894976	445	TO
2258.9850697894976	2259.257609818449	113	CREATE
2259.257609818449	2259.922	215	ILLUMINATING
2259.922	2260.672	146	EXAMPLES
2260.672	2267.937167579942	99999	sp
2267.937167579942	2268.212	269	MUM
2268.212	2268.772	406	STRONGLY
2268.772	2269.2219999999998	126	DISLIKES
2269.2219999999998	2270.132	27	APPETIZERS
2270.132	2276.6620538905036	99999	sp
2276.6620538905036	2276.882	442	THOSE
2276.882	2277.0246775232094	483	WHO
2277.0246775232094	2277.232	426	TEACH
2277.232	2277.772	461	VALUES
2277.772	2278.1099157006643	156	FIRST
2278.1099157006643	2278.572	4	ABOLISH
2278.572	2279.042	87	CHEATING
2279.042	2286.1152776930803	99999	sp
2286.1152776930803	2286.192	433	THE
2286.192	2286.6295668105026	165	FRIGHTENED
2286.6295668105026	2287.042	89	CHILD
2287.042	2287.282987564779	471	WAS
2287.282987564779	2287.592	176	GENTLY
2287.592	2288.1517161009747	409	SUBDUED
2288.1517161009747	2288.295254622254	73	BY
2288.295254622254	2288.4860097623755	208	HIS
2288.4860097623755	2288.7094445077314	52	BIG
2288.7094445077314	2289.102	66	BROTHER
2289.102	2296.530976761613	99999	sp
2296.530976761613	2296.7909829427026	142	EVEN
2296.7909829427026	2296.8885639549762	1	A
2296.8885639549762	2297.2719056494766	382	SIMPLE
2297.2719056494766	2298.0493487225776	467	VOCABULARY
2298.0493487225776	2298.5119999999997	104	CONTAINS
2298.5119999999997	2299.122	421	SYMBOLS
2299.122	2305.651222965631	99999	sp
2305.651222965631	2305.8142776893646	1	A
2305.8142776893646	2306.159216236384	110	CRAB
2306.159216236384	2306.6206227407033	85	CHALLENGED
2306.6206227407033	2306.752	257	ME
2306.752	2306.8749629275317	70	BUT
2306.8749629275317	2307.0229083332365	1	A
2307.0229083332365	2307.242	349	QUICK
2307.242	2307.5919687285154	401	STAB
2307.5919687285154	2308.052	463	VANQUISHED
2308.052	2308.292	207	HIM
2308.292	2315.8009408617745	99999	sp
2315.8009408617745	2316.232	183	GLUCOSE
2316.232	2316.372	20	AND
2316.372	2316.84594447749	167	FRUCTOSE
2316.84594447749	2316.946043709435	30	ARE
2316.946043709435	2317.3929704506427	275	NATURAL
2317.3929704506427	2317.8631904263225	413	SUGARS
2317.8631904263225	2318.1087168443	163	FOUND
2318.1087168443	2318.232	217	IN
2318.232	2318.632	168	FRUIT
2318.632	2325.9629859539127	99999	sp
2325.9629859539127	2326.072	30	ARE
2326.072	2326.2569202667846	494	YOU
2326.2569202667846	2326.604444867259	249	LOOKING
2326.604444867259	2326.732244515591	161	FOR
2326.732244515591	2327.522	136	EMPLOYMENT
2327.522	2333.4118786494078	99999	sp
2333.4118786494078	2333.760562073693	98	COFFEE
2333.760562073693	2333.945683969285	224	IS
2333.945683969285	2334.16225086104	198	GROWN
2334.16225086104	2334.322	296	ON
2334.322	2334.734459030908	403	STEEP
2334.734459030908	2335.062	88888	JUNGLE
2335.062	2335.252	240	LIKE
2335.252	2335.6535516630447	389	SLOPES
2335.6535516630447	2335.8077926179285	217	IN
2335.8077926179285	2336.2654214952504	430	TEMPERATE
2336.2654214952504	2336.792	496	ZONES
2336.792	2344.5521372854687	99999	sp
2344.5521372854687	2344.6919404045902	475	WE
2344.6919404045902	2345.122	479	WELCOME
2345.122	2345.379315197083	255	MANY
2345.379315197083	2345.545517695407	281	NEW
2345.545517695407	2346.062	407	STUDENTS
2346.062	2346.348142965224	132	EACH
2346.348142965224	2346.682	490	YEAR
2346.682	2353.275764188704	99999	sp
2353.275764188704	2353.5766914394567	297	ONLY
2353.5766914394567	2353.6667177927156	433	THE
2353.6667177927156	2354.0349501691867	51	BEST
2354.0349501691867	2354.394426027303	329	PLAYERS
2354.394426027303	2354.7626584037744	139	ENJOY
2354.7626584037744	2355.602	335	POPULARITY
2355.602	2362.6833519326246	99999	sp
2362.6833519326246	2363.1620000000003	75	CALCIUM
2363.1620000000003	2363.4853473500334	253	MAKES
2363.4853473500334	2363.774533311818	58	BONES
2363.774533311818	2363.9159193066475	20	AND
2363.9159193066475	2364.122	429	TEETH
2364.122	2364.572	405	STRONG
2364.572	2370.9474167940907	99999	sp
2370.9474167940907	2371.3138177563037	285	NOTHING
2371.3138177563037	2371.434692300539	224	IS
2371.434692300539	2371.672	34	AS
2371.672	2371.80292467701	99999	sp
2371.80292467701	2371.962	224	IS
2371.962	2372.242	34	AS
2372.242	2372.742	294	OFFENSIVE
2372.742	2372.9120000000003	34	AS
2372.9120000000003	2373.682	219	INNOCENCE
2373.682	2380.0	99999	sp
2380.0	2380.9747908545296	99999	sp
2380.9747908545296	2381.602	489	WORE
2381.602	2381.6827946594144	1	A
2381.6827946594144	2382.028588406587	65	BRIGHT
2382.028588406587	2382.307844302231	355	RED
2382.307844302231	2382.812	78	CASHMERE
2382.812	2383.242	419	SWEATER
2383.242	2390.093073854075	99999	sp
2390.093073854075	2390.465546694335	46	BARB'S
2390.465546694335	2390.714521826951	188	GOLD
2390.714521826951	2391.172	63	BRACELET
2391.172	2391.3003672773243	471	WAS
2391.3003672773243	2391.4374185710667	1	A
2391.4374185710667	2392.1023561671263	193	GRADUATION
2392.1023561671263	2392.562	338	PRESENT
2392.562	2399.1841534024957	99999	sp
2399.1841534024957	2399.431822231653	130	DRAW
2399.431822231653	2399.782	145	EVERY
2399.782	2400.102	307	OUTER
2400.102	2400.352	243	LINE
2400.352	2400.763603221211	156	FIRST
2400.763603221211	2400.922	435	THEN
2400.922	2401.162	154	FILL
2401.162	2401.306574426699	217	IN
2401.306574426699	2401.432	433	THE
2401.432	2402.082	222	INTERIOR
2402.082	2409.4797968826183	99999	sp
2409.4797968826183	2409.583766829595	433	THE
2409.583766829595	2409.94943385902	474	WATER
2409.94943385902	2410.443772903025	103	CONTAINED
2410.443772903025	2410.578178194241	447	TOO
2410.578178194241	2410.8771665251757	268	MUCH
2410.8771665251757	2411.252	90	CHLORINE
2411.252	2411.422	20	AND
2411.422	2411.7057386400566	408	STUNG
2411.7057386400566	2411.842	208	HIS
2411.842	2412.312	149	EYES
2412.312	2419.6258507950133	99999	sp
2419.6258507950133	2420.064328106407	229	JOHN'S
2420.064328106407	2420.372	66	BROTHER
2420.372	2420.9380459883328	362	REPAINTED
2420.9380459883328	2421.0042086818635	433	THE
2421.0042086818635	2421.5525378701354	173	GARAGE
2421.5525378701354	2421.882	129	DOOR
2421.882	2428.782555327573	99999	sp
2428.782555327573	2429.212	84	CHALLENGE
2429.212	2429.432	132	EACH
2429.432	2429.851884774347	175	GENERAL'S
2429.851884774347	2430.712	221	INTELLIGENCE
2430.712	2436.9046270100544	99999	sp
2436.9046270100544	2437.8117575812494	17	AMBIDEXTROUS
2437.8117575812494	2438.354229572507	326	PICKPOCKETS
2438.354229572507	2438.902	6	ACCOMPLISH
2438.902	2439.212	266	MORE
2439.212	2445.8686757529986	99999	sp
2445.8686757529986	2446.0064575935444	1	A
2446.0064575935444	2446.412	270	MUSCULAR
2446.412	2447.108097403097	2	ABDOMEN
2447.108097403097	2447.3373488521797	224	IS
2447.3373488521797	2447.47113475107	189	GOOD
2447.47113475107	2447.652	161	FOR
2447.652	2447.7594468903458	495	YOUR
2447.7594468903458	2448.252	43	BACK
2448.252	2455.3614652932847	99999	sp
2455.3614652932847	2455.5015725657386	437	THEY
2455.5015725657386	2455.7172563752006	316	OWN
2455.7172563752006	2455.9173170834674	1	A
2455.9173170834674	2456.102	52	BIG
2456.102	2456.444730905579	209	HOUSE
2456.444730905579	2456.532	217	IN
2456.532	2456.602	433	THE
2456.602	2457.001835401827	360	REMOTE
2457.001835401827	2457.732	109	COUNTRYSIDE
2457.732	2464.620770324355	99999	sp
2464.620770324355	2464.737623277729	433	THE
2464.737623277729	2465.0945113718885	368	ROSE
2465.0945113718885	2465.612	106	CORSAGE
2465.612	2465.942	392	SMELLED
2465.942	2466.392	420	SWEET
2466.392	2472.4093146477953	99999	sp
2472.4093146477953	2472.6454031247076	433	THE
2472.6454031247076	2473.252	325	PICKPOCKET
2473.252	2473.440258042161	471	WAS
2473.440258042161	2473.656334663923	80	CAUGHT
2473.656334663923	2473.841206500605	355	RED
2473.841206500605	2474.322	199	HANDED
2474.322	2481.406107983128	99999	sp
2481.406107983128	2481.5130778508938	19	AN
2481.5130778508938	2481.923491591264	9	ADULT
2481.923491591264	2482.15447068835	254	MALE
2482.15447068835	2482.712	42	BABOON'S
2482.712	2482.9574481915533	429	TEETH
2482.9574481915533	2483.047386558237	30	ARE
2483.047386558237	2483.312	284	NOT
2483.312	2483.761203458884	414	SUITABLE
2483.761203458884	2483.962	161	FOR
2483.962	2484.292	135	EATING
2484.292	2485.052	375	SHELLFISH
2485.052	2492.8337861633026	99999	sp
2492.8337861633026	2493.0129015584707	204	HER
2493.0129015584707	2493.495665797848	469	WARDROBE
2493.495665797848	2493.912	102	CONSISTS
2493.912	2494.012	293	OF
2494.012	2494.242	297	ONLY
2494.242	2494.6317692823377	384	SKIRTS
2494.6317692823377	2494.7696982512507	20	AND
2494.7696982512507	2495.432	54	BLOUSES
2495.432	2501.954343044023	99999	sp
2501.954343044023	2502.072	433	THE
2502.072	2502.312	452	TWO
2502.312	2502.7147749988676	33	ARTISTS
2502.7147749988676	2503.3076615798286	147	EXCHANGED
2503.3076615798286	2504.182	39	AUTOGRAPHS
2504.182	2510.715891370281	99999	sp
2510.715891370281	2511.282	71	BUTTERSCOTCH
2511.282	2511.6779645530287	169	FUDGE
2511.6779645530287	2511.872	186	GOES
2511.872	2512.082	480	WELL
2512.082	2512.252	486	WITH
2512.252	2512.6364510323488	462	VANILLA
2512.6364510323488	2512.955501580221	212	ICE
2512.955501580221	2513.182	112	CREAM
2513.182	2520.1343327932236	99999	sp
2520.1343327932236	2520.5326608580435	365	RICH
2520.5326608580435	2520.912	348	PURCHASED
2520.912	2521.2663503459466	373	SEVERAL
2521.2663503459466	2521.6908723715865	381	SIGNED
2521.6908723715865	2522.442	244	LITHOGRAPHS
2522.442	2527.442	99999	sp
2527.442	2527.982	99999	sp
2527.982	2529.1852659845995	99999	sp
2529.1852659845995	2529.414042491744	24	ANY
2529.414042491744	2530.2211223526415	105	CONTRIBUTIONS
2530.2211223526415	2530.2952576379075	484	WILL
2530.2952576379075	2530.472997485044	47	BE
2530.472997485044	2530.792	195	GREATLY
2530.792	2531.572	28	APPRECIATED
2531.572	2538.2852953559027	99999	sp
2538.2852953559027	2538.4244363185526	433	THE
2538.4244363185526	2538.888507112555	111	CRANBERRY
2538.888507112555	2539.252	57	BOG
2539.252	2539.482	178	GETS
2539.482	2539.8178928411703	464	VERY
2539.8178928411703	2540.052	339	PRETTY
2540.052	2540.166781191546	217	IN
2540.166781191546	2540.612	40	AUTUMN
2540.612	2547.076476513059	99999	sp
2547.076476513059	2547.3169537439267	210	HOW
2547.3169537439267	2547.4965933588155	128	DO
2547.4965933588155	2547.956070427258	317	OYSTERS
2547.956070427258	2548.211343717411	252	MAKE
2548.211343717411	2548.742	319	PEARLS
2548.742	2551.112	99999	sp
2551.112	2551.702	99999	sp
2551.702	2554.734903065693	99999	sp
2554.734903065693	2554.912	256	MAY
2554.912	2555.052	211	I
2555.052	2555.312	303	ORDER
2555.312	2555.490929840654	1	A
2555.490929840654	2555.922	318	PARFAIT
2555.922	2556.242	10	AFTER
2556.242	2556.3243672166664	211	I
2556.3243672166664	2556.547682244013	134	EAT
2556.547682244013	2556.902	124	DINNER
2556.902	2563.5650023554517	99999	sp
2563.5650023554517	2563.692	224	IS
2563.692	2563.8406396007267	374	SHE
2563.8406396007267	2564.2120287924554	187	GOING
2564.2120287924554	2564.3915127135224	486	WITH
2564.3915127135224	2564.672	494	YOU
2564.672	2570.191937007598	99999	sp
2570.191937007598	2570.3994818053825	76	CAN
2570.3994818053825	2570.482	433	THE
2570.482	2570.9976741723194	11	AGENCY
2570.9976741723194	2571.562	314	OVERTHROW
2571.562	2571.946965340046	13	ALIEN
2571.946965340046	2572.592	162	FORCES
2572.592	2579.154233816138	99999	sp
2579.154233816138	2579.2949224465688	1	A
2579.2949224465688	2579.892	370	SCREWDRIVER
2579.892	2580.040607619911	224	IS
2580.040607619911	2580.292	251	MADE
2580.292	2580.5376108469973	166	FROM
2580.5376108469973	2580.862	468	VODKA
2580.862	2580.972	20	AND
2580.972	2581.392	302	ORANGE
2581.392	2581.812	230	JUICE
2581.812	2585.152	99999	sp
2585.152	2586.112	99999	sp
2586.112	2588.8683321999797	99999	sp
2588.8683321999797	2589.0863414413493	210	HOW
2589.0863414413493	2589.297767199296	268	MUCH
2589.297767199296	2589.842	16	ALLOWANCE
2589.842	2589.912	128	DO
2589.912	2589.992	494	YOU
2589.992	2590.332	177	GET
2590.332	2596.172	99999	sp
2596.172	2596.792	115	CYCLICAL
2596.792	2596.8804884496085	99999	sp
2596.8804884496085	2597.432	345	PROGRAMS
2597.432	2597.50764088823	484	WILL
2597.50764088823	2597.883566623545	280	NEVER
2597.883566623545	2598.452	100	COMPILE
2598.452	2601.702	99999	sp
2601.702	2603.502	99999	sp
2603.502	2604.9620996766	99999	sp
2604.9620996766	2605.1323968369793	433	THE
2605.1323968369793	2605.522	61	BOSTON
2605.522	2605.872	45	BALLET
2605.872	2606.380595177942	311	OVERCAME
2606.380595177942	2606.5052110356733	434	THEIR
2606.5052110356733	2606.9192578469333	170	FUNDING
2606.9192578469333	2607.622	379	SHORTAGE
2607.622	2614.164815961284	99999	sp
2614.164815961284	2614.5019616037753	145	EVERY
2614.5019616037753	2614.7538127787816	74	CAB
2614.7538127787816	2615.081003943308	279	NEEDS
2615.081003943308	2615.5767852016697	363	REPAINTING
2615.5767852016697	2616.172	295	OFTEN
2616.172	2622.263473539169	99999	sp
2622.263473539169	2622.532	203	HELP
2622.532	2622.628785779641	99999	sp
2622.628785779641	2622.926235083018	196	GREG
2622.926235083018	2623.0849922716347	445	TO
2623.0849922716347	2623.2149929357497	324	PICK
2623.2149929357497	2623.3376726653637	1	A
2623.3376726653637	2623.5502024501243	320	PECK
2623.5502024501243	2623.7360679564254	293	OF
2623.7360679564254	2624.442	337	POTATOES
2624.442	2631.5011744573812	99999	sp
2631.5011744573812	2631.682	475	WE
2631.682	2632.0026425273472	240	LIKE
2632.0026425273472	2632.208451534757	55	BLUE
2632.208451534757	2632.6796966951133	88	CHEESE
2632.6796966951133	2632.8676143686343	70	BUT
2632.8676143686343	2633.2036212971398	465	VICTOR
2633.2036212971398	2633.5521601477863	241	LIKES
2633.5521601477863	2633.902	64	BRIE
2633.902	2634.792	99999	sp
2634.792	2635.332	99999	sp
2635.332	2641.3368719383097	99999	sp
2641.3368719383097	2641.5932631669807	108	COUNT
2641.5932631669807	2641.682868150284	433	THE
2641.682868150284	2642.002	288	NUMBER
2642.002	2642.1895858614257	293	OF
2642.1895858614257	2642.696913720195	428	TEASPOONS
2642.696913720195	2642.802	293	OF
2642.802	2643.4239736708378	394	SOYSAUCE
2643.4239736708378	2643.512	432	THAT
2643.512	2643.692	494	YOU
2643.692	2644.052	7	ADD
2644.052	2651.439571730488	99999	sp
2651.439571730488	2652.0388102755373	44	BAGPIPES
2652.0388102755373	2652.395934570967	99999	sp
2652.395934570967	2652.974188389262	44	BAGPIPES
2652.974188389262	2653.149470958183	20	AND
2653.149470958183	2653.576005926486	59	BONGOS
2653.576005926486	2653.6787383575956	30	ARE
2653.6787383575956	2654.1329821545805	272	MUSICAL
2654.1329821545805	2655.012	220	INSTRUMENTS
2655.012	2662.9420503664023	99999	sp
2662.9420503664023	2663.222263939666	210	HOW
2663.222263939666	2663.3775531553156	189	GOOD
2663.3775531553156	2663.5554082969766	224	IS
2663.5554082969766	2663.682	495	YOUR
2663.682	2664.4719999999998	138	ENDURANCE
2664.4719999999998	2670.312	99999	sp
2670.312	2678.152	99999	{NS}
2678.2219999999998	2692.962	99999	{NS}
2692.962	2703.812	99999	{NS}
2703.812	2704.1793464333805	99999	sp
2704.1793464333805	2704.3212990524758	30	ARE
2704.3212990524758	2704.5854861576313	495	YOUR
2704.5854861576313	2704.822	192	GRADES
2704.822	2705.192	206	HIGHER
2705.192	2705.24718832747	301	OR
2705.24718832747	2705.5995691714047	250	LOWER
2705.5995691714047	2705.752	431	THAN
2705.752	2706.482	274	NANCY'S
2706.482	2713.042	99999	sp
2713.042	2713.292	374	SHE
2713.292	2713.542	489	WORE
2713.542	2713.9043264507054	470	WARM
2713.9043264507054	2714.463530930244	158	FLEECY
2714.463530930244	2714.8040136569684	488	WOOLEN
2714.8040136569684	2715.592	310	OVERALLS
2715.592	2722.973066370965	99999	sp
2722.973066370965	2723.3397429756455	353	READING
2723.3397429756455	2723.5437643845844	217	IN
2723.5437643845844	2723.746549485597	334	POOR
2723.746549485597	2724.0522894075066	239	LIGHT
2724.0522894075066	2724.2689207027465	181	GIVES
2724.2689207027465	2724.352	494	YOU
2724.352	2724.982	150	EYESTRAIN
2724.982	2731.300810718428	99999	sp
2731.300810718428	2731.6612010896138	142	EVEN
2731.6612010896138	2731.90697087003	211	I
2731.90697087003	2732.5285205760574	292	OCCASIONALLY
2732.5285205760574	2732.7368801414727	177	GET
2732.7368801414727	2732.802	433	THE
2732.802	2733.176361557206	264	MONDAY
2733.176361557206	2733.712	56	BLUES
2733.712	2740.3002298344622	99999	sp
2740.3002298344622	2740.412	475	WE
2740.412	2740.5278676779512	30	ARE
2740.5278676779512	2740.9029284040853	300	OPEN
2740.9029284040853	2741.232	145	EVERY
2741.232	2741.562	264	MONDAY
2741.562	2742.012	143	EVENING
2742.012	2748.7971104054927	99999	sp
2748.7971104054927	2749.006706278835	226	IT'S
2749.006706278835	2749.199751128451	284	NOT
2749.199751128451	2749.5602239023406	133	EASY
2749.5602239023406	2749.7221597649136	445	TO
2749.7221597649136	2750.023951119012	113	CREATE
2750.023951119012	2750.662	215	ILLUMINATING
2750.662	2751.462	146	EXAMPLES
2751.462	2758.5729496793037	99999	sp
2758.5729496793037	2758.9077081306827	269	MUM
2758.9077081306827	2759.380898401715	406	STRONGLY
2759.380898401715	2759.862	126	DISLIKES
2759.862	2760.782	27	APPETIZERS
2760.782	2767.654187094234	99999	sp
2767.654187094234	2767.892	442	THOSE
2767.892	2768.028198876388	483	WHO
2768.028198876388	2768.312	426	TEACH
2768.312	2768.7576409372505	461	VALUES
2768.7576409372505	2769.092	156	FIRST
2769.092	2769.5749403223926	4	ABOLISH
2769.5749403223926	2769.962	87	CHEATING
2769.962	2776.8979148995004	99999	sp
2776.8979148995004	2776.983029974969	433	THE
2776.983029974969	2777.412	165	FRIGHTENED
2777.412	2777.757000075433	89	CHILD
2777.757000075433	2777.9719999999998	471	WAS
2777.9719999999998	2778.2740665948286	176	GENTLY
2778.2740665948286	2778.792	409	SUBDUED
2778.792	2778.982	73	BY
2778.982	2779.1844006159117	208	HIS
2779.1844006159117	2779.407250736406	52	BIG
2779.407250736406	2779.892	66	BROTHER
2779.892	2786.4610488873427	99999	sp
2786.4610488873427	2786.7792188956837	142	EVEN
2786.7792188956837	2786.8808250170246	1	A
2786.8808250170246	2787.2519371753474	382	SIMPLE
2787.2519371753474	2788.032	467	VOCABULARY
2788.032	2788.522	104	CONTAINS
2788.522	2789.172	421	SYMBOLS
2789.172	2795.6075537111337	99999	sp
2795.6075537111337	2795.8006585386033	1	A
2795.8006585386033	2796.112	110	CRAB
2796.112	2796.5748684167897	85	CHALLENGED
2796.5748684167897	2796.736025102032	257	ME
2796.736025102032	2796.8775813287752	70	BUT
2796.8775813287752	2797.0338229049294	1	A
2797.0338229049294	2797.272	349	QUICK
2797.272	2797.746181972844	401	STAB
2797.746181972844	2798.312	463	VANQUISHED
2798.312	2798.552	207	HIM
2798.552	2805.554110121714	99999	sp
2805.554110121714	2806.032	183	GLUCOSE
2806.032	2806.182	20	AND
2806.182	2806.659954044189	167	FRUCTOSE
2806.659954044189	2806.752	30	ARE
2806.752	2807.2128722902335	275	NATURAL
2807.2128722902335	2807.712	413	SUGARS
2807.712	2807.9242423920214	163	FOUND
2807.9242423920214	2808.0610932984728	217	IN
2808.0610932984728	2808.432	168	FRUIT
2808.432	2815.1020089729986	99999	sp
2815.1020089729986	2815.232	30	ARE
2815.232	2815.372	494	YOU
2815.372	2815.7478254940984	249	LOOKING
2815.7478254940984	2815.9537684449033	161	FOR
2815.9537684449033	2816.492	136	EMPLOYMENT
2816.492	2825.0075612328615	99999	sp
2825.0075612328615	2825.335582097009	98	COFFEE
2825.335582097009	2825.5373815482853	224	IS
2825.5373815482853	2825.760045450091	198	GROWN
2825.760045450091	2825.9025405351617	296	ON
2825.9025405351617	2826.3386689004333	403	STEEP
2826.3386689004333	2826.672	88888	JUNGLE
2826.672	2826.862	240	LIKE
2826.862	2827.2521872315065	389	SLOPES
2827.2521872315065	2827.402	217	IN
2827.402	2827.8832499723117	430	TEMPERATE
2827.8832499723117	2828.512	496	ZONES
2828.512	2835.773487112121	99999	sp
2835.773487112121	2835.922	475	WE
2835.922	2836.352	479	WELCOME
2836.352	2836.587492067835	255	MANY
2836.587492067835	2836.7342196801847	281	NEW
2836.7342196801847	2837.2219999999998	407	STUDENTS
2837.2219999999998	2837.462	132	EACH
2837.462	2837.732	490	YEAR
2837.732	2845.8528711763033	99999	sp
2845.8528711763033	2846.1483778862685	297	ONLY
2846.1483778862685	2846.2528659110867	433	THE
2846.2528659110867	2846.5942128667275	51	BEST
2846.5942128667275	2846.9617198741826	329	PLAYERS
2846.9617198741826	2847.312	139	ENJOY
2847.312	2848.202	335	POPULARITY
2848.202	2854.4597787859225	99999	sp
2854.4597787859225	2854.942	75	CALCIUM
2854.942	2855.2699124204446	253	MAKES
2855.2699124204446	2855.652	58	BONES
2855.652	2855.862	20	AND
2855.862	2856.082	429	TEETH
2856.082	2856.562	405	STRONG
2856.562	2863.5668225340123	99999	sp
2863.5668225340123	2863.962	285	NOTHING
2863.962	2864.092	224	IS
2864.092	2864.322	34	AS
2864.322	2864.832	294	OFFENSIVE
2864.832	2864.992	34	AS
2864.992	2865.752	219	INNOCENCE
2865.752	2871.812	99999	sp
2871.812	2872.2408213092585	404	STEVE
2872.2408213092585	2872.382	489	WORE
2872.382	2872.504936633214	1	A
2872.504936633214	2872.8800340681055	65	BRIGHT
2872.8800340681055	2873.20152765764	355	RED
2873.20152765764	2873.682	78	CASHMERE
2873.682	2874.172	419	SWEATER
2874.172	2880.9872539702596	99999	sp
2880.9872539702596	2881.342549896275	46	BARB'S
2881.342549896275	2881.5851192273535	188	GOLD
2881.5851192273535	2881.982	63	BRACELET
2881.982	2882.1411126251514	471	WAS
2882.1411126251514	2882.280757537943	1	A
2882.280757537943	2882.8998267010165	193	GRADUATION
2882.8998267010165	2883.402	338	PRESENT
2883.402	2889.8168455223026	99999	sp
2889.8168455223026	2890.033584531092	130	DRAW
2890.033584531092	2890.352	145	EVERY
2890.352	2890.628724408868	307	OUTER
2890.628724408868	2890.848689500132	243	LINE
2890.848689500132	2891.262	156	FIRST
2891.262	2891.4250093773594	435	THEN
2891.4250093773594	2891.672	154	FILL
2891.672	2891.782	217	IN
2891.782	2891.932	433	THE
2891.932	2892.542	222	INTERIOR
2892.542	2898.735873200456	99999	sp
2898.735873200456	2898.852	433	THE
2898.852	2899.201100346471	474	WATER
2899.201100346471	2899.646569057907	103	CONTAINED
2899.646569057907	2899.772643956944	447	TOO
2899.772643956944	2900.0555123741515	268	MUCH
2900.0555123741515	2900.442	90	CHLORINE
2900.442	2900.602	20	AND
2900.602	2900.882	408	STUNG
2900.882	2901.062	208	HIS
2901.062	2901.592	149	EYES
2901.592	2909.249481376236	99999	sp
2909.249481376236	2909.692981144339	229	JOHN'S
2909.692981144339	2909.992	66	BROTHER
2909.992	2910.5756794886947	362	REPAINTED
2910.5756794886947	2910.651729803803	433	THE
2910.651729803803	2911.1751581433828	173	GARAGE
2911.1751581433828	2911.542	129	DOOR
2911.542	2918.779568258928	99999	sp
2918.779568258928	2919.2037946358887	84	CHALLENGE
2919.2037946358887	2919.422	132	EACH
2919.422	2919.83380763527	175	GENERAL'S
2919.83380763527	2920.752	221	INTELLIGENCE
2920.752	2927.5573577949112	99999	sp
2927.5573577949112	2928.528763684769	17	AMBIDEXTROUS
2928.528763684769	2929.052	326	PICKPOCKETS
2929.052	2929.617427509759	6	ACCOMPLISH
2929.617427509759	2929.942	266	MORE
2929.942	2936.482	99999	sp
2936.482	2936.5295358548606	1	A
2936.5295358548606	2937.000930157919	270	MUSCULAR
2937.000930157919	2937.627115849182	2	ABDOMEN
2937.627115849182	2937.854311523746	224	IS
2937.854311523746	2937.977216080125	189	GOOD
2937.977216080125	2938.122	161	FOR
2938.122	2938.241157588801	495	YOUR
2938.241157588801	2938.702	43	BACK
2938.702	2945.3090472505014	99999	sp
2945.3090472505014	2945.482	437	THEY
2945.482	2945.640143640664	316	OWN
2945.640143640664	2945.8240767054044	1	A
2945.8240767054044	2945.992	52	BIG
2945.992	2946.3486646583833	209	HOUSE
2946.3486646583833	2946.462	217	IN
2946.462	2946.542	433	THE
2946.542	2946.964639661387	360	REMOTE
2946.964639661387	2947.742	109	COUNTRYSIDE
2947.742	2954.271855818096	99999	sp
2954.271855818096	2954.3727240701023	433	THE
2954.3727240701023	2954.703790416486	368	ROSE
2954.703790416486	2955.202	106	CORSAGE
2955.202	2955.532	392	SMELLED
2955.532	2955.992	420	SWEET
2955.992	2963.5422055831414	99999	sp
2963.5422055831414	2963.684913890836	433	THE
2963.684913890836	2964.250464588237	325	PICKPOCKET
2964.250464588237	2964.460800967922	471	WAS
2964.460800967922	2964.742	80	CAUGHT
2964.742	2964.950792879647	355	RED
2964.950792879647	2965.462	199	HANDED
2965.462	2973.085475121993	99999	sp
2973.085475121993	2973.205555783199	19	AN
2973.205555783199	2973.6067056584075	9	ADULT
2973.6067056584075	2973.8264472955643	254	MALE
2973.8264472955643	2975.0	42	BABOON'S
2975.0	2975.4301608727114	414	SUITABLE
2975.4301608727114	2984.8113796847474	99999	sp
2984.8113796847474	2985.002494082335	204	HER
2985.002494082335	2985.49478851774	469	WARDROBE
2985.49478851774	2985.918811115036	102	CONSISTS
2985.918811115036	2986.022	293	OF
2986.022	2986.262	297	ONLY
2986.262	2986.6469214489607	384	SKIRTS
2986.6469214489607	2986.793965859922	20	AND
2986.793965859922	2987.412	54	BLOUSES
2987.412	2994.7219049975683	99999	sp
2994.7219049975683	2994.8836538496257	433	THE
2994.8836538496257	2995.071583304497	452	TWO
2995.071583304497	2995.4447217326983	33	ARTISTS
2995.4447217326983	2995.952	147	EXCHANGED
2995.952	2996.712	39	AUTOGRAPHS
2996.712	3004.2484037928743	99999	sp
3004.2484037928743	3004.8488796833244	71	BUTTERSCOTCH
3004.8488796833244	3005.2234953585375	169	FUDGE
3005.2234953585375	3005.422	186	GOES
3005.422	3005.602	480	WELL
3005.602	3005.7916214785764	486	WITH
3005.7916214785764	3006.1757014800073	462	VANILLA
3006.1757014800073	3006.45385602163	212	ICE
3006.45385602163	3006.722	112	CREAM
3006.722	3013.6443274669664	99999	sp
3013.6443274669664	3013.967771687165	365	RICH
3013.967771687165	3014.372	348	PURCHASED
3014.372	3014.7117629227137	373	SEVERAL
3014.7117629227137	3015.112	381	SIGNED
3015.112	3015.892	244	LITHOGRAPHS
3015.892	3022.590294822557	99999	sp
3022.590294822557	3022.8808545786164	24	ANY
3022.8808545786164	3023.652	105	CONTRIBUTIONS
3023.652	3023.772	484	WILL
3023.772	3023.912411198089	47	BE
3023.912411198089	3024.2053236647243	195	GREATLY
3024.2053236647243	3025.062	28	APPRECIATED
3025.062	3031.5839584721753	99999	sp
3031.5839584721753	3031.7186511526156	433	THE
3031.7186511526156	3032.127381131172	111	CRANBERRY
3032.127381131172	3032.492051270356	57	BOG
3032.492051270356	3032.702	178	GETS
3032.702	3033.0384147123323	464	VERY
3033.0384147123323	3033.292	339	PRETTY
3033.292	3033.382	217	IN
3033.382	3033.802	40	AUTUMN
3033.802	3040.738140713687	99999	sp
3040.738140713687	3041.042228555555	210	HOW
3041.042228555555	3041.182	128	DO
3041.182	3041.6291763601967	317	OYSTERS
3041.6291763601967	3041.8562129307206	252	MAKE
3041.8562129307206	3042.402	319	PEARLS
3042.402	3049.579466353549	99999	sp
3049.579466353549	3049.742	256	MAY
3049.742	3049.929378567721	211	I
3049.929378567721	3050.192	303	ORDER
3050.192	3050.3087531480014	1	A
3050.3087531480014	3050.7415983047154	318	PARFAIT
3050.7415983047154	3051.062	10	AFTER
3051.062	3051.162	211	I
3051.162	3051.365601300919	134	EAT
3051.365601300919	3051.762	124	DINNER
3051.762	3059.789962264731	99999	sp
3059.789962264731	3059.912	224	IS
3059.912	3060.1339927024646	374	SHE
3060.1339927024646	3060.382	187	GOING
3060.382	3060.5562507668296	486	WITH
3060.5562507668296	3060.842	494	YOU
3060.842	3068.351903523767	99999	sp
3068.351903523767	3068.521886862838	76	CAN
3068.521886862838	3068.5848218707292	433	THE
3068.5848218707292	3069.132	11	AGENCY
3069.132	3069.699899715628	314	OVERTHROW
3069.699899715628	3070.062	13	ALIEN
3070.062	3070.682	162	FORCES
3070.682	3077.140293175683	99999	sp
3077.140293175683	3077.276750389055	1	A
3077.276750389055	3077.8931070758886	370	SCREWDRIVER
3077.8931070758886	3078.049508845236	224	IS
3078.049508845236	3078.290661679212	251	MADE
3078.290661679212	3078.538284467271	166	FROM
3078.538284467271	3078.941132669389	468	VODKA
3078.941132669389	3079.002	20	AND
3079.002	3079.392	302	ORANGE
3079.392	3079.862	230	JUICE
3079.862	3087.155514214348	99999	sp
3087.155514214348	3087.362	210	HOW
3087.362	3087.552	268	MUCH
3087.552	3088.052	16	ALLOWANCE
3088.052	3088.112	128	DO
3088.112	3088.194717037951	494	YOU
3088.194717037951	3088.622	177	GET
3088.622	3095.9239058263734	99999	sp
3095.9239058263734	3096.5390861579194	115	CYCLICAL
3096.5390861579194	3097.0595698888064	345	PROGRAMS
3097.0595698888064	3097.162	484	WILL
3097.162	3097.5206476776652	280	NEVER
3097.5206476776652	3098.132	100	COMPILE
3098.132	3104.3299800097902	99999	sp
3104.3299800097902	3104.478788953683	433	THE
3104.478788953683	3104.892	61	BOSTON
3104.892	3105.272	45	BALLET
3105.272	3105.76032096655	311	OVERCAME
3105.76032096655	3105.8791328506063	434	THEIR
3105.8791328506063	3106.2366913741484	170	FUNDING
3106.2366913741484	3106.942	379	SHORTAGE
3106.942	3114.5875303429593	99999	sp
3114.5875303429593	3114.9433243335698	145	EVERY
3114.9433243335698	3115.2074160956563	74	CAB
3115.2074160956563	3115.4543972221554	279	NEEDS
3115.4543972221554	3115.7314288924067	88888	RE
3115.7314288924067	3115.832595447148	99999	sp
3115.832595447148	3116.442	363	REPAINTING
3116.442	3116.952	295	OFTEN
3116.952	3124.7915027109034	99999	sp
3124.7915027109034	3125.118529480881	203	HELP
3125.118529480881	3125.342	196	GREG
3125.342	3125.5237303935746	445	TO
3125.5237303935746	3125.6619521398784	324	PICK
3125.6619521398784	3125.796056642675	1	A
3125.796056642675	3125.972	320	PECK
3125.972	3126.1477332845384	293	OF
3126.1477332845384	3126.852	337	POTATOES
3126.852	3133.66870697656	99999	sp
3133.66870697656	3133.774578952452	475	WE
3133.774578952452	3134.074549550813	240	LIKE
3134.074549550813	3134.2827109528184	55	BLUE
3134.2827109528184	3134.683259928277	88	CHEESE
3134.683259928277	3134.8102527101914	70	BUT
3134.8102527101914	3135.172	465	VICTOR
3135.172	3135.50071978015	241	LIKES
3135.50071978015	3135.832	64	BRIE
3135.832	3143.586878598751	99999	sp
3143.586878598751	3143.863322091358	108	COUNT
3143.863322091358	3143.9444906062085	433	THE
3143.9444906062085	3144.232	288	NUMBER
3144.232	3144.3873348881084	293	OF
3144.3873348881084	3144.902	428	TEASPOONS
3144.902	3144.982	293	OF
3144.982	3145.5924038072753	394	SOYSAUCE
3145.5924038072753	3145.702	432	THAT
3145.702	3145.8735527210333	494	YOU
3145.8735527210333	3146.222	7	ADD
3146.222	3153.5968059333813	99999	sp
3153.5968059333813	3154.152	44	BAGPIPES
3154.152	3154.323151839614	20	AND
3154.323151839614	3154.7542325686372	59	BONGOS
3154.7542325686372	3154.8553991233784	30	ARE
3154.8553991233784	3155.3594138802378	272	MUSICAL
3155.3594138802378	3156.232	220	INSTRUMENTS
3156.232	3163.47027605464	99999	sp
3163.47027605464	3163.7690702977134	210	HOW
3163.7690702977134	3163.9131738204555	189	GOOD
3163.9131738204555	3164.072	224	IS
3164.072	3164.262	495	YOUR
3164.262	3165.272	138	ENDURANCE
