36.035	36.15	30	ARE
36.15	36.389	496	YOUR
36.389	36.765	192	GRADES
36.765	37.26	206	HIGHER
37.26	37.407	302	OR
37.407	37.769	251	LOWER
37.769	37.941	432	THAN
37.941	38.771	275	NANCY'S
38.771	45.753	99999	sp
45.753	46.011	375	SHE
46.011	46.357	490	WORE
46.357	46.813	471	WARM
46.813	47.386	158	FLEECY
47.386	47.715	489	WOOLEN
47.715	48.507	311	OVERALLS
48.507	59.441	99999	sp
59.441	59.761	354	READING
59.761	59.923	217	IN
59.923	59.966	99999	sp
59.966	60.205	335	POOR
60.205	60.549	240	LIGHT
60.549	60.604	99999	sp
60.604	60.808	181	GIVES
60.808	60.898	495	YOU
60.898	61.572	150	EYESTRAIN
61.572	71.48	99999	sp
71.48	71.711	142	EVEN
71.711	71.984	211	I
71.984	72.602	293	OCCASIONALLY
72.602	72.752	177	GET
72.752	72.801	99999	sp
72.801	72.848	434	THE
72.848	73.259	265	MONDAY
73.259	73.781	56	BLUES
73.781	84.097	99999	sp
84.097	84.168	476	WE
84.168	84.29	30	ARE
84.29	84.639	301	OPEN
84.639	84.932	145	EVERY
84.932	85.259	265	MONDAY
85.259	85.731	143	EVENING
85.731	95.11	99999	sp
95.11	95.298	226	IT'S
95.298	95.495	285	NOT
95.495	95.837	133	EASY
95.837	95.984	446	TO
95.984	96.441	113	CREATE
96.441	97.113	215	ILLUMINATING
97.113	98.031	146	EXAMPLES
98.031	107.877	99999	sp
107.877	108.195	270	MUM
108.195	108.751	407	STRONGLY
108.751	109.314	126	DISLIKES
109.314	109.386	99999	sp
109.386	110.302	27	APPETIZERS
110.302	120.674	99999	sp
120.674	120.915	443	THOSE
120.915	121.027	484	WHO
121.027	121.328	427	TEACH
121.328	121.999	462	VALUES
121.999	122.37	156	FIRST
122.37	122.955	4	ABOLISH
122.955	123.095	99999	sp
123.095	123.651	87	CHEATING
123.651	134.772	99999	sp
134.772	134.866	434	THE
134.866	135.256	165	FRIGHTENED
135.256	135.647	89	CHILD
135.647	135.883	472	WAS
135.883	136.242	176	GENTLY
136.242	136.828	410	SUBDUED
136.828	136.962	73	BY
136.962	137.138	208	HIS
137.138	137.187	99999	sp
137.187	137.41	52	BIG
137.41	137.772	66	BROTHER
137.772	149.616	99999	sp
149.616	149.812	142	EVEN
149.812	149.889	1	A
149.889	150.292	383	SIMPLE
150.292	151.202	468	VOCABULARY
151.202	151.246	99999	sp
151.246	151.812	104	CONTAINS
151.812	152.552	422	SYMBOLS
152.552	162.911	99999	sp
162.911	163.03	1	A
163.03	163.437	110	CRAB
163.437	164.043	85	CHALLENGED
164.043	164.491	258	ME
164.491	164.572	70	BUT
164.572	164.862	211	I
164.862	165.731	99999	sp
165.731	165.827	70	BUT
165.827	165.96	1	A
165.96	166.232	350	QUICK
166.232	166.854	402	STAB
166.854	167.542	464	VANQUISHED
167.542	167.882	207	HIM
167.882	179.759	99999	sp
179.759	180.267	183	GLUCOSE
180.267	180.433	20	AND
180.433	181.127	167	FRUCTOSE
181.127	181.229	30	ARE
181.229	181.706	276	NATURAL
181.706	182.272	414	SUGARS
182.272	182.322	99999	sp
182.322	182.672	163	FOUND
182.672	182.777	217	IN
182.777	183.302	168	FRUIT
183.302	193.848	99999	sp
193.848	193.932	30	ARE
193.932	194.078	495	YOU
194.078	194.399	250	LOOKING
194.399	194.576	161	FOR
194.576	195.504	136	EMPLOYMENT
195.504	203.97	99999	sp
203.97	204.371	98	COFFEE
204.371	204.576	224	IS
204.576	204.838	198	GROWN
204.838	205.042	297	ON
205.042	205.681	404	STEEP
205.681	206.04	231	JUNGLE
206.04	206.268	241	LIKE
206.268	206.832	390	SLOPES
206.832	207.003	217	IN
207.003	207.462	431	TEMPERATE
207.462	207.708	99999	sp
207.708	208.442	497	ZONES
208.442	219.188	99999	sp
219.188	219.287	476	WE
219.287	219.799	480	WELCOME
219.799	220.092	256	MANY
220.092	220.252	282	NEW
220.252	220.775	408	STUDENTS
220.775	220.829	99999	sp
220.829	221.041	132	EACH
221.041	221.312	491	YEAR
221.312	230.56	99999	sp
230.56	230.782	298	ONLY
230.782	230.957	434	THE
230.957	231.276	51	BEST
231.276	231.723	330	PLAYERS
231.723	232.04	139	ENJOY
232.04	232.948	336	POPULARITY
232.948	242.484	99999	sp
242.484	242.952	75	CALCIUM
242.952	243.266	254	MAKES
243.266	243.764	58	BONES
243.764	243.926	20	AND
243.926	244.28	430	TEETH
244.28	244.891	406	STRONG
244.891	253.708	99999	sp
253.708	254.176	286	NOTHING
254.176	254.329	224	IS
254.329	254.52	34	AS
254.52	255.3	295	OFFENSIVE
255.3	255.532	34	AS
255.532	256.281	219	INNOCENCE
256.281	267.215	99999	sp
267.215	267.672	405	STEVE
267.672	267.943	490	WORE
267.943	268.102	1	A
268.102	268.422	65	BRIGHT
268.422	268.733	356	RED
268.733	268.822	99999	sp
268.822	269.426	78	CASHMERE
269.426	270.041	420	SWEATER
270.041	281.224	99999	sp
281.224	281.598	46	BARB'S
281.598	281.835	188	GOLD
281.835	282.264	63	BRACELET
282.264	282.422	472	WAS
282.422	282.526	1	A
282.526	283.181	193	GRADUATION
283.181	283.682	339	PRESENT
283.682	294.607	99999	sp
294.607	294.954	130	DRAW
294.954	295.419	145	EVERY
295.419	295.497	99999	sp
295.497	296.163	308	OUTER
296.163	296.246	99999	sp
296.246	296.587	244	LINE
296.587	297.322	156	FIRST
297.322	297.617	436	THEN
297.617	297.881	154	FILL
297.881	298.176	217	IN
298.176	298.262	434	THE
298.262	298.922	222	INTERIOR
298.922	310.662	99999	sp
310.662	310.767	434	THE
310.767	311.132	475	WATER
311.132	311.593	103	CONTAINED
311.593	311.702	448	TOO
311.702	311.981	269	MUCH
311.981	312.502	90	CHLORINE
312.502	312.653	20	AND
312.653	312.952	409	STUNG
312.952	313.157	208	HIS
313.157	313.629	149	EYES
313.629	323.282	99999	sp
323.282	323.664	229	JOHN'S
323.664	324.069	66	BROTHER
324.069	324.741	363	REPAINTED
324.741	324.855	434	THE
324.855	325.276	173	GARAGE
325.276	325.612	129	DOOR
325.612	334.663	99999	sp
334.663	335.214	84	CHALLENGE
335.214	335.502	132	EACH
335.502	336.084	175	GENERAL'S
336.084	337.012	221	INTELLIGENCE
337.012	346.118	99999	sp
346.118	346.954	17	AMBIDEXTROUS
346.954	347.026	99999	sp
347.026	347.764	327	PICKPOCKETS
347.764	348.41	6	ACCOMPLISH
348.41	348.772	267	MORE
348.772	358.653	99999	sp
358.653	358.68	1	A
358.68	359.264	271	MUSCULAR
359.264	359.802	2	ABDOMEN
359.802	360.016	224	IS
360.016	360.083	99999	sp
360.083	360.242	189	GOOD
360.242	360.403	161	FOR
360.403	360.575	496	YOUR
360.575	361.013	43	BACK
361.013	370.567	99999	sp
370.567	370.715	438	THEY
370.715	370.914	317	OWN
370.914	371.076	1	A
371.076	371.252	52	BIG
371.252	371.707	209	HOUSE
371.707	371.84	217	IN
371.84	371.926	434	THE
371.926	372.367	361	REMOTE
372.367	373.224	109	COUNTRYSIDE
373.224	383.352	99999	sp
383.352	383.461	434	THE
383.461	383.918	369	ROSE
383.918	384.697	106	CORSAGE
384.697	385.068	393	SMELLED
385.068	385.591	421	SWEET
385.591	394.821	99999	sp
394.821	395.067	433	THAT
395.067	395.841	326	PICKPOCKET
395.841	396.089	99999	sp
396.089	396.608	472	WAS
396.608	396.983	80	CAUGHT
396.983	397.151	356	RED
397.151	397.682	199	HANDED
397.682	406.824	99999	sp
406.824	406.922	19	AN
406.922	407.313	9	ADULT
407.313	407.667	255	MALE
407.667	408.265	42	BABOON'S
408.265	408.754	430	TEETH
408.754	408.878	30	ARE
408.878	409.177	285	NOT
409.177	409.624	415	SUITABLE
409.624	409.836	161	FOR
409.836	410.083	135	EATING
410.083	411.052	376	SHELLFISH
411.052	422.127	99999	sp
422.127	422.322	204	HER
422.322	422.821	470	WARDROBE
422.821	423.366	102	CONSISTS
423.366	423.488	294	OF
423.488	423.734	298	ONLY
423.734	424.118	385	SKIRTS
424.118	424.246	20	AND
424.246	424.802	54	BLOUSES
424.802	435.648	99999	sp
435.648	435.781	434	THE
435.781	436.0	453	TWO
436.0	436.587	33	ARTISTS
436.587	437.309	147	EXCHANGED
437.309	437.383	99999	sp
437.383	438.161	39	AUTOGRAPHS
438.161	448.681	99999	sp
448.681	449.321	71	BUTTERSCOTCH
449.321	449.806	169	FUDGE
449.806	450.052	186	GOES
450.052	450.291	481	WELL
450.291	450.518	487	WITH
450.518	450.54	99999	sp
450.54	450.894	463	VANILLA
450.894	451.186	212	ICE
451.186	451.572	112	CREAM
451.572	462.045	99999	sp
462.045	462.408	366	RICH
462.408	462.522	99999	sp
462.522	463.113	349	PURCHASED
463.113	463.299	99999	sp
463.299	464.142	374	SEVERAL
464.142	464.523	99999	sp
464.523	465.007	374	SEVERAL
465.007	465.613	382	SIGNED
465.613	465.728	99999	sp
465.728	466.651	245	LITHOGRAPHS
466.651	479.248	99999	sp
479.248	479.437	24	ANY
479.437	480.302	105	CONTRIBUTIONS
480.302	480.435	485	WILL
480.435	480.597	47	BE
480.597	480.968	195	GREATLY
480.968	481.918	28	APPRECIATED
481.918	493.849	99999	sp
493.849	493.956	434	THE
493.956	494.608	111	CRANBERRY
494.608	495.043	57	BOG
495.043	495.08	99999	sp
495.08	495.365	178	GETS
495.365	495.739	465	VERY
495.739	496.04	340	PRETTY
496.04	496.208	217	IN
496.208	496.651	40	AUTUMN
496.651	507.938	99999	sp
507.938	508.14	210	HOW
508.14	508.268	128	DO
508.268	508.828	318	OYSTERS
508.828	509.099	253	MAKE
509.099	509.692	320	PEARLS
509.692	519.441	99999	sp
519.441	519.714	257	MAY
519.714	519.782	211	I
519.782	520.165	304	ORDER
520.165	520.312	1	A
520.312	520.896	319	PARFAIT
520.896	521.241	10	AFTER
521.241	521.392	211	I
521.392	521.646	134	EAT
521.646	521.991	124	DINNER
521.991	531.504	99999	sp
531.504	531.581	224	IS
531.581	531.776	375	SHE
531.776	532.001	187	GOING
532.001	532.215	487	WITH
532.215	532.442	495	YOU
532.442	540.547	99999	sp
540.547	540.75	76	CAN
540.75	540.834	434	THE
540.834	541.345	11	AGENCY
541.345	541.975	315	OVERTHROW
541.975	542.309	13	ALIEN
542.309	543.011	162	FORCES
543.011	552.363	99999	sp
552.363	552.459	1	A
552.459	553.123	371	SCREWDRIVER
553.123	553.327	224	IS
553.327	553.621	252	MADE
553.621	553.875	166	FROM
553.875	554.258	469	VODKA
554.258	554.407	20	AND
554.407	554.735	303	ORANGE
554.735	555.212	230	JUICE
555.212	565.635	99999	sp
565.635	565.748	210	HOW
565.748	565.962	269	MUCH
565.962	566.483	16	ALLOWANCE
566.483	566.562	128	DO
566.562	566.719	495	YOU
566.719	567.101	177	GET
567.101	576.681	99999	sp
576.681	577.618	115	CYCLICAL
577.618	578.012	99999	sp
578.012	578.763	346	PROGRAMS
578.763	578.861	485	WILL
578.861	579.202	281	NEVER
579.202	579.841	100	COMPILE
579.841	590.27	99999	sp
590.27	590.395	434	THE
590.395	590.87	61	BOSTON
590.87	591.259	45	BALLET
591.259	591.842	312	OVERCAME
591.842	591.969	435	THEIR
591.969	592.379	170	FUNDING
592.379	593.032	380	SHORTAGE
593.032	594.0	99999	sp
594.0	603.414	99999	sp
603.414	603.729	145	EVERY
603.729	604.082	74	CAB
604.082	604.361	280	NEEDS
604.361	604.978	364	REPAINTING
604.978	605.541	296	OFTEN
605.541	615.41	99999	sp
615.41	615.672	203	HELP
615.672	615.738	99999	sp
615.738	616.086	196	GREG
616.086	616.277	446	TO
616.277	616.447	325	PICK
616.447	616.573	1	A
616.573	616.91	321	PECK
616.91	617.021	294	OF
617.021	617.122	99999	sp
617.122	617.922	338	POTATOES
617.922	628.841	99999	sp
628.841	628.991	476	WE
628.991	629.191	241	LIKE
629.191	629.29	99999	sp
629.29	629.488	55	BLUE
629.488	630.0409999999999	88	CHEESE
630.0409999999999	630.221	70	BUT
630.221	630.561	466	VICTOR
630.561	630.931	242	LIKES
630.931	631.274	99999	sp
631.274	631.691	64	BRIE
631.691	642.935	99999	sp
642.935	643.208	108	COUNT
643.208	643.278	434	THE
643.278	643.631	289	NUMBER
643.631	643.8389999999999	294	OF
643.8389999999999	644.462	429	TEASPOONS
644.462	644.581	294	OF
644.581	645.428	395	SOYSAUCE
645.428	645.596	433	THAT
645.596	645.752	495	YOU
645.752	646.101	7	ADD
646.101	657.103	99999	sp
657.103	657.651	44	BAGPIPES
657.651	657.781	20	AND
657.781	658.2570000000001	59	BONGOS
658.2570000000001	658.36	30	ARE
658.36	658.864	273	MUSICAL
658.864	659.652	220	INSTRUMENTS
659.652	670.869	99999	sp
670.869	671.137	210	HOW
671.137	671.272	189	GOOD
671.272	671.371	224	IS
671.371	671.48	496	YOUR
671.48	672.242	138	ENDURANCE
672.242	687.187	99999	sp
687.187	687.261	30	ARE
687.261	687.538	496	YOUR
687.538	687.841	192	GRADES
687.841	688.191	206	HIGHER
688.191	688.3820000000001	302	OR
688.3820000000001	688.798	251	LOWER
688.798	688.907	432	THAN
688.907	689.621	275	NANCY'S
689.621	700.137	99999	sp
700.137	700.401	375	SHE
700.401	700.662	490	WORE
700.662	701.107	471	WARM
701.107	701.678	158	FLEECY
701.678	702.083	489	WOOLEN
702.083	702.721	311	OVERALLS
702.721	712.44	99999	sp
712.44	712.772	354	READING
712.772	712.932	217	IN
712.932	713.171	335	POOR
713.171	713.615	240	LIGHT
713.615	713.831	181	GIVES
713.831	713.912	495	YOU
713.912	714.6320000000001	150	EYESTRAIN
714.6320000000001	723.8679999999999	99999	sp
723.8679999999999	724.101	142	EVEN
724.101	724.277	211	I
724.277	725.0260000000001	293	OCCASIONALLY
725.0260000000001	725.2570000000001	177	GET
725.2570000000001	725.322	434	THE
725.322	725.672	265	MONDAY
725.672	726.2719999999999	56	BLUES
726.2719999999999	736.057	99999	sp
736.057	736.162	476	WE
736.162	736.388	30	ARE
736.388	736.793	301	OPEN
736.793	737.087	145	EVERY
737.087	737.452	265	MONDAY
737.452	738.042	143	EVENING
738.042	747.818	99999	sp
747.818	748.018	226	IT'S
748.018	748.191	285	NOT
748.191	748.548	133	EASY
748.548	748.6990000000001	446	TO
748.6990000000001	749.1279999999999	113	CREATE
749.1279999999999	749.804	215	ILLUMINATING
749.804	750.552	146	EXAMPLES
750.552	760.251	99999	sp
760.251	760.514	270	MUM
760.514	761.129	407	STRONGLY
761.129	761.542	126	DISLIKES
761.542	762.492	27	APPETIZERS
762.492	773.23	99999	sp
773.23	773.532	443	THOSE
773.532	773.649	484	WHO
773.649	773.877	427	TEACH
773.877	774.442	462	VALUES
774.442	774.802	156	FIRST
774.802	775.441	4	ABOLISH
775.441	775.922	87	CHEATING
775.922	786.3	99999	sp
786.3	786.3720000000001	434	THE
786.3720000000001	786.812	165	FRIGHTENED
786.812	787.202	89	CHILD
787.202	787.392	472	WAS
787.392	787.73	176	GENTLY
787.73	788.39	410	SUBDUED
788.39	788.532	73	BY
788.532	788.761	208	HIS
788.761	788.952	52	BIG
788.952	789.431	66	BROTHER
789.431	800.831	99999	sp
800.831	801.043	142	EVEN
801.043	801.125	1	A
801.125	801.5219999999999	383	SIMPLE
801.5219999999999	802.538	468	VOCABULARY
802.538	803.175	104	CONTAINS
803.175	803.922	422	SYMBOLS
803.922	815.034	99999	sp
815.034	815.185	1	A
815.185	815.525	110	CRAB
815.525	816.063	85	CHALLENGED
816.063	816.67	258	ME
816.67	816.7570000000001	70	BUT
816.7570000000001	816.887	1	A
816.887	817.092	350	QUICK
817.092	817.708	402	STAB
817.708	818.322	464	VANQUISHED
818.322	818.602	207	HIM
818.602	828.559	99999	sp
828.559	829.032	183	GLUCOSE
829.032	829.1659999999999	20	AND
829.1659999999999	829.782	167	FRUCTOSE
829.782	829.862	30	ARE
829.862	830.351	276	NATURAL
830.351	830.842	414	SUGARS
830.842	830.8720000000001	99999	sp
830.8720000000001	831.172	163	FOUND
831.172	831.346	217	IN
831.346	831.842	168	FRUIT
831.842	840.142	99999	sp
840.142	841.995	99999	sp
841.995	842.042	30	ARE
842.042	842.145	495	YOU
842.145	842.492	250	LOOKING
842.492	842.62	161	FOR
842.62	843.412	136	EMPLOYMENT
843.412	853.491	99999	sp
853.491	853.797	98	COFFEE
853.797	854.0029999999999	224	IS
854.0029999999999	854.268	198	GROWN
854.268	854.442	297	ON
854.442	854.927	404	STEEP
854.927	855.302	231	JUNGLE
855.302	855.502	241	LIKE
855.502	855.961	390	SLOPES
855.961	856.143	217	IN
856.143	856.512	431	TEMPERATE
856.512	857.1320000000001	497	ZONES
857.1320000000001	864.604	99999	sp
864.604	864.696	476	WE
864.696	865.072	480	WELCOME
865.072	865.331	256	MANY
865.331	865.482	282	NEW
865.482	865.992	408	STUDENTS
865.992	866.221	132	EACH
866.221	866.512	491	YEAR
866.512	876.506	99999	sp
876.506	876.76	298	ONLY
876.76	876.928	434	THE
876.928	877.246	51	BEST
877.246	877.358	99999	sp
877.358	877.864	330	PLAYERS
877.864	878.221	139	ENJOY
878.221	879.012	336	POPULARITY
879.012	891.002	99999	sp
891.002	891.531	75	CALCIUM
891.531	891.867	254	MAKES
891.867	892.236	58	BONES
892.236	892.394	20	AND
892.394	892.642	430	TEETH
892.642	893.262	406	STRONG
893.262	905.4359999999999	99999	sp
905.4359999999999	905.912	286	NOTHING
905.912	906.0830000000001	224	IS
906.0830000000001	906.231	34	AS
906.231	906.928	295	OFFENSIVE
906.928	907.203	34	AS
907.203	907.992	219	INNOCENCE
907.992	917.476	99999	sp
917.476	917.942	405	STEVE
917.942	918.104	490	WORE
918.104	918.204	1	A
918.204	918.596	65	BRIGHT
918.596	918.8969999999999	356	RED
918.8969999999999	919.471	78	CASHMERE
919.471	919.982	420	SWEATER
919.982	931.062	99999	sp
931.062	931.422	46	BARB'S
931.422	931.648	188	GOLD
931.648	932.072	63	BRACELET
932.072	932.221	472	WAS
932.221	932.328	1	A
932.328	932.9649999999999	193	GRADUATION
932.9649999999999	933.482	339	PRESENT
933.482	943.665	99999	sp
943.665	943.8820000000001	130	DRAW
943.8820000000001	944.222	145	EVERY
944.222	944.512	308	OUTER
944.512	944.752	244	LINE
944.752	945.328	156	FIRST
945.328	945.63	436	THEN
945.63	945.8720000000001	154	FILL
945.8720000000001	946.012	217	IN
946.012	946.1220000000001	434	THE
946.1220000000001	946.762	222	INTERIOR
946.762	956.9010000000001	99999	sp
956.9010000000001	956.992	434	THE
956.992	957.3530000000001	475	WATER
957.3530000000001	957.861	103	CONTAINED
957.861	958.002	448	TOO
958.002	958.172	269	MUCH
958.172	958.26	99999	sp
958.26	958.721	90	CHLORINE
958.721	958.8720000000001	20	AND
958.8720000000001	959.211	409	STUNG
959.211	959.4110000000001	208	HIS
959.4110000000001	959.992	149	EYES
959.992	970.4359999999999	99999	sp
970.4359999999999	970.86	229	JOHN'S
970.86	971.1220000000001	66	BROTHER
971.1220000000001	971.7529999999999	363	REPAINTED
971.7529999999999	971.844	434	THE
971.844	972.335	173	GARAGE
972.335	972.6320000000001	129	DOOR
972.6320000000001	981.8489999999999	99999	sp
981.8489999999999	982.4110000000001	84	CHALLENGE
982.4110000000001	982.671	132	EACH
982.671	983.3109999999999	175	GENERAL'S
983.3109999999999	984.341	221	INTELLIGENCE
984.341	994.438	99999	sp
994.438	995.3910000000001	17	AMBIDEXTROUS
995.3910000000001	996.2429999999999	327	PICKPOCKETS
996.2429999999999	996.851	6	ACCOMPLISH
996.851	996.89	99999	sp
996.89	997.312	267	MORE
997.312	1006.127	99999	sp
1006.127	1006.1700000000001	1	A
1006.1700000000001	1006.756	271	MUSCULAR
1006.756	1007.281	2	ABDOMEN
1007.281	1007.533	224	IS
1007.533	1007.678	189	GOOD
1007.678	1007.8620000000001	161	FOR
1007.8620000000001	1007.999	496	YOUR
1007.999	1009.062	43	BACK
1009.062	1018.447	99999	sp
1018.447	1018.5899999999999	438	THEY
1018.5899999999999	1018.7529999999999	317	OWN
1018.7529999999999	1018.8969999999999	1	A
1018.8969999999999	1019.105	52	BIG
1019.105	1019.586	209	HOUSE
1019.586	1019.6610000000001	217	IN
1019.6610000000001	1019.762	434	THE
1019.762	1020.254	361	REMOTE
1020.254	1020.962	109	COUNTRYSIDE
1020.962	1031.908	99999	sp
1031.908	1031.971	434	THE
1031.971	1032.345	369	ROSE
1032.345	1032.932	106	CORSAGE
1032.932	1033.357	393	SMELLED
1033.357	1034.06	421	SWEET
1034.06	1044.808	99999	sp
1044.808	1045.041	433	THAT
1045.041	1045.67	326	PICKPOCKET
1045.67	1045.929	472	WAS
1045.929	1046.259	80	CAUGHT
1046.259	1046.432	356	RED
1046.432	1047.122	199	HANDED
1047.122	1058.313	99999	sp
1058.313	1058.42	19	AN
1058.42	1058.772	9	ADULT
1058.772	1059.047	255	MALE
1059.047	1059.762	42	BABOON'S
1059.762	1060.117	430	TEETH
1060.117	1060.225	30	ARE
1060.225	1060.401	285	NOT
1060.401	1060.884	415	SUITABLE
1060.884	1061.031	161	FOR
1061.031	1061.362	135	EATING
1061.362	1062.142	376	SHELLFISH
1062.142	1072.239	99999	sp
1072.239	1072.452	204	HER
1072.452	1072.946	470	WARDROBE
1072.946	1073.432	102	CONSISTS
1073.432	1073.492	99999	sp
1073.492	1073.601	294	OF
1073.601	1073.841	298	ONLY
1073.841	1074.281	385	SKIRTS
1074.281	1074.421	20	AND
1074.421	1075.091	54	BLOUSES
1075.091	1084.434	99999	sp
1084.434	1084.539	434	THE
1084.539	1084.71	453	TWO
1084.71	1085.172	33	ARTISTS
1085.172	1086.0819999999999	147	EXCHANGED
1086.0819999999999	1086.4270000000001	99999	sp
1086.4270000000001	1087.221	39	AUTOGRAPHS
1087.221	1096.437	99999	sp
1096.437	1097.062	71	BUTTERSCOTCH
1097.062	1097.601	169	FUDGE
1097.601	1097.907	99999	sp
1097.907	1098.3220000000001	186	GOES
1098.3220000000001	1098.541	481	WELL
1098.541	1098.7440000000001	487	WITH
1098.7440000000001	1099.165	463	VANILLA
1099.165	1099.466	212	ICE
1099.466	1099.772	112	CREAM
1099.772	1107.621	99999	sp
1107.621	1108.202	366	RICH
1108.202	1108.643	99999	sp
1108.643	1109.261	349	PURCHASED
1109.261	1109.922	374	SEVERAL
1109.922	1110.085	99999	sp
1110.085	1110.902	382	SIGNED
1110.902	1110.988	99999	sp
1110.988	1112.022	245	LITHOGRAPHS
1112.022	1122.524	99999	sp
1122.524	1122.739	24	ANY
1122.739	1123.522	105	CONTRIBUTIONS
1123.522	1123.621	485	WILL
1123.621	1123.818	47	BE
1123.818	1124.162	195	GREATLY
1124.162	1124.971	28	APPRECIATED
1124.971	1133.699	99999	sp
1133.699	1133.841	434	THE
1133.841	1134.363	111	CRANBERRY
1134.363	1134.702	57	BOG
1134.702	1134.8310000000001	99999	sp
1134.8310000000001	1135.2269999999999	178	GETS
1135.2269999999999	1135.683	465	VERY
1135.683	1135.971	340	PRETTY
1135.971	1136.0819999999999	217	IN
1136.0819999999999	1136.542	40	AUTUMN
1136.542	1148.425	99999	sp
1148.425	1148.617	210	HOW
1148.617	1148.742	128	DO
1148.742	1149.238	318	OYSTERS
1149.238	1149.454	253	MAKE
1149.454	1149.952	320	PEARLS
1149.952	1159.865	99999	sp
1159.865	1160.067	257	MAY
1160.067	1160.162	211	I
1160.162	1160.4360000000001	304	ORDER
1160.4360000000001	1160.588	1	A
1160.588	1160.962	319	PARFAIT
1160.962	1161.3020000000001	10	AFTER
1161.3020000000001	1161.442	211	I
1161.442	1161.606	134	EAT
1161.606	1161.942	124	DINNER
1161.942	1172.591	99999	sp
1172.591	1172.692	224	IS
1172.692	1172.866	375	SHE
1172.866	1173.1309999999999	187	GOING
1173.1309999999999	1173.3400000000001	487	WITH
1173.3400000000001	1173.5819999999999	495	YOU
1173.5819999999999	1184.312	99999	sp
1184.312	1184.469	76	CAN
1184.469	1184.585	434	THE
1184.585	1185.121	11	AGENCY
1185.121	1185.634	315	OVERTHROW
1185.634	1185.981	13	ALIEN
1185.981	1186.662	162	FORCES
1186.662	1188.0	99999	sp
1188.0	1197.947	99999	sp
1197.947	1197.992	1	A
1197.992	1198.71	371	SCREWDRIVER
1198.71	1198.889	224	IS
1198.889	1199.199	252	MADE
1199.199	1199.447	166	FROM
1199.447	1199.853	469	VODKA
1199.853	1200.002	20	AND
1200.002	1200.381	303	ORANGE
1200.381	1200.912	230	JUICE
1200.912	1209.802	99999	sp
1209.802	1209.952	210	HOW
1209.952	1210.194	269	MUCH
1210.194	1210.743	16	ALLOWANCE
1210.743	1210.812	128	DO
1210.812	1210.958	495	YOU
1210.958	1211.372	177	GET
1211.372	1222.892	99999	sp
1222.892	1223.532	115	CYCLICAL
1223.532	1223.646	99999	sp
1223.646	1224.249	346	PROGRAMS
1224.249	1224.333	485	WILL
1224.333	1224.646	281	NEVER
1224.646	1225.271	100	COMPILE
1225.271	1234.824	99999	sp
1234.824	1234.908	434	THE
1234.908	1235.314	61	BOSTON
1235.314	1235.66	45	BALLET
1235.66	1236.185	312	OVERCAME
1236.185	1236.298	435	THEIR
1236.298	1236.675	170	FUNDING
1236.675	1237.291	380	SHORTAGE
1237.291	1246.587	99999	sp
1246.587	1246.929	145	EVERY
1246.929	1247.331	74	CAB
1247.331	1247.568	280	NEEDS
1247.568	1248.115	364	REPAINTING
1248.115	1248.741	296	OFTEN
1248.741	1259.182	99999	sp
1259.182	1259.437	203	HELP
1259.437	1259.492	99999	sp
1259.492	1259.826	196	GREG
1259.826	1259.893	99999	sp
1259.893	1260.044	446	TO
1260.044	1260.229	325	PICK
1260.229	1260.358	1	A
1260.358	1260.583	321	PECK
1260.583	1260.731	294	OF
1260.731	1260.766	99999	sp
1260.766	1261.591	338	POTATOES
1261.591	1270.29	99999	sp
1270.29	1270.388	476	WE
1270.388	1270.632	241	LIKE
1270.632	1270.826	55	BLUE
1270.826	1271.27	88	CHEESE
1271.27	1271.462	70	BUT
1271.462	1271.775	466	VICTOR
1271.775	1272.102	242	LIKES
1272.102	1272.27	99999	sp
1272.27	1272.657	64	BRIE
1272.657	1282.565	99999	sp
1282.565	1282.808	108	COUNT
1282.808	1282.876	434	THE
1282.876	1283.111	289	NUMBER
1283.111	1283.283	294	OF
1283.283	1283.829	429	TEASPOONS
1283.829	1283.915	294	OF
1283.915	1284.522	395	SOYSAUCE
1284.522	1284.671	433	THAT
1284.671	1284.829	495	YOU
1284.829	1285.314	7	ADD
1285.314	1295.6680000000001	99999	sp
1295.6680000000001	1296.212	88888	BAGPIKES
1296.212	1296.481	20	AND
1296.481	1296.565	99999	sp
1296.565	1297.242	59	BONGOS
1297.242	1297.343	99999	sp
1297.343	1297.949	30	ARE
1297.949	1298.4279999999999	273	MUSICAL
1298.4279999999999	1299.344	220	INSTRUMENTS
1299.344	1308.058	99999	sp
1308.058	1308.348	210	HOW
1308.348	1308.5	189	GOOD
1308.5	1308.66	224	IS
1308.66	1308.839	496	YOUR
1308.839	1309.635	138	ENDURANCE
1309.635	1325.184	99999	{NS}
1325.184	1325.255	30	ARE
1325.255	1325.532	496	YOUR
1325.532	1325.922	192	GRADES
1325.922	1326.338	206	HIGHER
1326.338	1326.512	302	OR
1326.512	1326.841	251	LOWER
1326.841	1326.9850000000001	432	THAN
1326.9850000000001	1327.825	275	NANCY'S
1327.825	1336.76	99999	sp
1336.76	1336.988	375	SHE
1336.988	1337.242	490	WORE
1337.242	1337.714	471	WARM
1337.714	1338.262	158	FLEECY
1338.262	1338.642	489	WOOLEN
1338.642	1339.422	311	OVERALLS
1339.422	1347.842	99999	sp
1347.842	1348.102	354	READING
1348.102	1348.304	217	IN
1348.304	1348.545	335	POOR
1348.545	1348.867	240	LIGHT
1348.867	1349.084	181	GIVES
1349.084	1349.159	495	YOU
1349.159	1349.882	150	EYESTRAIN
1349.882	1358.172	99999	sp
1358.172	1358.422	142	EVEN
1358.422	1358.646	211	I
1358.646	1359.362	293	OCCASIONALLY
1359.362	1359.599	177	GET
1359.599	1359.658	434	THE
1359.658	1360.12	265	MONDAY
1360.12	1360.672	56	BLUES
1360.672	1369.771	99999	sp
1369.771	1369.85	476	WE
1369.85	1369.974	30	ARE
1369.974	1370.254	301	OPEN
1370.254	1370.54	145	EVERY
1370.54	1370.897	265	MONDAY
1370.897	1371.459	143	EVENING
1371.459	1379.9850000000001	99999	sp
1379.9850000000001	1380.156	226	IT'S
1380.156	1380.3220000000001	285	NOT
1380.3220000000001	1380.662	133	EASY
1380.662	1380.809	446	TO
1380.809	1381.297	113	CREATE
1381.297	1382.03	215	ILLUMINATING
1382.03	1382.912	146	EXAMPLES
1382.912	1392.729	99999	sp
1392.729	1392.941	270	MUM
1392.941	1393.595	407	STRONGLY
1393.595	1394.032	126	DISLIKES
1394.032	1394.992	27	APPETIZERS
1394.992	1403.94	99999	sp
1403.94	1404.151	443	THOSE
1404.151	1404.222	484	WHO
1404.222	1404.516	427	TEACH
1404.516	1405.018	462	VALUES
1405.018	1405.295	156	FIRST
1405.295	1405.767	4	ABOLISH
1405.767	1405.848	99999	sp
1405.848	1406.3319999999999	87	CHEATING
1406.3319999999999	1415.727	99999	sp
1415.727	1415.79	434	THE
1415.79	1416.285	165	FRIGHTENED
1416.285	1416.301	99999	sp
1416.301	1416.702	89	CHILD
1416.702	1416.991	472	WAS
1416.991	1417.31	99999	sp
1417.31	1417.691	176	GENTLY
1417.691	1418.295	410	SUBDUED
1418.295	1418.401	73	BY
1418.401	1418.63	208	HIS
1418.63	1418.859	52	BIG
1418.859	1419.282	66	BROTHER
1419.282	1430.851	99999	sp
1430.851	1430.9859999999999	142	EVEN
1430.9859999999999	1431.067	1	A
1431.067	1431.533	383	SIMPLE
1431.533	1432.56	468	VOCABULARY
1432.56	1433.159	104	CONTAINS
1433.159	1433.931	422	SYMBOLS
1433.931	1443.427	99999	sp
1443.427	1443.534	1	A
1443.534	1443.828	110	CRAB
1443.828	1444.3890000000001	85	CHALLENGED
1444.3890000000001	1444.68	258	ME
1444.68	1444.961	70	BUT
1444.961	1445.094	1	A
1445.094	1445.312	350	QUICK
1445.312	1445.857	402	STAB
1445.857	1446.344	464	VANQUISHED
1446.344	1446.591	207	HIM
1446.591	1457.117	99999	sp
1457.117	1457.574	183	GLUCOSE
1457.574	1457.683	20	AND
1457.683	1458.252	167	FRUCTOSE
1458.252	1458.346	30	ARE
1458.346	1458.812	276	NATURAL
1458.812	1459.344	414	SUGARS
1459.344	1459.659	163	FOUND
1459.659	1459.855	217	IN
1459.855	1460.3319999999999	168	FRUIT
1460.3319999999999	1470.405	99999	sp
1470.405	1470.469	30	ARE
1470.469	1470.5520000000001	495	YOU
1470.5520000000001	1470.906	250	LOOKING
1470.906	1471.141	161	FOR
1471.141	1471.8319999999999	136	EMPLOYMENT
1471.8319999999999	1479.932	99999	sp
1479.932	1480.274	98	COFFEE
1480.274	1480.471	224	IS
1480.471	1480.791	198	GROWN
1480.791	1480.979	297	ON
1480.979	1481.597	404	STEEP
1481.597	1481.974	231	JUNGLE
1481.974	1482.192	241	LIKE
1482.192	1482.791	390	SLOPES
1482.791	1482.955	217	IN
1482.955	1483.351	431	TEMPERATE
1483.351	1484.0520000000001	497	ZONES
1484.0520000000001	1495.18	99999	sp
1495.18	1495.277	476	WE
1495.277	1495.683	480	WELCOME
1495.683	1495.993	256	MANY
1495.993	1496.159	282	NEW
1496.159	1496.766	408	STUDENTS
1496.766	1497.028	132	EACH
1497.028	1497.3319999999999	491	YEAR
1497.3319999999999	1507.94	99999	sp
1507.94	1508.181	298	ONLY
1508.181	1508.362	434	THE
1508.362	1508.665	51	BEST
1508.665	1508.731	99999	sp
1508.731	1509.276	330	PLAYERS
1509.276	1509.625	139	ENJOY
1509.625	1509.647	99999	sp
1509.647	1510.411	336	POPULARITY
1510.411	1521.2060000000001	99999	sp
1521.2060000000001	1521.692	75	CALCIUM
1521.692	1522.003	254	MAKES
1522.003	1522.416	58	BONES
1522.416	1522.577	20	AND
1522.577	1522.955	430	TEETH
1522.955	1523.5520000000001	406	STRONG
1523.5520000000001	1532.979	99999	sp
1532.979	1533.468	286	NOTHING
1533.468	1533.632	224	IS
1533.632	1533.795	34	AS
1533.795	1534.348	295	OFFENSIVE
1534.348	1534.5149999999999	34	AS
1534.5149999999999	1535.411	219	INNOCENCE
1535.411	1544.9	99999	sp
1544.9	1545.3899999999999	405	STEVE
1545.3899999999999	1545.594	490	WORE
1545.594	1545.712	1	A
1545.712	1545.942	65	BRIGHT
1545.942	1546.2060000000001	356	RED
1546.2060000000001	1546.269	99999	sp
1546.269	1546.781	78	CASHMERE
1546.781	1547.3220000000001	420	SWEATER
1547.3220000000001	1557.6680000000001	99999	sp
1557.6680000000001	1558.0430000000001	46	BARB'S
1558.0430000000001	1558.28	188	GOLD
1558.28	1558.721	63	BRACELET
1558.721	1558.907	472	WAS
1558.907	1559.0140000000001	1	A
1559.0140000000001	1559.702	193	GRADUATION
1559.702	1560.292	339	PRESENT
1560.292	1570.036	99999	sp
1570.036	1570.321	130	DRAW
1570.321	1570.633	145	EVERY
1570.633	1570.9279999999999	308	OUTER
1570.9279999999999	1571.192	244	LINE
1571.192	1571.8600000000001	156	FIRST
1571.8600000000001	1572.077	436	THEN
1572.077	1572.311	154	FILL
1572.311	1572.47	217	IN
1572.47	1572.5810000000001	434	THE
1572.5810000000001	1573.221	222	INTERIOR
1573.221	1584.585	99999	sp
1584.585	1584.702	434	THE
1584.702	1585.086	475	WATER
1585.086	1585.585	103	CONTAINED
1585.585	1585.683	99999	sp
1585.683	1585.8319999999999	448	TOO
1585.8319999999999	1586.16	269	MUCH
1586.16	1586.673	90	CHLORINE
1586.673	1586.8319999999999	20	AND
1586.8319999999999	1587.241	409	STUNG
1587.241	1587.4479999999999	208	HIS
1587.4479999999999	1587.9569999999999	149	EYES
1587.9569999999999	1599.251	99999	sp
1599.251	1599.626	229	JOHN'S
1599.626	1599.8519999999999	66	BROTHER
1599.8519999999999	1600.426	363	REPAINTED
1600.426	1600.549	434	THE
1600.549	1600.979	173	GARAGE
1600.979	1601.312	129	DOOR
1601.312	1610.747	99999	sp
1610.747	1611.2440000000001	84	CHALLENGE
1611.2440000000001	1611.585	132	EACH
1611.585	1612.087	175	GENERAL'S
1612.087	1613.0520000000001	221	INTELLIGENCE
1613.0520000000001	1622.019	99999	sp
1622.019	1623.005	17	AMBIDEXTROUS
1623.005	1623.759	327	PICKPOCKETS
1623.759	1624.393	6	ACCOMPLISH
1624.393	1624.8319999999999	267	MORE
1624.8319999999999	1635.257	99999	sp
1635.257	1635.341	1	A
1635.341	1635.95	271	MUSCULAR
1635.95	1636.461	2	ABDOMEN
1636.461	1636.726	224	IS
1636.726	1636.921	189	GOOD
1636.921	1637.051	161	FOR
1637.051	1637.212	496	YOUR
1637.212	1637.772	43	BACK
1637.772	1647.6	99999	sp
1647.6	1647.7359999999999	438	THEY
1647.7359999999999	1647.92	317	OWN
1647.92	1648.02	1	A
1648.02	1648.12	99999	sp
1648.12	1648.281	52	BIG
1648.281	1648.7440000000001	209	HOUSE
1648.7440000000001	1649.027	217	IN
1649.027	1649.191	99999	sp
1649.191	1649.266	434	THE
1649.266	1649.686	361	REMOTE
1649.686	1650.596	109	COUNTRYSIDE
1650.596	1659.853	99999	sp
1659.853	1659.935	434	THE
1659.935	1660.289	369	ROSE
1660.289	1660.885	106	CORSAGE
1660.885	1661.221	393	SMELLED
1661.221	1661.836	421	SWEET
1661.836	1670.441	99999	sp
1670.441	1670.7649999999999	433	THAT
1670.7649999999999	1671.341	326	PICKPOCKET
1671.341	1671.549	472	WAS
1671.549	1671.79	80	CAUGHT
1671.79	1672.05	356	RED
1672.05	1672.704	199	HANDED
1672.704	1681.843	99999	sp
1681.843	1682.016	19	AN
1682.016	1682.333	9	ADULT
1682.333	1682.6399999999999	255	MALE
1682.6399999999999	1683.229	42	BABOON'S
1683.229	1683.526	430	TEETH
1683.526	1683.66	30	ARE
1683.66	1683.939	285	NOT
1683.939	1684.356	415	SUITABLE
1684.356	1684.531	161	FOR
1684.531	1684.843	135	EATING
1684.843	1685.672	376	SHELLFISH
1685.672	1696.555	99999	sp
1696.555	1696.712	204	HER
1696.712	1697.174	470	WARDROBE
1697.174	1697.692	102	CONSISTS
1697.692	1697.795	294	OF
1697.795	1698.009	298	ONLY
1698.009	1698.482	385	SKIRTS
1698.482	1698.682	20	AND
1698.682	1699.432	54	BLOUSES
1699.432	1708.751	99999	sp
1708.751	1708.8809999999999	434	THE
1708.8809999999999	1709.0810000000001	453	TWO
1709.0810000000001	1709.7359999999999	33	ARTISTS
1709.7359999999999	1710.478	147	EXCHANGED
1710.478	1711.3020000000001	39	AUTOGRAPHS
1711.3020000000001	1720.2150000000001	99999	sp
1720.2150000000001	1720.8020000000001	71	BUTTERSCOTCH
1720.8020000000001	1721.22	169	FUDGE
1721.22	1721.471	186	GOES
1721.471	1721.721	481	WELL
1721.721	1721.921	487	WITH
1721.921	1722.2530000000002	463	VANILLA
1722.2530000000002	1722.592	212	ICE
1722.592	1722.952	112	CREAM
1722.952	1733.2820000000002	99999	sp
1733.2820000000002	1734.304	88888	RICK
1734.304	1734.8220000000001	88888	PERKA
1734.8220000000001	1735.033	99999	sp
1735.033	1735.8020000000001	349	PURCHASED
1735.8020000000001	1736.277	374	SEVERAL
1736.277	1736.8029999999999	382	SIGNED
1736.8029999999999	1737.8809999999999	245	LITHOGRAPHS
1737.8809999999999	1749.313	99999	sp
1749.313	1749.5410000000002	24	ANY
1749.5410000000002	1750.387	105	CONTRIBUTIONS
1750.387	1750.536	485	WILL
1750.536	1750.728	47	BE
1750.728	1751.079	195	GREATLY
1751.079	1751.971	28	APPRECIATED
1751.971	1760.6680000000001	99999	sp
1760.6680000000001	1760.792	434	THE
1760.792	1761.354	111	CRANBERRY
1761.354	1761.676	57	BOG
1761.676	1762.165	178	GETS
1762.165	1762.73	465	VERY
1762.73	1762.97	340	PRETTY
1762.97	1763.086	217	IN
1763.086	1763.522	40	AUTUMN
1763.522	1773.0520000000001	99999	sp
1773.0520000000001	1773.23	210	HOW
1773.23	1773.356	128	DO
1773.356	1773.839	318	OYSTERS
1773.839	1774.06	253	MAKE
1774.06	1774.5819999999999	320	PEARLS
1774.5819999999999	1782.0	99999	sp
1782.0	1782.612	99999	sp
1782.612	1783.381	1	A
1783.381	1783.802	319	PARFAIT
1783.802	1784.151	10	AFTER
1784.151	1784.281	211	I
1784.281	1784.421	134	EAT
1784.421	1784.781	124	DINNER
1784.781	1793.291	99999	sp
1793.291	1793.451	224	IS
1793.451	1793.621	375	SHE
1793.621	1793.921	187	GOING
1793.921	1794.131	487	WITH
1794.131	1794.391	495	YOU
1794.391	1802.271	99999	sp
1802.271	1802.442	76	CAN
1802.442	1802.582	434	THE
1802.582	1803.072	11	AGENCY
1803.072	1803.582	315	OVERTHROW
1803.582	1803.942	13	ALIEN
1803.942	1804.452	162	FORCES
1804.452	1812.361	99999	sp
1812.361	1812.442	1	A
1812.442	1813.142	371	SCREWDRIVER
1813.142	1813.352	224	IS
1813.352	1813.642	252	MADE
1813.642	1813.832	166	FROM
1813.832	1814.171	469	VODKA
1814.171	1814.331	20	AND
1814.331	1814.661	303	ORANGE
1814.661	1815.171	230	JUICE
1815.171	1822.951	99999	sp
1822.951	1823.091	210	HOW
1823.091	1823.301	269	MUCH
1823.301	1823.801	16	ALLOWANCE
1823.801	1823.881	128	DO
1823.881	1824.021	495	YOU
1824.021	1824.471	177	GET
1824.471	1831.371	99999	sp
1831.371	1832.021	115	CYCLICAL
1832.021	1832.581	346	PROGRAMS
1832.581	1832.681	485	WILL
1832.681	1833.0720000000001	281	NEVER
1833.0720000000001	1833.781	100	COMPILE
1833.781	1841.392	99999	sp
1841.392	1841.541	434	THE
1841.541	1841.981	61	BOSTON
1841.981	1842.351	45	BALLET
1842.351	1842.841	312	OVERCAME
1842.841	1842.981	435	THEIR
1842.981	1843.331	170	FUNDING
1843.331	1843.971	380	SHORTAGE
1843.971	1852.962	99999	sp
1852.962	1853.181	145	EVERY
1853.181	1853.561	74	CAB
1853.561	1853.811	280	NEEDS
1853.811	1854.361	364	REPAINTING
1854.361	1854.401	99999	sp
1854.401	1855.031	296	OFTEN
1855.031	1864.352	99999	sp
1864.352	1864.662	203	HELP
1864.662	1864.921	196	GREG
1864.921	1865.081	446	TO
1865.081	1865.311	325	PICK
1865.311	1865.391	1	A
1865.391	1865.662	321	PECK
1865.662	1865.742	294	OF
1865.742	1865.781	99999	sp
1865.781	1866.632	338	POTATOES
1866.632	1875.431	99999	sp
1875.431	1875.5720000000001	476	WE
1875.5720000000001	1875.802	241	LIKE
1875.802	1876.041	55	BLUE
1876.041	1876.531	88	CHEESE
1876.531	1876.731	70	BUT
1876.731	1877.011	466	VICTOR
1877.011	1877.382	242	LIKES
1877.382	1877.421	99999	sp
1877.421	1877.791	64	BRIE
1877.791	1887.141	99999	sp
1887.141	1887.412	108	COUNT
1887.412	1887.501	434	THE
1887.501	1887.861	289	NUMBER
1887.861	1887.921	294	OF
1887.921	1888.481	429	TEASPOONS
1888.481	1888.552	294	OF
1888.552	1889.251	395	SOYSAUCE
1889.251	1889.391	433	THAT
1889.391	1889.552	495	YOU
1889.552	1890.151	7	ADD
1890.151	1900.302	99999	sp
1900.302	1900.891	44	BAGPIPES
1900.891	1901.141	20	AND
1901.141	1901.412	99999	sp
1901.412	1902.111	59	BONGOS
1902.111	1902.242	30	ARE
1902.242	1902.691	273	MUSICAL
1902.691	1903.541	220	INSTRUMENTS
1903.541	1913.3319999999999	99999	sp
1913.3319999999999	1913.5819999999999	210	HOW
1913.5819999999999	1913.8220000000001	189	GOOD
1913.8220000000001	1913.952	224	IS
1913.952	1914.092	496	YOUR
1914.092	1914.842	138	ENDURANCE
1914.842	1928.681	99999	sp
1928.681	1928.812	30	ARE
1928.812	1929.022	496	YOUR
1929.022	1929.372	192	GRADES
1929.372	1929.782	206	HIGHER
1929.782	1929.952	302	OR
1929.952	1930.272	251	LOWER
1930.272	1930.382	432	THAN
1930.382	1931.132	275	NANCY'S
1931.132	1940.431	99999	sp
1940.431	1940.692	375	SHE
1940.692	1940.901	490	WORE
1940.901	1941.292	471	WARM
1941.292	1941.812	158	FLEECY
1941.812	1942.162	489	WOOLEN
1942.162	1942.852	311	OVERALLS
1942.852	1951.712	99999	sp
1951.712	1952.012	354	READING
1952.012	1952.172	217	IN
1952.172	1952.482	335	POOR
1952.482	1952.681	240	LIGHT
1952.681	1952.992	181	GIVES
1952.992	1953.092	495	YOU
1953.092	1953.842	150	EYESTRAIN
1953.842	1962.992	99999	sp
1962.992	1963.262	142	EVEN
1963.262	1963.512	211	I
1963.512	1964.181	293	OCCASIONALLY
1964.181	1964.352	177	GET
1964.352	1964.431	434	THE
1964.431	1964.742	265	MONDAY
1964.742	1965.342	56	BLUES
1965.342	1974.888	99999	sp
1974.888	1974.972	476	WE
1974.972	1975.042	30	ARE
1975.042	1975.412	301	OPEN
1975.412	1975.452	99999	sp
1975.452	1975.782	145	EVERY
1975.782	1976.002	265	MONDAY
1976.002	1976.542	143	EVENING
1976.542	1985.112	99999	sp
1985.112	1985.382	226	IT'S
1985.382	1985.612	285	NOT
1985.612	1985.931	133	EASY
1985.931	1986.052	446	TO
1986.052	1986.522	113	CREATE
1986.522	1987.151	215	ILLUMINATING
1987.151	1988.032	146	EXAMPLES
1988.032	1997.192	99999	sp
1997.192	1997.431	270	MUM
1997.431	1997.982	407	STRONGLY
1997.982	1998.401	126	DISLIKES
1998.401	1999.392	27	APPETIZERS
1999.392	2009.492	99999	sp
2009.492	2009.782	443	THOSE
2009.782	2009.872	484	WHO
2009.872	2010.181	427	TEACH
2010.181	2010.722	462	VALUES
2010.722	2010.772	99999	sp
2010.772	2011.112	156	FIRST
2011.112	2011.651	4	ABOLISH
2011.651	2012.222	87	CHEATING
2012.222	2020.632	99999	sp
2020.632	2020.732	434	THE
2020.732	2021.272	165	FRIGHTENED
2021.272	2021.292	99999	sp
2021.292	2021.632	89	CHILD
2021.632	2021.8220000000001	472	WAS
2021.8220000000001	2022.122	176	GENTLY
2022.122	2022.592	410	SUBDUED
2022.592	2022.772	73	BY
2022.772	2022.952	208	HIS
2022.952	2023.172	52	BIG
2023.172	2023.651	66	BROTHER
2023.651	2033.982	99999	sp
2033.982	2034.212	142	EVEN
2034.212	2034.272	1	A
2034.272	2034.651	383	SIMPLE
2034.651	2035.362	468	VOCABULARY
2035.362	2036.032	104	CONTAINS
2036.032	2036.802	422	SYMBOLS
2036.802	2047.742	99999	sp
2047.742	2047.841	1	A
2047.841	2048.192	110	CRAB
2048.192	2048.721	85	CHALLENGED
2048.721	2049.012	258	ME
2049.012	2049.302	70	BUT
2049.302	2049.341	1	A
2049.341	2049.512	350	QUICK
2049.512	2049.541	99999	sp
2049.541	2049.942	402	STAB
2049.942	2050.452	464	VANQUISHED
2050.452	2050.482	99999	sp
2050.482	2050.781	207	HIM
2050.781	2059.732	99999	sp
2059.732	2060.221	183	GLUCOSE
2060.221	2060.341	20	AND
2060.341	2060.372	99999	sp
2060.372	2060.851	167	FRUCTOSE
2060.851	2060.932	30	ARE
2060.932	2061.482	276	NATURAL
2061.482	2061.971	414	SUGARS
2061.971	2062.031	99999	sp
2062.031	2062.411	163	FOUND
2062.411	2062.622	217	IN
2062.622	2063.022	168	FRUIT
2063.022	2071.763	99999	sp
2071.763	2071.855	30	ARE
2071.855	2071.952	495	YOU
2071.952	2072.272	250	LOOKING
2072.272	2072.482	161	FOR
2072.482	2073.151	136	EMPLOYMENT
2073.151	2083.757	99999	sp
2083.757	2084.031	98	COFFEE
2084.031	2084.281	224	IS
2084.281	2084.582	198	GROWN
2084.582	2084.781	297	ON
2084.781	2085.272	404	STEEP
2085.272	2085.732	231	JUNGLE
2085.732	2085.932	241	LIKE
2085.932	2086.372	390	SLOPES
2086.372	2086.552	217	IN
2086.552	2086.572	99999	sp
2086.572	2086.901	431	TEMPERATE
2086.901	2087.642	497	ZONES
2087.642	2096.798	99999	sp
2096.798	2096.883	476	WE
2096.883	2097.312	480	WELCOME
2097.312	2097.692	256	MANY
2097.692	2097.752	282	NEW
2097.752	2098.291	408	STUDENTS
2098.291	2098.562	132	EACH
2098.562	2098.862	491	YEAR
2098.862	2108.773	99999	sp
2108.773	2109.072	298	ONLY
2109.072	2109.161	434	THE
2109.161	2109.572	51	BEST
2109.572	2109.622	99999	sp
2109.622	2110.101	330	PLAYERS
2110.101	2110.351	139	ENJOY
2110.351	2111.192	336	POPULARITY
2111.192	2122.786	99999	sp
2122.786	2123.252	75	CALCIUM
2123.252	2123.522	254	MAKES
2123.522	2123.901	58	BONES
2123.901	2124.091	20	AND
2124.091	2124.302	430	TEETH
2124.302	2124.812	406	STRONG
2124.812	2135.229	99999	sp
2135.229	2135.672	286	NOTHING
2135.672	2135.872	224	IS
2135.872	2136.022	34	AS
2136.022	2136.572	295	OFFENSIVE
2136.572	2136.752	34	AS
2136.752	2137.572	219	INNOCENCE
2137.572	2145.762	99999	sp
2145.762	2145.992	375	SHE
2145.992	2146.252	490	WORE
2146.252	2146.281	1	A
2146.281	2146.541	65	BRIGHT
2146.541	2146.872	356	RED
2146.872	2147.502	78	CASHMERE
2147.502	2148.062	420	SWEATER
2148.062	2156.901	99999	sp
2156.901	2157.291	46	BARB'S
2157.291	2157.512	188	GOLD
2157.512	2157.962	63	BRACELET
2157.962	2158.132	472	WAS
2158.132	2158.202	1	A
2158.202	2158.901	193	GRADUATION
2158.901	2159.492	339	PRESENT
2159.492	2168.178	99999	sp
2168.178	2168.379	130	DRAW
2168.379	2168.777	145	EVERY
2168.777	2169.082	308	OUTER
2169.082	2169.332	244	LINE
2169.332	2169.862	156	FIRST
2169.862	2170.007	99999	sp
2170.007	2170.251	436	THEN
2170.251	2170.459	154	FILL
2170.459	2170.575	217	IN
2170.575	2170.707	434	THE
2170.707	2171.312	222	INTERIOR
2171.312	2179.682	99999	sp
2179.682	2179.791	434	THE
2179.791	2180.091	475	WATER
2180.091	2180.672	103	CONTAINED
2180.672	2180.812	448	TOO
2180.812	2181.101	269	MUCH
2181.101	2181.302	88888	CL
2181.302	2181.482	99999	sp
2181.482	2181.572	448	TOO
2181.572	2181.772	99999	sp
2181.772	2182.101	269	MUCH
2182.101	2182.541	90	CHLORINE
2182.541	2182.732	20	AND
2182.732	2183.052	409	STUNG
2183.052	2183.221	208	HIS
2183.221	2183.752	149	EYES
2183.752	2192.351	99999	sp
2192.351	2192.721	229	JOHN'S
2192.721	2193.022	66	BROTHER
2193.022	2193.522	363	REPAINTED
2193.522	2193.661	434	THE
2193.661	2194.082	173	GARAGE
2194.082	2194.401	129	DOOR
2194.401	2202.502	99999	sp
2202.502	2203.052	84	CHALLENGE
2203.052	2203.401	132	EACH
2203.401	2203.462	99999	sp
2203.462	2204.062	175	GENERAL'S
2204.062	2204.942	221	INTELLIGENCE
2204.942	2214.052	99999	sp
2214.052	2214.982	17	AMBIDEXTROUS
2214.982	2215.422	99999	sp
2215.422	2216.101	327	PICKPOCKETS
2216.101	2216.672	6	ACCOMPLISH
2216.672	2217.082	267	MORE
2217.082	2225.062	99999	sp
2225.062	2225.161	1	A
2225.161	2225.798	271	MUSCULAR
2225.798	2226.382	2	ABDOMEN
2226.382	2226.661	224	IS
2226.661	2226.922	189	GOOD
2226.922	2227.062	161	FOR
2227.062	2227.212	496	YOUR
2227.212	2227.712	43	BACK
2227.712	2237.212	99999	sp
2237.212	2237.382	438	THEY
2237.382	2237.572	317	OWN
2237.572	2237.642	1	A
2237.642	2237.851	52	BIG
2237.851	2238.272	209	HOUSE
2238.272	2238.612	217	IN
2238.612	2238.692	434	THE
2238.692	2239.082	361	REMOTE
2239.082	2239.952	109	COUNTRYSIDE
2239.952	2249.651	99999	sp
2249.651	2249.791	434	THE
2249.791	2250.112	369	ROSE
2250.112	2250.672	106	CORSAGE
2250.672	2251.031	393	SMELLED
2251.031	2251.541	421	SWEET
2251.541	2260.691	99999	sp
2260.691	2260.892	434	THE
2260.892	2261.091	99999	sp
2261.091	2261.502	433	THAT
2261.502	2262.291	326	PICKPOCKET
2262.291	2262.452	472	WAS
2262.452	2262.712	80	CAUGHT
2262.712	2262.882	356	RED
2262.882	2263.392	199	HANDED
2263.392	2274.082	99999	sp
2274.082	2274.242	19	AN
2274.242	2274.642	9	ADULT
2274.642	2274.822	255	MALE
2274.822	2275.362	42	BABOON'S
2275.362	2275.672	430	TEETH
2275.672	2275.772	30	ARE
2275.772	2275.942	285	NOT
2275.942	2276.432	415	SUITABLE
2276.432	2276.552	161	FOR
2276.552	2276.872	135	EATING
2276.872	2277.692	376	SHELLFISH
2277.692	2286.142	99999	sp
2286.142	2286.302	204	HER
2286.302	2286.791	470	WARDROBE
2286.791	2287.382	102	CONSISTS
2287.382	2287.482	294	OF
2287.482	2287.872	298	ONLY
2287.872	2288.591	54	BLOUSES
2288.591	2288.651	99999	sp
2288.651	2289.091	385	SKIRTS
2289.091	2289.202	20	AND
2289.202	2289.851	54	BLOUSES
2289.851	2300.221	99999	sp
2300.221	2300.322	434	THE
2300.322	2300.522	453	TWO
2300.522	2301.091	33	ARTISTS
2301.091	2301.851	147	EXCHANGED
2301.851	2302.582	39	AUTOGRAPHS
2302.582	2310.7309999999998	99999	sp
2310.7309999999998	2311.292	71	BUTTERSCOTCH
2311.292	2311.371	99999	sp
2311.371	2311.702	169	FUDGE
2311.702	2311.991	186	GOES
2311.991	2312.202	481	WELL
2312.202	2312.332	487	WITH
2312.332	2312.371	99999	sp
2312.371	2312.642	463	VANILLA
2312.642	2312.9809999999998	212	ICE
2312.9809999999998	2313.361	112	CREAM
2313.361	2321.522	99999	sp
2321.522	2321.922	366	RICH
2321.922	2322.052	99999	sp
2322.052	2322.642	349	PURCHASED
2322.642	2323.062	374	SEVERAL
2323.062	2323.4809999999998	382	SIGNED
2323.4809999999998	2324.542	245	LITHOGRAPHS
2324.542	2333.932	99999	sp
2333.932	2334.202	24	ANY
2334.202	2335.001	105	CONTRIBUTIONS
2335.001	2335.121	485	WILL
2335.121	2335.292	47	BE
2335.292	2335.6620000000003	195	GREATLY
2335.6620000000003	2336.522	28	APPRECIATED
2336.522	2346.341	99999	sp
2346.341	2346.491	434	THE
2346.491	2347.091	111	CRANBERRY
2347.091	2347.501	57	BOG
2347.501	2348.032	178	GETS
2348.032	2348.422	465	VERY
2348.422	2348.721	340	PRETTY
2348.721	2348.851	217	IN
2348.851	2349.341	40	AUTUMN
2349.341	2361.202	99999	sp
2361.202	2361.381	210	HOW
2361.381	2361.572	128	DO
2361.572	2362.001	318	OYSTERS
2362.001	2362.241	253	MAKE
2362.241	2362.802	320	PEARLS
2362.802	2371.841	99999	sp
2371.841	2372.202	257	MAY
2372.202	2372.272	211	I
2372.272	2372.601	304	ORDER
2372.601	2372.702	1	A
2372.702	2373.142	319	PARFAIT
2373.142	2373.471	10	AFTER
2373.471	2373.621	211	I
2373.621	2373.782	134	EAT
2373.782	2374.192	124	DINNER
2374.192	2376.0	99999	sp
2376.0	2384.012	99999	sp
2384.012	2384.093	224	IS
2384.093	2384.32	375	SHE
2384.32	2384.561	187	GOING
2384.561	2384.778	487	WITH
2384.778	2385.011	495	YOU
2385.011	2393.71	99999	sp
2393.71	2393.907	76	CAN
2393.907	2394.02	434	THE
2394.02	2394.6	11	AGENCY
2394.6	2395.183	315	OVERTHROW
2395.183	2395.569	13	ALIEN
2395.569	2396.262	162	FORCES
2396.262	2406.461	99999	sp
2406.461	2406.526	1	A
2406.526	2407.196	371	SCREWDRIVER
2407.196	2407.391	224	IS
2407.391	2407.642	252	MADE
2407.642	2407.919	166	FROM
2407.919	2408.324	469	VODKA
2408.324	2408.481	20	AND
2408.481	2408.871	303	ORANGE
2408.871	2409.373	230	JUICE
2409.373	2418.239	99999	sp
2418.239	2418.351	210	HOW
2418.351	2418.577	269	MUCH
2418.577	2419.107	16	ALLOWANCE
2419.107	2419.2	128	DO
2419.2	2419.394	495	YOU
2419.394	2419.801	177	GET
2419.801	2429.621	99999	sp
2429.621	2430.265	115	CYCLICAL
2430.265	2430.869	346	PROGRAMS
2430.869	2430.955	485	WILL
2430.955	2431.303	281	NEVER
2431.303	2431.971	100	COMPILE
2431.971	2441.366	99999	sp
2441.366	2441.491	434	THE
2441.491	2441.866	61	BOSTON
2441.866	2442.201	45	BALLET
2442.201	2442.696	312	OVERCAME
2442.696	2442.813	435	THEIR
2442.813	2443.181	170	FUNDING
2443.181	2443.874	380	SHORTAGE
2443.874	2452.689	99999	sp
2452.689	2452.984	145	EVERY
2452.984	2453.294	74	CAB
2453.294	2453.516	280	NEEDS
2453.516	2454.023	364	REPAINTING
2454.023	2454.621	296	OFTEN
2454.621	2463.826	99999	sp
2463.826	2464.105	203	HELP
2464.105	2464.4	196	GREG
2464.4	2464.559	446	TO
2464.559	2464.729	325	PICK
2464.729	2464.84	1	A
2464.84	2465.061	321	PECK
2465.061	2465.181	294	OF
2465.181	2465.238	99999	sp
2465.238	2466.035	338	POTATOES
2466.035	2474.582	99999	sp
2474.582	2474.676	476	WE
2474.676	2474.921	241	LIKE
2474.921	2475.091	55	BLUE
2475.091	2475.567	88	CHEESE
2475.567	2475.738	70	BUT
2475.738	2476.061	466	VICTOR
2476.061	2476.391	242	LIKES
2476.391	2476.457	99999	sp
2476.457	2476.742	64	BRIE
2476.742	2486.318	99999	sp
2486.318	2486.615	108	COUNT
2486.615	2486.691	434	THE
2486.691	2486.941	289	NUMBER
2486.941	2487.086	294	OF
2487.086	2487.681	429	TEASPOONS
2487.681	2487.768	294	OF
2487.768	2488.478	395	SOYSAUCE
2488.478	2488.581	433	THAT
2488.581	2488.818	495	YOU
2488.818	2489.272	7	ADD
2489.272	2499.942	99999	sp
2499.942	2500.671	44	BAGPIPES
2500.671	2500.88	20	AND
2500.88	2501.462	59	BONGOS
2501.462	2501.561	30	ARE
2501.561	2502.039	273	MUSICAL
2502.039	2502.921	220	INSTRUMENTS
2502.921	2512.334	99999	sp
2512.334	2512.63	210	HOW
2512.63	2512.814	189	GOOD
2512.814	2512.975	224	IS
2512.975	2513.072	496	YOUR
2513.072	2513.882	138	ENDURANCE
2513.882	2523.892	99999	sp
2523.892	2526.832	99999	sp
2526.832	2532.998	99999	sp
2532.998	2533.082	30	ARE
2533.082	2533.275	496	YOUR
2533.275	2533.599	192	GRADES
2533.599	2533.942	206	HIGHER
2533.942	2534.122	302	OR
2534.122	2534.479	251	LOWER
2534.479	2534.582	432	THAN
2534.582	2535.302	275	NANCY'S
2535.302	2545.4610000000002	99999	sp
2545.4610000000002	2545.732	375	SHE
2545.732	2546.002	490	WORE
2546.002	2546.449	471	WARM
2546.449	2546.998	158	FLEECY
2546.998	2547.312	489	WOOLEN
2547.312	2548.082	311	OVERALLS
2548.082	2556.932	99999	sp
2556.932	2557.186	354	READING
2557.186	2557.35	217	IN
2557.35	2557.393	99999	sp
2557.393	2557.637	335	POOR
2557.637	2557.966	240	LIGHT
2557.966	2558.178	181	GIVES
2558.178	2558.266	495	YOU
2558.266	2558.972	150	EYESTRAIN
2558.972	2567.995	99999	sp
2567.995	2568.282	142	EVEN
2568.282	2568.498	211	I
2568.498	2569.116	293	OCCASIONALLY
2569.116	2569.288	177	GET
2569.288	2569.357	434	THE
2569.357	2569.729	265	MONDAY
2569.729	2570.272	56	BLUES
2570.272	2579.254	99999	sp
2579.254	2579.332	476	WE
2579.332	2579.434	30	ARE
2579.434	2579.76	301	OPEN
2579.76	2580.093	145	EVERY
2580.093	2580.447	265	MONDAY
2580.447	2580.882	143	EVENING
2580.882	2588.978	99999	sp
2588.978	2589.197	226	IT'S
2589.197	2589.384	285	NOT
2589.384	2589.712	133	EASY
2589.712	2589.925	446	TO
2589.925	2590.3559999999998	113	CREATE
2590.3559999999998	2591.052	215	ILLUMINATING
2591.052	2591.982	146	EXAMPLES
2591.982	2601.474	99999	sp
2601.474	2601.72	270	MUM
2601.72	2602.306	407	STRONGLY
2602.306	2602.734	126	DISLIKES
2602.734	2603.681	27	APPETIZERS
2603.681	2612.353	99999	sp
2612.353	2612.632	443	THOSE
2612.632	2612.798	484	WHO
2612.798	2613.077	427	TEACH
2613.077	2613.583	462	VALUES
2613.583	2613.881	156	FIRST
2613.881	2614.372	4	ABOLISH
2614.372	2614.454	99999	sp
2614.454	2614.972	87	CHEATING
2614.972	2624.2	99999	sp
2624.2	2624.278	434	THE
2624.278	2624.811	165	FRIGHTENED
2624.811	2625.202	89	CHILD
2625.202	2625.368	472	WAS
2625.368	2625.706	176	GENTLY
2625.706	2626.212	410	SUBDUED
2626.212	2626.386	73	BY
2626.386	2626.652	208	HIS
2626.652	2626.892	52	BIG
2626.892	2627.362	66	BROTHER
2627.362	2637.725	99999	sp
2637.725	2637.937	142	EVEN
2637.937	2638.014	1	A
2638.014	2638.368	383	SIMPLE
2638.368	2639.218	468	VOCABULARY
2639.218	2639.835	104	CONTAINS
2639.835	2640.562	422	SYMBOLS
2640.562	2650.497	99999	sp
2650.497	2650.638	1	A
2650.638	2650.942	110	CRAB
2650.942	2651.505	85	CHALLENGED
2651.505	2651.759	258	ME
2651.759	2651.839	99999	sp
2651.839	2651.936	70	BUT
2651.936	2652.069	1	A
2652.069	2652.293	350	QUICK
2652.293	2652.779	402	STAB
2652.779	2653.272	464	VANQUISHED
2653.272	2653.531	207	HIM
2653.531	2664.169	99999	sp
2664.169	2664.619	183	GLUCOSE
2664.619	2664.723	20	AND
2664.723	2665.261	167	FRUCTOSE
2665.261	2665.343	30	ARE
2665.343	2665.783	276	NATURAL
2665.783	2666.263	414	SUGARS
2666.263	2666.559	163	FOUND
2666.559	2666.694	217	IN
2666.694	2667.242	168	FRUIT
2667.242	2676.921	99999	sp
2676.921	2677.003	30	ARE
2677.003	2677.107	495	YOU
2677.107	2677.417	250	LOOKING
2677.417	2677.61	161	FOR
2677.61	2678.182	136	EMPLOYMENT
2678.182	2686.091	99999	sp
2686.091	2686.412	98	COFFEE
2686.412	2686.63	224	IS
2686.63	2686.862	198	GROWN
2686.862	2687.033	297	ON
2687.033	2687.466	404	STEEP
2687.466	2687.742	231	JUNGLE
2687.742	2687.929	241	LIKE
2687.929	2688.385	390	SLOPES
2688.385	2688.537	217	IN
2688.537	2688.985	431	TEMPERATE
2688.985	2689.651	497	ZONES
2689.651	2699.299	99999	sp
2699.299	2699.374	476	WE
2699.374	2699.77	480	WELCOME
2699.77	2700.068	256	MANY
2700.068	2700.213	282	NEW
2700.213	2700.708	408	STUDENTS
2700.708	2700.761	99999	sp
2700.761	2701.002	132	EACH
2701.002	2701.272	491	YEAR
2701.272	2710.075	99999	sp
2710.075	2710.351	298	ONLY
2710.351	2710.506	434	THE
2710.506	2710.833	51	BEST
2710.833	2711.291	330	PLAYERS
2711.291	2711.697	139	ENJOY
2711.697	2712.522	336	POPULARITY
2712.522	2721.888	99999	sp
2721.888	2722.343	75	CALCIUM
2722.343	2722.672	254	MAKES
2722.672	2723.079	58	BONES
2723.079	2723.2690000000002	20	AND
2723.2690000000002	2723.572	430	TEETH
2723.572	2724.132	406	STRONG
2724.132	2733.468	99999	sp
2733.468	2733.8940000000002	286	NOTHING
2733.8940000000002	2734.091	224	IS
2734.091	2734.227	34	AS
2734.227	2734.781	295	OFFENSIVE
2734.781	2735.018	34	AS
2735.018	2735.851	219	INNOCENCE
2735.851	2744.802	99999	sp
2744.802	2745.234	405	STEVE
2745.234	2745.401	490	WORE
2745.401	2745.485	1	A
2745.485	2745.718	65	BRIGHT
2745.718	2746.007	356	RED
2746.007	2746.524	78	CASHMERE
2746.524	2747.072	420	SWEATER
2747.072	2756.073	99999	sp
2756.073	2756.417	46	BARB'S
2756.417	2756.645	188	GOLD
2756.645	2757.103	63	BRACELET
2757.103	2757.276	472	WAS
2757.276	2757.413	1	A
2757.413	2758.033	193	GRADUATION
2758.033	2758.643	339	PRESENT
2758.643	2767.967	99999	sp
2767.967	2768.189	130	DRAW
2768.189	2768.506	145	EVERY
2768.506	2768.812	308	OUTER
2768.812	2769.057	244	LINE
2769.057	2769.686	156	FIRST
2769.686	2769.892	436	THEN
2769.892	2770.132	154	FILL
2770.132	2770.252	217	IN
2770.252	2770.362	434	THE
2770.362	2771.062	222	INTERIOR
2771.062	2780.77	99999	sp
2780.77	2780.858	434	THE
2780.858	2781.207	475	WATER
2781.207	2781.702	103	CONTAINED
2781.702	2781.799	99999	sp
2781.799	2781.901	448	TOO
2781.901	2782.189	269	MUCH
2782.189	2782.708	90	CHLORINE
2782.708	2782.908	20	AND
2782.908	2783.303	409	STUNG
2783.303	2783.522	208	HIS
2783.522	2784.041	149	EYES
2784.041	2794.667	99999	sp
2794.667	2795.052	229	JOHN'S
2795.052	2795.296	66	BROTHER
2795.296	2795.872	363	REPAINTED
2795.872	2796.002	434	THE
2796.002	2796.491	173	GARAGE
2796.491	2796.841	129	DOOR
2796.841	2806.73	99999	sp
2806.73	2807.287	84	CHALLENGE
2807.287	2807.601	132	EACH
2807.601	2808.146	175	GENERAL'S
2808.146	2809.142	221	INTELLIGENCE
2809.142	2818.132	99999	sp
2818.132	2818.852	17	AMBIDEXTROUS
2818.852	2818.929	99999	sp
2818.929	2819.552	327	PICKPOCKETS
2819.552	2820.168	6	ACCOMPLISH
2820.168	2820.601	267	MORE
2820.601	2829.238	99999	sp
2829.238	2829.281	1	A
2829.281	2829.834	271	MUSCULAR
2829.834	2830.334	2	ABDOMEN
2830.334	2830.516	224	IS
2830.516	2830.651	189	GOOD
2830.651	2830.85	161	FOR
2830.85	2831.011	496	YOUR
2831.011	2831.521	43	BACK
2831.521	2839.388	99999	sp
2839.388	2839.499	438	THEY
2839.499	2839.649	317	OWN
2839.649	2839.762	1	A
2839.762	2839.948	52	BIG
2839.948	2840.3469999999998	209	HOUSE
2840.3469999999998	2840.392	217	IN
2840.392	2840.478	434	THE
2840.478	2840.866	361	REMOTE
2840.866	2841.794	109	COUNTRYSIDE
2841.794	2850.388	99999	sp
2850.388	2850.486	434	THE
2850.486	2850.84	369	ROSE
2850.84	2851.435	106	CORSAGE
2851.435	2851.763	393	SMELLED
2851.763	2852.342	421	SWEET
2852.342	2860.967	99999	sp
2860.967	2861.163	433	THAT
2861.163	2861.213	99999	sp
2861.213	2861.861	326	PICKPOCKET
2861.861	2862.169	472	WAS
2862.169	2862.397	80	CAUGHT
2862.397	2862.622	356	RED
2862.622	2863.132	199	HANDED
2863.132	2871.983	99999	sp
2871.983	2872.06	19	AN
2872.06	2872.451	9	ADULT
2872.451	2872.688	255	MALE
2872.688	2873.295	42	BABOON'S
2873.295	2873.511	430	TEETH
2873.511	2873.636	30	ARE
2873.636	2873.872	285	NOT
2873.872	2874.294	415	SUITABLE
2874.294	2874.482	161	FOR
2874.482	2874.782	135	EATING
2874.782	2875.531	376	SHELLFISH
2875.531	2885.2780000000002	99999	sp
2885.2780000000002	2885.462	204	HER
2885.462	2885.962	470	WARDROBE
2885.962	2886.555	102	CONSISTS
2886.555	2886.694	294	OF
2886.694	2886.917	298	ONLY
2886.917	2887.444	385	SKIRTS
2887.444	2887.632	20	AND
2887.632	2888.322	54	BLOUSES
2888.322	2897.564	99999	sp
2897.564	2897.736	434	THE
2897.736	2897.937	453	TWO
2897.937	2898.446	33	ARTISTS
2898.446	2899.1530000000002	147	EXCHANGED
2899.1530000000002	2899.922	39	AUTOGRAPHS
2899.922	2909.594	99999	sp
2909.594	2910.139	71	BUTTERSCOTCH
2910.139	2910.482	169	FUDGE
2910.482	2910.7380000000003	186	GOES
2910.7380000000003	2910.971	481	WELL
2910.971	2911.172	487	WITH
2911.172	2911.514	463	VANILLA
2911.514	2911.841	212	ICE
2911.841	2912.202	112	CREAM
2912.202	2922.721	99999	sp
2922.721	2923.112	366	RICH
2923.112	2923.1620000000003	99999	sp
2923.1620000000003	2923.742	349	PURCHASED
2923.742	2924.085	374	SEVERAL
2924.085	2924.574	382	SIGNED
2924.574	2925.748	245	LITHOGRAPHS
2925.748	2935.292	99999	sp
2935.292	2935.551	24	ANY
2935.551	2936.424	105	CONTRIBUTIONS
2936.424	2936.559	485	WILL
2936.559	2936.7709999999997	47	BE
2936.7709999999997	2937.209	195	GREATLY
2937.209	2938.062	28	APPRECIATED
2938.062	2946.54	99999	sp
2946.54	2946.682	434	THE
2946.682	2947.2	111	CRANBERRY
2947.2	2947.602	57	BOG
2947.602	2947.882	178	GETS
2947.882	2948.281	465	VERY
2948.281	2948.657	340	PRETTY
2948.657	2948.864	217	IN
2948.864	2949.332	40	AUTUMN
2949.332	2957.945	99999	sp
2957.945	2958.19	210	HOW
2958.19	2958.312	128	DO
2958.312	2958.775	318	OYSTERS
2958.775	2958.98	253	MAKE
2958.98	2959.552	320	PEARLS
2959.552	2967.001	99999	sp
2967.001	2967.246	257	MAY
2967.246	2967.3450000000003	211	I
2967.3450000000003	2967.601	304	ORDER
2967.601	2967.736	1	A
2967.736	2968.178	319	PARFAIT
2968.178	2968.4809999999998	10	AFTER
2968.4809999999998	2968.591	211	I
2968.591	2968.846	134	EAT
2968.846	2970.0	124	DINNER
2970.0	2977.162	99999	sp
2977.162	2977.244	224	IS
2977.244	2977.436	375	SHE
2977.436	2977.723	187	GOING
2977.723	2977.89	487	WITH
2977.89	2978.091	495	YOU
2978.091	2985.86	99999	sp
2985.86	2986.052	76	CAN
2986.052	2986.134	434	THE
2986.134	2986.662	11	AGENCY
2986.662	2987.225	315	OVERTHROW
2987.225	2987.581	13	ALIEN
2987.581	2988.252	162	FORCES
2988.252	2996.974	99999	sp
2996.974	2997.031	1	A
2997.031	2997.749	371	SCREWDRIVER
2997.749	2997.902	224	IS
2997.902	2998.17	252	MADE
2998.17	2998.484	166	FROM
2998.484	2998.909	469	VODKA
2998.909	2999.062	20	AND
2999.062	2999.452	303	ORANGE
2999.452	2999.931	230	JUICE
2999.931	3008.672	99999	sp
3008.672	3008.787	210	HOW
3008.787	3009.011	269	MUCH
3009.011	3009.542	16	ALLOWANCE
3009.542	3009.611	128	DO
3009.611	3009.799	495	YOU
3009.799	3010.099	177	GET
3010.099	3018.203	99999	sp
3018.203	3018.851	115	CYCLICAL
3018.851	3018.87	99999	sp
3018.87	3019.461	346	PROGRAMS
3019.461	3019.555	485	WILL
3019.555	3019.97	281	NEVER
3019.97	3020.651	100	COMPILE
3020.651	3029.402	99999	sp
3029.402	3029.471	434	THE
3029.471	3029.931	61	BOSTON
3029.931	3030.301	45	BALLET
3030.301	3030.841	312	OVERCAME
3030.841	3030.963	435	THEIR
3030.963	3031.377	170	FUNDING
3031.377	3032.072	380	SHORTAGE
3032.072	3042.7690000000002	99999	sp
3042.7690000000002	3043.041	145	EVERY
3043.041	3043.355	74	CAB
3043.355	3043.62	280	NEEDS
3043.62	3044.132	364	REPAINTING
3044.132	3044.761	296	OFTEN
3044.761	3053.715	99999	sp
3053.715	3054.055	203	HELP
3054.055	3054.336	196	GREG
3054.336	3054.491	446	TO
3054.491	3054.681	325	PICK
3054.681	3054.794	1	A
3054.794	3054.992	321	PECK
3054.992	3055.126	294	OF
3055.126	3055.852	338	POTATOES
3055.852	3063.725	99999	sp
3063.725	3063.822	476	WE
3063.822	3064.08	241	LIKE
3064.08	3064.26	55	BLUE
3064.26	3064.698	88	CHEESE
3064.698	3064.802	70	BUT
3064.802	3065.154	466	VICTOR
3065.154	3065.52	242	LIKES
3065.52	3065.791	64	BRIE
3065.791	3074.22	99999	sp
3074.22	3074.487	108	COUNT
3074.487	3074.572	434	THE
3074.572	3074.899	289	NUMBER
3074.899	3075.092	294	OF
3075.092	3075.662	429	TEASPOONS
3075.662	3075.761	294	OF
3075.761	3076.47	395	SOYSAUCE
3076.47	3076.609	433	THAT
3076.609	3076.751	495	YOU
3076.751	3077.2309999999998	7	ADD
3077.2309999999998	3086.781	99999	sp
3086.781	3087.401	44	BAGPIPES
3087.401	3087.557	20	AND
3087.557	3088.024	59	BONGOS
3088.024	3088.107	30	ARE
3088.107	3088.541	273	MUSICAL
3088.541	3089.391	220	INSTRUMENTS
3089.391	3097.884	99999	sp
3097.884	3098.082	210	HOW
3098.082	3098.342	189	GOOD
3098.342	3098.472	224	IS
3098.472	3098.582	496	YOUR
3098.582	3099.292	138	ENDURANCE
3099.292	3100.022	99999	sp
3100.022	3112.411	99999	sp
3112.411	3112.482	30	ARE
3112.482	3112.621	496	YOUR
3112.621	3113.002	192	GRADES
3113.002	3113.459	206	HIGHER
3113.459	3113.57	302	OR
3113.57	3113.976	251	LOWER
3113.976	3114.082	432	THAN
3114.082	3114.822	275	NANCY'S
3114.822	3123.162	99999	sp
3123.162	3123.401	375	SHE
3123.401	3123.632	490	WORE
3123.632	3124.02	471	WARM
3124.02	3124.542	158	FLEECY
3124.542	3124.892	489	WOOLEN
3124.892	3125.542	311	OVERALLS
3125.542	3134.526	99999	sp
3134.526	3134.822	354	READING
3134.822	3134.997	217	IN
3134.997	3135.25	335	POOR
3135.25	3135.618	240	LIGHT
3135.618	3135.853	181	GIVES
3135.853	3135.998	495	YOU
3135.998	3136.712	150	EYESTRAIN
3136.712	3146.026	99999	sp
3146.026	3146.302	142	EVEN
3146.302	3146.535	211	I
3146.535	3147.2110000000002	293	OCCASIONALLY
3147.2110000000002	3147.427	177	GET
3147.427	3147.472	434	THE
3147.472	3147.806	265	MONDAY
3147.806	3148.422	56	BLUES
3148.422	3157.354	99999	sp
3157.354	3157.462	476	WE
3157.462	3157.567	30	ARE
3157.567	3157.94	301	OPEN
3157.94	3158.214	145	EVERY
3158.214	3158.564	265	MONDAY
3158.564	3159.062	143	EVENING
3159.062	3167.845	99999	sp
3167.845	3168.036	226	IT'S
3168.036	3168.181	285	NOT
3168.181	3168.564	133	EASY
3168.564	3168.739	446	TO
3168.739	3169.122	113	CREATE
3169.122	3169.842	215	ILLUMINATING
3169.842	3170.762	146	EXAMPLES
3170.762	3179.634	99999	sp
3179.634	3179.874	270	MUM
3179.874	3180.386	407	STRONGLY
3180.386	3180.845	126	DISLIKES
3180.845	3181.782	27	APPETIZERS
3181.782	3191.042	99999	sp
3191.042	3191.265	443	THOSE
3191.265	3191.374	484	WHO
3191.374	3191.639	427	TEACH
3191.639	3192.182	462	VALUES
3192.182	3192.492	156	FIRST
3192.492	3192.973	4	ABOLISH
3192.973	3193.502	87	CHEATING
3193.502	3202.2	99999	sp
3202.2	3202.272	434	THE
3202.272	3202.802	165	FRIGHTENED
3202.802	3203.192	89	CHILD
3203.192	3203.442	472	WAS
3203.442	3203.762	176	GENTLY
3203.762	3204.292	410	SUBDUED
3204.292	3204.433	73	BY
3204.433	3204.685	208	HIS
3204.685	3204.934	52	BIG
3204.934	3205.392	66	BROTHER
3205.392	3215.302	99999	sp
3215.302	3215.512	142	EVEN
3215.512	3215.572	1	A
3215.572	3215.945	383	SIMPLE
3215.945	3216.795	468	VOCABULARY
3216.795	3217.382	104	CONTAINS
3217.382	3218.112	422	SYMBOLS
3218.112	3227.904	99999	sp
3227.904	3228.064	1	A
3228.064	3228.372	110	CRAB
3228.372	3228.962	85	CHALLENGED
3228.962	3229.31	258	ME
3229.31	3229.411	70	BUT
3229.411	3229.527	1	A
3229.527	3229.772	350	QUICK
3229.772	3230.233	402	STAB
3230.233	3230.702	464	VANQUISHED
3230.702	3231.002	207	HIM
3231.002	3240.196	99999	sp
3240.196	3240.623	183	GLUCOSE
3240.623	3240.737	20	AND
3240.737	3241.272	167	FRUCTOSE
3241.272	3241.366	30	ARE
3241.366	3241.786	276	NATURAL
3241.786	3242.272	414	SUGARS
3242.272	3242.312	99999	sp
3242.312	3242.622	163	FOUND
3242.622	3242.79	217	IN
3242.79	3243.281	168	FRUIT
3243.281	3252.265	99999	sp
3252.265	3252.382	30	ARE
3252.382	3252.443	495	YOU
3252.443	3252.812	250	LOOKING
3252.812	3252.964	161	FOR
3252.964	3253.512	136	EMPLOYMENT
3253.512	3263.668	99999	sp
3263.668	3264.069	98	COFFEE
3264.069	3264.301	224	IS
3264.301	3264.572	198	GROWN
3264.572	3264.764	297	ON
3264.764	3265.242	404	STEEP
3265.242	3265.661	231	JUNGLE
3265.661	3265.862	241	LIKE
3265.862	3266.32	390	SLOPES
3266.32	3266.5190000000002	217	IN
3266.5190000000002	3266.971	431	TEMPERATE
3266.971	3267.642	497	ZONES
3267.642	3275.221	99999	sp
3275.221	3276.976	99999	sp
3276.976	3277.1059999999998	476	WE
3277.1059999999998	3277.494	480	WELCOME
3277.494	3277.802	256	MANY
3277.802	3277.942	282	NEW
3277.942	3278.493	408	STUDENTS
3278.493	3278.747	132	EACH
3278.747	3279.062	491	YEAR
3279.062	3288.306	99999	sp
3288.306	3288.569	298	ONLY
3288.569	3288.718	434	THE
3288.718	3288.942	51	BEST
3288.942	3289.049	99999	sp
3289.049	3289.498	330	PLAYERS
3289.498	3289.876	139	ENJOY
3289.876	3290.732	336	POPULARITY
3290.732	3301.3559999999998	99999	sp
3301.3559999999998	3301.7889999999998	75	CALCIUM
3301.7889999999998	3302.127	254	MAKES
3302.127	3302.452	58	BONES
3302.452	3303.058	406	STRONG
3303.058	3303.268	20	AND
3303.268	3303.512	430	TEETH
3303.512	3304.062	406	STRONG
3304.062	3314.759	99999	sp
3314.759	3315.101	286	NOTHING
3315.101	3315.242	224	IS
3315.242	3315.382	34	AS
3315.382	3315.962	295	OFFENSIVE
3315.962	3316.132	34	AS
3316.132	3317.012	219	INNOCENCE
3317.012	3325.365	99999	sp
3325.365	3325.882	405	STEVE
3325.882	3326.101	490	WORE
3326.101	3326.142	1	A
3326.142	3326.462	65	BRIGHT
3326.462	3326.794	356	RED
3326.794	3327.331	78	CASHMERE
3327.331	3327.971	420	SWEATER
3327.971	3337.357	99999	sp
3337.357	3337.669	46	BARB'S
3337.669	3337.91	188	GOLD
3337.91	3338.335	63	BRACELET
3338.335	3338.522	472	WAS
3338.522	3338.638	1	A
3338.638	3339.33	193	GRADUATION
3339.33	3339.862	339	PRESENT
3339.862	3348.786	99999	sp
3348.786	3348.997	130	DRAW
3348.997	3349.335	145	EVERY
3349.335	3349.666	308	OUTER
3349.666	3349.902	244	LINE
3349.902	3350.585	156	FIRST
3350.585	3350.761	436	THEN
3350.761	3351.002	154	FILL
3351.002	3351.112	217	IN
3351.112	3351.221	434	THE
3351.221	3351.911	222	INTERIOR
3351.911	3360.35	99999	sp
3360.35	3360.432	434	THE
3360.432	3360.787	475	WATER
3360.787	3361.37	103	CONTAINED
3361.37	3361.46	448	TOO
3361.46	3361.692	269	MUCH
3361.692	3361.792	99999	sp
3361.792	3362.261	90	CHLORINE
3362.261	3362.4049999999997	20	AND
3362.4049999999997	3362.802	409	STUNG
3362.802	3362.982	208	HIS
3362.982	3363.411	149	EYES
3363.411	3372.777	99999	sp
3372.777	3373.174	229	JOHN'S
3373.174	3373.442	66	BROTHER
3373.442	3373.997	363	REPAINTED
3373.997	3374.089	434	THE
3374.089	3374.541	173	GARAGE
3374.541	3374.872	129	DOOR
3374.872	3383.016	99999	sp
3383.016	3383.551	84	CHALLENGE
3383.551	3383.855	132	EACH
3383.855	3384.372	175	GENERAL'S
3384.372	3385.281	221	INTELLIGENCE
3385.281	3394.224	99999	sp
3394.224	3395.101	17	AMBIDEXTROUS
3395.101	3395.185	99999	sp
3395.185	3395.901	327	PICKPOCKETS
3395.901	3396.502	6	ACCOMPLISH
3396.502	3396.992	267	MORE
3396.992	3406.098	99999	sp
3406.098	3406.132	1	A
3406.132	3406.69	271	MUSCULAR
3406.69	3407.2690000000002	2	ABDOMEN
3407.2690000000002	3407.517	224	IS
3407.517	3407.668	189	GOOD
3407.668	3407.841	161	FOR
3407.841	3408.058	496	YOUR
3408.058	3408.591	43	BACK
3408.591	3418.421	99999	sp
3418.421	3418.541	438	THEY
3418.541	3418.694	317	OWN
3418.694	3418.8469999999998	1	A
3418.8469999999998	3419.04	52	BIG
3419.04	3419.498	209	HOUSE
3419.498	3419.642	217	IN
3419.642	3419.712	434	THE
3419.712	3420.196	361	REMOTE
3420.196	3420.986	109	COUNTRYSIDE
3420.986	3431.162	99999	sp
3431.162	3431.216	434	THE
3431.216	3431.579	369	ROSE
3431.579	3432.122	106	CORSAGE
3432.122	3432.482	393	SMELLED
3432.482	3432.946	421	SWEET
3432.946	3442.358	99999	sp
3442.358	3442.611	433	THAT
3442.611	3443.142	326	PICKPOCKET
3443.142	3443.327	472	WAS
3443.327	3443.522	80	CAUGHT
3443.522	3443.762	356	RED
3443.762	3444.312	199	HANDED
3444.312	3451.892	99999	sp
3451.892	3453.783	99999	sp
3453.783	3453.883	19	AN
3453.883	3454.295	9	ADULT
3454.295	3454.518	255	MALE
3454.518	3455.172	42	BABOON'S
3455.172	3455.4719999999998	430	TEETH
3455.4719999999998	3455.602	30	ARE
3455.602	3455.872	285	NOT
3455.872	3456.316	415	SUITABLE
3456.316	3456.482	161	FOR
3456.482	3456.802	135	EATING
3456.802	3457.612	376	SHELLFISH
3457.612	3465.983	99999	sp
3465.983	3466.166	204	HER
3466.166	3466.622	470	WARDROBE
3466.622	3467.172	102	CONSISTS
3467.172	3467.274	294	OF
3467.274	3467.488	298	ONLY
3467.488	3467.9700000000003	385	SKIRTS
3467.9700000000003	3468.129	20	AND
3468.129	3468.851	54	BLOUSES
3468.851	3477.315	99999	sp
3477.315	3477.436	434	THE
3477.436	3477.594	453	TWO
3477.594	3478.169	33	ARTISTS
3478.169	3478.817	147	EXCHANGED
3478.817	3479.682	88888	PHOTOGRAPHS
3479.682	3487.542	99999	sp
3487.542	3488.121	71	BUTTERSCOTCH
3488.121	3488.5280000000002	169	FUDGE
3488.5280000000002	3488.772	186	GOES
3488.772	3488.999	481	WELL
3488.999	3489.242	487	WITH
3489.242	3489.594	463	VANILLA
3489.594	3489.907	212	ICE
3489.907	3490.312	112	CREAM
3490.312	3498.641	99999	sp
3498.641	3498.964	366	RICH
3498.964	3499.361	349	PURCHASED
3499.361	3499.868	374	SEVERAL
3499.868	3500.328	382	SIGNED
3500.328	3501.341	245	LITHOGRAPHS
3501.341	3511.13	99999	sp
3511.13	3511.373	24	ANY
3511.373	3512.202	105	CONTRIBUTIONS
3512.202	3512.302	485	WILL
3512.302	3512.483	47	BE
3512.483	3512.842	195	GREATLY
3512.842	3513.751	28	APPRECIATED
3513.751	3522.899	99999	sp
3522.899	3522.996	434	THE
3522.996	3523.511	111	CRANBERRY
3523.511	3523.902	57	BOG
3523.902	3524.244	178	GETS
3524.244	3524.678	465	VERY
3524.678	3525.013	340	PRETTY
3525.013	3525.126	217	IN
3525.126	3525.582	40	AUTUMN
3525.582	3535.121	99999	sp
3535.121	3535.352	210	HOW
3535.352	3535.582	128	DO
3535.582	3535.929	99999	sp
3535.929	3536.395	318	OYSTERS
3536.395	3536.619	253	MAKE
3536.619	3537.052	320	PEARLS
3537.052	3546.326	99999	sp
3546.326	3546.535	257	MAY
3546.535	3546.672	211	I
3546.672	3546.947	304	ORDER
3546.947	3547.126	1	A
3547.126	3547.666	319	PARFAIT
3547.666	3547.952	10	AFTER
3547.952	3548.032	211	I
3548.032	3548.285	134	EAT
3548.285	3548.611	124	DINNER
3548.611	3557.326	99999	sp
3557.326	3557.402	224	IS
3557.402	3557.582	375	SHE
3557.582	3557.851	187	GOING
3557.851	3558.0789999999997	487	WITH
3558.0789999999997	3558.312	495	YOU
3558.312	3564.0	99999	sp
3564.0	3568.089	99999	sp
3568.089	3568.27	76	CAN
3568.27	3568.347	434	THE
3568.347	3568.867	11	AGENCY
3568.867	3569.492	315	OVERTHROW
3569.492	3569.802	13	ALIEN
3569.802	3570.502	162	FORCES
3570.502	3580.174	99999	sp
3580.174	3580.227	1	A
3580.227	3580.904	371	SCREWDRIVER
3580.904	3581.073	224	IS
3581.073	3581.352	252	MADE
3581.352	3581.591	166	FROM
3581.591	3581.978	469	VODKA
3581.978	3582.132	20	AND
3582.132	3582.496	303	ORANGE
3582.496	3582.992	230	JUICE
3582.992	3592.302	99999	sp
3592.302	3592.452	210	HOW
3592.452	3592.675	269	MUCH
3592.675	3593.217	16	ALLOWANCE
3593.217	3593.282	128	DO
3593.282	3593.433	495	YOU
3593.433	3593.852	177	GET
3593.852	3603.381	99999	sp
3603.381	3604.049	115	CYCLICAL
3604.049	3604.683	346	PROGRAMS
3604.683	3604.749	485	WILL
3604.749	3605.153	281	NEVER
3605.153	3605.811	100	COMPILE
3605.811	3615.491	99999	sp
3615.491	3615.605	434	THE
3615.605	3615.972	61	BOSTON
3615.972	3616.346	45	BALLET
3616.346	3616.863	312	OVERCAME
3616.863	3616.981	435	THEIR
3616.981	3617.37	170	FUNDING
3617.37	3618.031	380	SHORTAGE
3618.031	3626.531	99999	sp
3626.531	3626.808	145	EVERY
3626.808	3627.12	74	CAB
3627.12	3627.368	280	NEEDS
3627.368	3627.956	364	REPAINTING
3627.956	3628.572	296	OFTEN
3628.572	3637.746	99999	sp
3637.746	3638.064	203	HELP
3638.064	3638.341	196	GREG
3638.341	3638.458	446	TO
3638.458	3638.617	325	PICK
3638.617	3638.73	1	A
3638.73	3638.907	321	PECK
3638.907	3639.044	294	OF
3639.044	3639.852	338	POTATOES
3639.852	3649.227	99999	sp
3649.227	3649.341	476	WE
3649.341	3649.607	241	LIKE
3649.607	3649.774	55	BLUE
3649.774	3650.184	88	CHEESE
3650.184	3650.371	70	BUT
3650.371	3650.654	466	VICTOR
3650.654	3650.941	242	LIKES
3650.941	3651.039	99999	sp
3651.039	3651.281	64	BRIE
3651.281	3660.191	99999	sp
3660.191	3660.454	108	COUNT
3660.454	3660.541	434	THE
3660.541	3660.861	289	NUMBER
3660.861	3660.98	294	OF
3660.98	3661.497	429	TEASPOONS
3661.497	3661.581	294	OF
3661.581	3662.212	395	SOYSAUCE
3662.212	3662.349	433	THAT
3662.349	3662.507	495	YOU
3662.507	3663.014	7	ADD
3663.014	3672.187	99999	sp
3672.187	3672.802	44	BAGPIPES
3672.802	3672.967	20	AND
3672.967	3673.541	59	BONGOS
3673.541	3673.688	30	ARE
3673.688	3674.139	273	MUSICAL
3674.139	3675.081	220	INSTRUMENTS
3675.081	3685.382	99999	sp
3685.382	3685.689	210	HOW
3685.689	3685.8559999999998	189	GOOD
3685.8559999999998	3686.027	224	IS
3686.027	3686.122	496	YOUR
3686.122	3686.962	138	ENDURANCE
3704.387	3704.475	30	ARE
3704.475	3704.6639999999998	496	YOUR
3704.6639999999998	3704.931	192	GRADES
3704.931	3705.388	206	HIGHER
3705.388	3705.502	302	OR
3705.502	3706.058	251	LOWER
3706.058	3706.151	432	THAN
3706.151	3706.802	275	NANCY'S
3706.802	3714.939	99999	sp
3714.939	3715.232	375	SHE
3715.232	3715.482	490	WORE
3715.482	3715.927	471	WARM
3715.927	3716.431	158	FLEECY
3716.431	3716.772	489	WOOLEN
3716.772	3717.492	311	OVERALLS
3717.492	3726.377	99999	sp
3726.377	3726.7309999999998	354	READING
3726.7309999999998	3726.903	217	IN
3726.903	3727.2	335	POOR
3727.2	3727.58	240	LIGHT
3727.58	3727.791	181	GIVES
3727.791	3727.892	495	YOU
3727.892	3728.672	150	EYESTRAIN
3728.672	3736.834	99999	sp
3736.834	3737.042	142	EVEN
3737.042	3737.227	211	I
3737.227	3737.912	293	OCCASIONALLY
3737.912	3738.142	177	GET
3738.142	3738.202	434	THE
3738.202	3738.609	265	MONDAY
3738.609	3739.172	56	BLUES
3739.172	3747.89	99999	sp
3747.89	3747.982	476	WE
3747.982	3748.096	30	ARE
3748.096	3748.44	301	OPEN
3748.44	3748.753	145	EVERY
3748.753	3749.077	265	MONDAY
3749.077	3749.612	143	EVENING
3749.612	3757.577	99999	sp
3757.577	3757.772	226	IT'S
3757.772	3757.9610000000002	285	NOT
3757.9610000000002	3758.292	133	EASY
3758.292	3758.499	446	TO
3758.499	3758.953	113	CREATE
3758.953	3759.628	215	ILLUMINATING
3759.628	3760.582	146	EXAMPLES
3760.582	3769.286	99999	sp
3769.286	3769.526	270	MUM
3769.526	3770.074	407	STRONGLY
3770.074	3770.526	126	DISLIKES
3770.526	3771.362	27	APPETIZERS
3771.362	3780.147	99999	sp
3780.147	3780.382	443	THOSE
3780.382	3780.48	484	WHO
3780.48	3780.785	427	TEACH
3780.785	3781.453	462	VALUES
3781.453	3781.739	156	FIRST
3781.739	3782.237	4	ABOLISH
3782.237	3782.732	87	CHEATING
3782.732	3791.308	99999	sp
3791.308	3791.372	434	THE
3791.372	3791.933	165	FRIGHTENED
3791.933	3792.365	89	CHILD
3792.365	3792.577	472	WAS
3792.577	3792.8940000000002	176	GENTLY
3792.8940000000002	3793.382	410	SUBDUED
3793.382	3793.492	73	BY
3793.492	3793.721	208	HIS
3793.721	3793.952	52	BIG
3793.952	3794.372	66	BROTHER
3794.372	3807.125	99999	sp
3807.125	3807.337	142	EVEN
3807.337	3807.408	1	A
3807.408	3807.782	383	SIMPLE
3807.782	3808.582	468	VOCABULARY
3808.582	3809.244	104	CONTAINS
3809.244	3810.012	422	SYMBOLS
3810.012	3819.047	99999	sp
3819.047	3819.187	1	A
3819.187	3819.524	110	CRAB
3819.524	3820.049	85	CHALLENGED
3820.049	3820.404	258	ME
3820.404	3820.4809999999998	70	BUT
3820.4809999999998	3820.609	1	A
3820.609	3820.849	350	QUICK
3820.849	3821.387	402	STAB
3821.387	3821.854	464	VANQUISHED
3821.854	3822.091	207	HIM
3822.091	3831.111	99999	sp
3831.111	3831.55	183	GLUCOSE
3831.55	3831.659	20	AND
3831.659	3832.166	167	FRUCTOSE
3832.166	3832.262	30	ARE
3832.262	3832.689	276	NATURAL
3832.689	3833.175	414	SUGARS
3833.175	3833.462	163	FOUND
3833.462	3833.583	217	IN
3833.583	3834.082	168	FRUIT
3834.082	3843.06	99999	sp
3843.06	3843.146	30	ARE
3843.146	3843.233	495	YOU
3843.233	3843.582	250	LOOKING
3843.582	3843.774	161	FOR
3843.774	3844.432	136	EMPLOYMENT
3844.432	3853.137	99999	sp
3853.137	3853.52	98	COFFEE
3853.52	3853.738	224	IS
3853.738	3854.006	198	GROWN
3854.006	3854.151	297	ON
3854.151	3854.594	404	STEEP
3854.594	3854.901	231	JUNGLE
3854.901	3855.107	241	LIKE
3855.107	3855.588	390	SLOPES
3855.588	3855.73	217	IN
3855.73	3856.132	431	TEMPERATE
3856.132	3856.862	497	ZONES
3856.862	3866.945	99999	sp
3866.945	3867.049	476	WE
3867.049	3867.4610000000002	480	WELCOME
3867.4610000000002	3867.785	256	MANY
3867.785	3867.952	282	NEW
3867.952	3868.516	408	STUDENTS
3868.516	3868.583	99999	sp
3868.583	3868.832	132	EACH
3868.832	3869.091	491	YEAR
3869.091	3879.181	99999	sp
3879.181	3879.471	298	ONLY
3879.471	3879.608	434	THE
3879.608	3879.688	99999	sp
3879.688	3879.96	51	BEST
3879.96	3880.023	99999	sp
3880.023	3880.433	330	PLAYERS
3880.433	3880.806	139	ENJOY
3880.806	3881.672	336	POPULARITY
3881.672	3891.082	99999	sp
3891.082	3891.632	75	CALCIUM
3891.632	3891.879	254	MAKES
3891.879	3891.952	99999	sp
3891.952	3892.272	58	BONES
3892.272	3892.434	20	AND
3892.434	3892.712	430	TEETH
3892.712	3893.312	406	STRONG
3893.312	3902.253	99999	sp
3902.253	3902.776	286	NOTHING
3902.776	3902.932	224	IS
3902.932	3903.092	34	AS
3903.092	3903.642	295	OFFENSIVE
3903.642	3903.822	34	AS
3903.822	3904.642	219	INNOCENCE
3904.642	3914.297	99999	sp
3914.297	3914.81	405	STEVE
3914.81	3914.965	490	WORE
3914.965	3915.147	1	A
3915.147	3915.404	65	BRIGHT
3915.404	3915.762	356	RED
3915.762	3916.302	78	CASHMERE
3916.302	3916.781	420	SWEATER
3916.781	3926.197	99999	sp
3926.197	3926.536	46	BARB'S
3926.536	3926.774	188	GOLD
3926.774	3927.206	63	BRACELET
3927.206	3927.367	472	WAS
3927.367	3927.471	1	A
3927.471	3928.118	193	GRADUATION
3928.118	3928.522	339	PRESENT
3928.522	3937.919	99999	sp
3937.919	3938.156	130	DRAW
3938.156	3938.498	145	EVERY
3938.498	3938.827	308	OUTER
3938.827	3939.035	244	LINE
3939.035	3939.634	156	FIRST
3939.634	3939.942	436	THEN
3939.942	3940.178	154	FILL
3940.178	3940.3	217	IN
3940.3	3940.382	434	THE
3940.382	3941.052	222	INTERIOR
3941.052	3951.19	99999	sp
3951.19	3951.276	434	THE
3951.276	3951.63	475	WATER
3951.63	3952.143	103	CONTAINED
3952.143	3952.236	99999	sp
3952.236	3952.335	448	TOO
3952.335	3952.642	269	MUCH
3952.642	3953.104	90	CHLORINE
3953.104	3953.266	20	AND
3953.266	3953.697	409	STUNG
3953.697	3953.865	208	HIS
3953.865	3954.411	149	EYES
3954.411	3964.071	99999	sp
3964.071	3964.4809999999998	229	JOHN'S
3964.4809999999998	3964.682	66	BROTHER
3964.682	3965.244	363	REPAINTED
3965.244	3965.361	434	THE
3965.361	3965.77	173	GARAGE
3965.77	3966.082	129	DOOR
3966.082	3974.649	99999	sp
3974.649	3975.23	84	CHALLENGE
3975.23	3975.518	132	EACH
3975.518	3976.017	175	GENERAL'S
3976.017	3977.041	221	INTELLIGENCE
3977.041	3986.071	99999	sp
3986.071	3986.797	17	AMBIDEXTROUS
3986.797	3986.865	99999	sp
3986.865	3987.556	327	PICKPOCKETS
3987.556	3988.151	6	ACCOMPLISH
3988.151	3988.522	267	MORE
3988.522	3998.917	99999	sp
3998.917	3998.983	1	A
3998.983	3999.5950000000003	271	MUSCULAR
3999.5950000000003	4000.216	2	ABDOMEN
4000.216	4000.352	224	IS
4000.352	4000.448	99999	sp
4000.448	4000.612	189	GOOD
4000.612	4000.781	161	FOR
4000.781	4000.935	496	YOUR
4000.935	4001.432	43	BACK
4001.432	4010.437	99999	sp
4010.437	4010.549	438	THEY
4010.549	4010.7200000000003	317	OWN
4010.7200000000003	4010.9	1	A
4010.9	4011.094	52	BIG
4011.094	4011.549	209	HOUSE
4011.549	4011.635	217	IN
4011.635	4011.702	434	THE
4011.702	4012.054	361	REMOTE
4012.054	4012.862	109	COUNTRYSIDE
4012.862	4021.956	99999	sp
4021.956	4022.059	434	THE
4022.059	4022.341	369	ROSE
4022.341	4022.916	106	CORSAGE
4022.916	4023.172	393	SMELLED
4023.172	4023.781	421	SWEET
4023.781	4032.111	99999	sp
4032.111	4032.338	433	THAT
4032.338	4032.892	326	PICKPOCKET
4032.892	4033.074	472	WAS
4033.074	4033.272	80	CAUGHT
4033.272	4033.573	356	RED
4033.573	4034.091	199	HANDED
4034.091	4043.511	99999	sp
4043.511	4043.618	19	AN
4043.618	4044.004	9	ADULT
4044.004	4044.2219999999998	255	MALE
4044.2219999999998	4044.81	42	BABOON'S
4044.81	4045.062	430	TEETH
4045.062	4045.182	30	ARE
4045.182	4045.467	285	NOT
4045.467	4045.916	415	SUITABLE
4045.916	4046.089	161	FOR
4046.089	4046.442	135	EATING
4046.442	4047.262	376	SHELLFISH
4047.262	4056.817	99999	sp
4056.817	4057.022	204	HER
4057.022	4057.451	470	WARDROBE
4057.451	4057.9719999999998	102	CONSISTS
4057.9719999999998	4058.085	294	OF
4058.085	4058.281	298	ONLY
4058.281	4058.721	385	SKIRTS
4058.721	4058.853	20	AND
4058.853	4059.469	54	BLOUSES
4059.469	4067.623	99999	sp
4067.623	4067.766	434	THE
4067.766	4067.969	453	TWO
4067.969	4068.502	33	ARTISTS
4068.502	4069.272	147	EXCHANGED
4069.272	4070.002	39	AUTOGRAPHS
4070.002	4079.415	99999	sp
4079.415	4079.991	71	BUTTERSCOTCH
4079.991	4080.4120000000003	169	FUDGE
4080.4120000000003	4080.618	186	GOES
4080.618	4080.8450000000003	481	WELL
4080.8450000000003	4081.032	487	WITH
4081.032	4081.432	463	VANILLA
4081.432	4081.724	212	ICE
4081.724	4082.052	112	CREAM
4082.052	4091.393	99999	sp
4091.393	4091.668	366	RICH
4091.668	4091.74	99999	sp
4091.74	4092.152	349	PURCHASED
4092.152	4092.598	374	SEVERAL
4092.598	4093.022	382	SIGNED
4093.022	4093.971	245	LITHOGRAPHS
4093.971	4103.407	99999	sp
4103.407	4103.65	24	ANY
4103.65	4104.417	105	CONTRIBUTIONS
4104.417	4104.514	485	WILL
4104.514	4104.676	47	BE
4104.676	4105.004	195	GREATLY
4105.004	4105.862	28	APPRECIATED
4105.862	4114.599	99999	sp
4114.599	4114.735	434	THE
4114.735	4115.232	111	CRANBERRY
4115.232	4115.644	57	BOG
4115.644	4115.711	99999	sp
4115.711	4116.006	178	GETS
4116.006	4116.358	465	VERY
4116.358	4116.656	340	PRETTY
4116.656	4116.761	217	IN
4116.761	4117.282	40	AUTUMN
4117.282	4126.8150000000005	99999	sp
4126.8150000000005	4127.023	210	HOW
4127.023	4127.142	128	DO
4127.142	4127.674	318	OYSTERS
4127.674	4127.894	253	MAKE
4127.894	4128.4439999999995	320	PEARLS
4128.4439999999995	4136.802	99999	sp
4136.802	4137.054	257	MAY
4137.054	4137.131	211	I
4137.131	4137.381	304	ORDER
4137.381	4137.515	1	A
4137.515	4137.934	319	PARFAIT
4137.934	4138.153	10	AFTER
4138.153	4138.28	211	I
4138.28	4138.467	134	EAT
4138.467	4138.955	124	DINNER
4138.955	4147.219	99999	sp
4147.219	4147.28	224	IS
4147.28	4147.5	375	SHE
4147.5	4147.697	187	GOING
4147.697	4147.916	487	WITH
4147.916	4148.12	495	YOU
4148.12	4155.12	99999	sp
4155.12	4155.258	76	CAN
4155.258	4155.348	434	THE
4155.348	4155.865	11	AGENCY
4155.865	4156.46	315	OVERTHROW
4156.46	4156.76	13	ALIEN
4156.76	4158.0	162	FORCES
4158.0	4165.171	99999	sp
4165.171	4165.272	1	A
4165.272	4165.912	371	SCREWDRIVER
4165.912	4166.111	224	IS
4166.111	4166.401	252	MADE
4166.401	4166.651	166	FROM
4166.651	4166.992	469	VODKA
4166.992	4167.231	20	AND
4167.231	4167.521	303	ORANGE
4167.521	4168.101	230	JUICE
4168.101	4179.902	99999	sp
4179.902	4180.032	210	HOW
4180.032	4180.242	269	MUCH
4180.242	4180.742	16	ALLOWANCE
4180.742	4180.822	128	DO
4180.822	4180.952	495	YOU
4180.952	4181.322	177	GET
4181.322	4189.812	99999	sp
4189.812	4190.481	115	CYCLICAL
4190.481	4191.101	346	PROGRAMS
4191.101	4191.291	485	WILL
4191.291	4191.611	281	NEVER
4191.611	4192.281	100	COMPILE
4192.281	4200.591	99999	sp
4200.591	4200.731	434	THE
4200.731	4201.171	61	BOSTON
4201.171	4201.531	45	BALLET
4201.531	4202.101	312	OVERCAME
4202.101	4202.241	435	THEIR
4202.241	4202.601	170	FUNDING
4202.601	4203.271	380	SHORTAGE
4203.271	4212.031	99999	sp
4212.031	4212.322	145	EVERY
4212.322	4212.361	99999	sp
4212.361	4212.681	74	CAB
4212.681	4212.921	280	NEEDS
4212.921	4213.401	364	REPAINTING
4213.401	4214.011	296	OFTEN
4214.011	4221.551	99999	sp
4221.551	4221.901	203	HELP
4221.901	4222.221	196	GREG
4222.221	4222.331	446	TO
4222.331	4222.552	325	PICK
4222.552	4222.621	1	A
4222.621	4222.891	321	PECK
4222.891	4222.971	294	OF
4222.971	4223.011	99999	sp
4223.011	4223.772	338	POTATOES
4223.772	4231.772	99999	sp
4231.772	4231.891	476	WE
4231.891	4232.102	241	LIKE
4232.102	4232.322	55	BLUE
4232.322	4232.721	88	CHEESE
4232.721	4232.912	70	BUT
4232.912	4233.221	466	VICTOR
4233.221	4233.501	242	LIKES
4233.501	4233.791	64	BRIE
4233.791	4242.501	99999	sp
4242.501	4242.742	108	COUNT
4242.742	4242.802	434	THE
4242.802	4243.041	289	NUMBER
4243.041	4243.132	294	OF
4243.132	4243.822	429	TEASPOONS
4243.822	4244.072	294	OF
4244.072	4244.742	395	SOYSAUCE
4244.742	4244.871	433	THAT
4244.871	4245.041	495	YOU
4245.041	4245.471	7	ADD
4245.471	4256.861	99999	sp
4256.861	4257.561	44	BAGPIPES
4257.561	4257.781	20	AND
4257.781	4258.431	59	BONGOS
4258.431	4258.581	30	ARE
4258.581	4259.001	273	MUSICAL
4259.001	4259.841	220	INSTRUMENTS
4259.841	4268.591	99999	sp
4268.591	4268.841	210	HOW
4268.841	4269.061	189	GOOD
4269.061	4269.181	224	IS
4269.181	4269.311	496	YOUR
4269.311	4270.091	138	ENDURANCE
4270.091	4288.584	99999	sp
4288.584	4288.686	30	ARE
4288.686	4288.872	496	YOUR
4288.872	4289.172	192	GRADES
4289.172	4289.202	99999	sp
4289.202	4289.552	206	HIGHER
4289.552	4289.752	302	OR
4289.752	4290.072	251	LOWER
4290.072	4290.202	432	THAN
4290.202	4290.931	275	NANCY'S
4290.931	4299.892	99999	sp
4299.892	4300.222	375	SHE
4300.222	4300.482	490	WORE
4300.482	4300.912	471	WARM
4300.912	4301.012	99999	sp
4301.012	4301.422	158	FLEECY
4301.422	4301.732	489	WOOLEN
4301.732	4302.492	311	OVERALLS
4302.492	4315.013	99999	sp
4315.013	4315.268	354	READING
4315.268	4315.482	217	IN
4315.482	4315.522	99999	sp
4315.522	4315.681	335	POOR
4315.681	4316.022	240	LIGHT
4316.022	4316.252	181	GIVES
4316.252	4316.322	495	YOU
4316.322	4317.102	150	EYESTRAIN
4317.102	4325.401	99999	sp
4325.401	4325.702	142	EVEN
4325.702	4325.982	211	I
4325.982	4326.622	293	OCCASIONALLY
4326.622	4326.802	177	GET
4326.802	4326.862	434	THE
4326.862	4327.202	265	MONDAY
4327.202	4327.772	56	BLUES
4327.772	4336.662	99999	sp
4336.662	4336.732	476	WE
4336.732	4336.872	30	ARE
4336.872	4337.142	301	OPEN
4337.142	4337.401	145	EVERY
4337.401	4337.692	265	MONDAY
4337.692	4338.132	143	EVENING
4338.132	4346.132	99999	sp
4346.132	4346.352	226	IT'S
4346.352	4346.562	285	NOT
4346.562	4346.892	133	EASY
4346.892	4347.012	446	TO
4347.012	4347.422	113	CREATE
4347.422	4348.052	215	ILLUMINATING
4348.052	4349.072	146	EXAMPLES
4349.072	4358.572	99999	sp
4358.572	4358.802	270	MUM
4358.802	4359.302	407	STRONGLY
4359.302	4359.672	126	DISLIKES
4359.672	4360.522	27	APPETIZERS
4360.522	4369.382	99999	sp
4369.382	4369.632	443	THOSE
4369.632	4369.672	99999	sp
4369.672	4369.762	484	WHO
4369.762	4370.062	427	TEACH
4370.062	4370.472	462	VALUES
4370.472	4370.522	99999	sp
4370.522	4370.862	156	FIRST
4370.862	4371.362	4	ABOLISH
4371.362	4371.862	87	CHEATING
4371.862	4379.912	99999	sp
4379.912	4380.012	434	THE
4380.012	4380.472	165	FRIGHTENED
4380.472	4380.492	99999	sp
4380.492	4380.822	89	CHILD
4380.822	4380.982	472	WAS
4380.982	4381.252	176	GENTLY
4381.252	4381.742	410	SUBDUED
4381.742	4381.892	73	BY
4381.892	4382.052	208	HIS
4382.052	4382.222	52	BIG
4382.222	4382.552	66	BROTHER
4382.552	4399.23	99999	sp
4399.23	4399.4	142	EVEN
4399.4	4399.487	1	A
4399.487	4399.862	383	SIMPLE
4399.862	4400.602	468	VOCABULARY
4400.602	4401.151	104	CONTAINS
4401.151	4401.822	422	SYMBOLS
4401.822	4411.982	99999	sp
4411.982	4412.102	1	A
4412.102	4412.4619999999995	110	CRAB
4412.4619999999995	4412.972	85	CHALLENGED
4412.972	4413.181	258	ME
4413.181	4413.332	70	BUT
4413.332	4413.392	1	A
4413.392	4413.612	350	QUICK
4413.612	4413.632	99999	sp
4413.632	4414.101	402	STAB
4414.101	4414.531	464	VANQUISHED
4414.531	4414.702	207	HIM
4414.702	4423.562	99999	sp
4423.562	4424.072	183	GLUCOSE
4424.072	4424.2119999999995	20	AND
4424.2119999999995	4424.661	167	FRUCTOSE
4424.661	4424.841	30	ARE
4424.841	4425.291	276	NATURAL
4425.291	4425.802	414	SUGARS
4425.802	4425.832	99999	sp
4425.832	4426.161	163	FOUND
4426.161	4426.341	217	IN
4426.341	4426.911	168	FRUIT
4426.911	4435.656	99999	sp
4435.656	4435.739	30	ARE
4435.739	4435.812	495	YOU
4435.812	4436.101	250	LOOKING
4436.101	4436.312	161	FOR
4436.312	4436.882	136	EMPLOYMENT
4436.882	4446.182	99999	sp
4446.182	4446.602	98	COFFEE
4446.602	4446.732	224	IS
4446.732	4446.952	198	GROWN
4446.952	4447.112	297	ON
4447.112	4447.601	404	STEEP
4447.601	4448.062	231	JUNGLE
4448.062	4448.262	241	LIKE
4448.262	4448.742	390	SLOPES
4448.742	4448.882	217	IN
4448.882	4449.291	431	TEMPERATE
4449.291	4449.911	497	ZONES
4449.911	4457.923	99999	sp
4457.923	4458.014	476	WE
4458.014	4458.4220000000005	480	WELCOME
4458.4220000000005	4458.6720000000005	256	MANY
4458.6720000000005	4458.802	282	NEW
4458.802	4459.272	408	STUDENTS
4459.272	4459.492	132	EACH
4459.492	4459.752	491	YEAR
4459.752	4467.6720000000005	99999	sp
4467.6720000000005	4467.971	298	ONLY
4467.971	4468.041	434	THE
4468.041	4468.442	51	BEST
4468.442	4468.822	330	PLAYERS
4468.822	4469.072	139	ENJOY
4469.072	4469.942	336	POPULARITY
4469.942	4478.932	99999	sp
4478.932	4479.531	75	CALCIUM
4479.531	4479.802	254	MAKES
4479.802	4480.182	58	BONES
4480.182	4480.341	20	AND
4480.341	4480.591	430	TEETH
4480.591	4481.262	406	STRONG
4481.262	4483.911	99999	sp
4483.911	4491.215	99999	sp
4491.215	4491.723	286	NOTHING
4491.723	4491.886	224	IS
4491.886	4492.022	34	AS
4492.022	4492.502	295	OFFENSIVE
4492.502	4492.632	34	AS
4492.632	4493.351	219	INNOCENCE
4493.351	4501.312	99999	sp
4501.312	4501.862	405	STEVE
4501.862	4502.041	490	WORE
4502.041	4502.101	1	A
4502.101	4502.471	65	BRIGHT
4502.471	4502.791	356	RED
4502.791	4502.812	99999	sp
4502.812	4503.322	78	CASHMERE
4503.322	4503.802	420	SWEATER
4503.802	4512.101	99999	sp
4512.101	4512.442	46	BARB'S
4512.442	4512.6720000000005	188	GOLD
4512.6720000000005	4513.062	63	BRACELET
4513.062	4513.182	472	WAS
4513.182	4513.252	1	A
4513.252	4513.911	193	GRADUATION
4513.911	4514.471	339	PRESENT
4514.471	4523.847	99999	sp
4523.847	4524.031	130	DRAW
4524.031	4524.362	145	EVERY
4524.362	4524.6720000000005	308	OUTER
4524.6720000000005	4524.851	244	LINE
4524.851	4525.401	156	FIRST
4525.401	4525.682	436	THEN
4525.682	4525.901	154	FILL
4525.901	4525.982	217	IN
4525.982	4526.091	434	THE
4526.091	4526.692	222	INTERIOR
4526.692	4533.862	99999	sp
4533.862	4534.022	434	THE
4534.022	4534.302	475	WATER
4534.302	4534.832	103	CONTAINED
4534.832	4535.041	448	TOO
4535.041	4535.252	269	MUCH
4535.252	4535.651	90	CHLORINE
4535.651	4535.832	20	AND
4535.832	4536.312	409	STUNG
4536.312	4536.4220000000005	208	HIS
4536.4220000000005	4536.892	149	EYES
4536.892	4544.531	99999	sp
4544.531	4544.911	229	JOHN'S
4544.911	4545.161	66	BROTHER
4545.161	4545.872	363	REPAINTED
4545.872	4546.002	434	THE
4546.002	4546.221	173	GARAGE
4546.221	4546.721	129	DOOR
4546.721	4554.432	99999	sp
4554.432	4554.932	84	CHALLENGE
4554.932	4555.242	132	EACH
4555.242	4555.781	175	GENERAL'S
4555.781	4556.702	221	INTELLIGENCE
4556.702	4564.682	99999	sp
4564.682	4565.522	17	AMBIDEXTROUS
4565.522	4565.562	99999	sp
4565.562	4566.151	327	PICKPOCKETS
4566.151	4566.772	6	ACCOMPLISH
4566.772	4567.242	267	MORE
4567.242	4574.721	99999	sp
4574.721	4574.802	1	A
4574.802	4575.262	271	MUSCULAR
4575.262	4575.721	2	ABDOMEN
4575.721	4575.9619999999995	224	IS
4575.9619999999995	4576.161	189	GOOD
4576.161	4576.291	161	FOR
4576.291	4576.442	496	YOUR
4576.442	4576.841	43	BACK
4576.841	4585.772	99999	sp
4585.772	4585.932	438	THEY
4585.932	4586.151	317	OWN
4586.151	4586.182	1	A
4586.182	4586.351	52	BIG
4586.351	4586.692	209	HOUSE
4586.692	4586.762	217	IN
4586.762	4587.192	434	THE
4587.192	4587.582	361	REMOTE
4587.582	4588.322	109	COUNTRYSIDE
4588.322	4597.432	99999	sp
4597.432	4597.522	434	THE
4597.522	4597.781	369	ROSE
4597.781	4598.302	106	CORSAGE
4598.302	4598.622	393	SMELLED
4598.622	4599.041	421	SWEET
4599.041	4607.812	99999	sp
4607.812	4608.122	433	THAT
4608.122	4608.651	326	PICKPOCKET
4608.651	4608.791	472	WAS
4608.791	4609.022	80	CAUGHT
4609.022	4609.302	356	RED
4609.302	4609.812	199	HANDED
4609.812	4618.892	99999	sp
4618.892	4619.007	19	AN
4619.007	4619.351	9	ADULT
4619.351	4619.552	255	MALE
4619.552	4620.161	42	BABOON'S
4620.161	4620.401	430	TEETH
4620.401	4620.541	30	ARE
4620.541	4620.762	285	NOT
4620.762	4621.202	415	SUITABLE
4621.202	4621.351	161	FOR
4621.351	4621.601	135	EATING
4621.601	4622.401	376	SHELLFISH
4622.401	4630.182	99999	sp
4630.182	4630.4220000000005	204	HER
4630.4220000000005	4630.851	470	WARDROBE
4630.851	4631.471	102	CONSISTS
4631.471	4631.752	294	OF
4631.752	4632.041	99999	sp
4632.041	4632.312	298	ONLY
4632.312	4632.7119999999995	385	SKIRTS
4632.7119999999995	4632.812	20	AND
4632.812	4633.492	54	BLOUSES
4633.492	4642.872	99999	sp
4642.872	4642.982	434	THE
4642.982	4643.222	453	TWO
4643.222	4643.772	33	ARTISTS
4643.772	4644.341	147	EXCHANGED
4644.341	4644.382	99999	sp
4644.382	4645.161	88888	PHOTOGRAPHS
4645.161	4652.9619999999995	99999	sp
4652.9619999999995	4653.7119999999995	71	BUTTERSCOTCH
4653.7119999999995	4653.982	169	FUDGE
4653.982	4654.262	186	GOES
4654.262	4654.442	481	WELL
4654.442	4654.572	487	WITH
4654.572	4654.651	99999	sp
4654.651	4654.942	463	VANILLA
4654.942	4655.341	212	ICE
4655.341	4655.692	112	CREAM
4655.692	4662.851	99999	sp
4662.851	4663.161	366	RICH
4663.161	4663.702	349	PURCHASED
4663.702	4664.022	374	SEVERAL
4664.022	4664.392	382	SIGNED
4664.392	4665.291	245	LITHOGRAPHS
4665.291	4674.162	99999	sp
4674.162	4674.442	24	ANY
4674.442	4675.231	105	CONTRIBUTIONS
4675.231	4675.332	485	WILL
4675.332	4675.501	47	BE
4675.501	4675.892	195	GREATLY
4675.892	4676.631	28	APPRECIATED
4676.631	4685.532	99999	sp
4685.532	4685.611	1	A
4685.611	4686.152	111	CRANBERRY
4686.152	4686.491	57	BOG
4686.491	4686.552	99999	sp
4686.552	4686.851	178	GETS
4686.851	4687.231	465	VERY
4687.231	4687.761	340	PRETTY
4687.761	4687.792	99999	sp
4687.792	4687.932	217	IN
4687.932	4688.381	40	AUTUMN
4688.381	4697.582	99999	sp
4697.582	4697.782	210	HOW
4697.782	4697.942	128	DO
4697.942	4698.371	318	OYSTERS
4698.371	4698.572	253	MAKE
4698.572	4699.062	320	PEARLS
4699.062	4708.881	99999	sp
4708.881	4709.182	257	MAY
4709.182	4709.2119999999995	211	I
4709.2119999999995	4709.552	304	ORDER
4709.552	4709.582	1	A
4709.582	4710.082	319	PARFAIT
4710.082	4710.412	10	AFTER
4710.412	4710.511	211	I
4710.511	4710.682	134	EAT
4710.682	4711.042	124	DINNER
4711.042	4720.662	99999	sp
4720.662	4720.802	224	IS
4720.802	4720.952	375	SHE
4720.952	4721.182	187	GOING
4721.182	4721.361	487	WITH
4721.361	4721.572	495	YOU
4721.572	4730.602	99999	sp
4730.602	4730.751	76	CAN
4730.751	4730.892	434	THE
4730.892	4731.4220000000005	11	AGENCY
4731.4220000000005	4731.9220000000005	315	OVERTHROW
4731.9220000000005	4732.261	13	ALIEN
4732.261	4732.861	162	FORCES
4732.861	4741.861	99999	sp
4741.861	4741.932	1	A
4741.932	4742.552	371	SCREWDRIVER
4742.552	4742.761	224	IS
4742.761	4743.091	252	MADE
4743.091	4743.4220000000005	166	FROM
4743.4220000000005	4743.772	469	VODKA
4743.772	4743.991	20	AND
4743.991	4744.322	303	ORANGE
4744.322	4744.822	230	JUICE
4744.822	4752.0	99999	sp
4752.0	4752.401	99999	sp
4752.401	4752.533	210	HOW
4752.533	4752.722	269	MUCH
4752.722	4753.221	16	ALLOWANCE
4753.221	4753.304	128	DO
4753.304	4753.452	495	YOU
4753.452	4753.832	177	GET
4753.832	4762.319	99999	sp
4762.319	4762.916	115	CYCLICAL
4762.916	4763.499	346	PROGRAMS
4763.499	4763.587	485	WILL
4763.587	4763.963	281	NEVER
4763.963	4764.571	100	COMPILE
4764.571	4773.367	99999	sp
4773.367	4773.48	434	THE
4773.48	4773.837	61	BOSTON
4773.837	4774.163	45	BALLET
4774.163	4774.67	312	OVERCAME
4774.67	4774.782	435	THEIR
4774.782	4775.354	170	FUNDING
4775.354	4775.458	99999	sp
4775.458	4776.302	380	SHORTAGE
4776.302	4784.824	99999	sp
4784.824	4785.084	145	EVERY
4785.084	4785.401	74	CAB
4785.401	4785.624	280	NEEDS
4785.624	4786.119	364	REPAINTING
4786.119	4786.651	296	OFTEN
4786.651	4795.31	99999	sp
4795.31	4795.597	203	HELP
4795.597	4795.831	196	GREG
4795.831	4795.961	446	TO
4795.961	4796.104	325	PICK
4796.104	4796.218	1	A
4796.218	4796.401	321	PECK
4796.401	4796.595	294	OF
4796.595	4797.371	338	POTATOES
4797.371	4805.782	99999	sp
4805.782	4805.852	476	WE
4805.852	4806.065	241	LIKE
4806.065	4806.3	99999	sp
4806.3	4806.466	55	BLUE
4806.466	4806.893	88	CHEESE
4806.893	4807.048	70	BUT
4807.048	4807.325	466	VICTOR
4807.325	4807.583	242	LIKES
4807.583	4807.675	99999	sp
4807.675	4807.901	64	BRIE
4807.901	4816.378	99999	sp
4816.378	4816.622	108	COUNT
4816.622	4816.691	434	THE
4816.691	4816.945	289	NUMBER
4816.945	4817.08	294	OF
4817.08	4817.537	429	TEASPOONS
4817.537	4817.621	294	OF
4817.621	4818.23	395	SOYSAUCE
4818.23	4818.399	433	THAT
4818.399	4818.521	495	YOU
4818.521	4819.023	7	ADD
4819.023	4826.989	99999	sp
4826.989	4827.568	44	BAGPIPES
4827.568	4827.741	20	AND
4827.741	4828.173	59	BONGOS
4828.173	4828.269	30	ARE
4828.269	4828.696	273	MUSICAL
4828.696	4829.591	220	INSTRUMENTS
4829.591	4837.702	99999	sp
4837.702	4837.978	210	HOW
4837.978	4838.143	189	GOOD
4838.143	4838.299	224	IS
4838.299	4838.389	496	YOUR
4838.389	4839.201	138	ENDURANCE
