687.187	687.261	30	ARE
687.261	687.538	496	YOUR
687.538	687.841	192	GRADES
687.841	688.191	206	HIGHER
688.191	688.3820000000001	302	OR
688.3820000000001	688.798	251	LOWER
688.798	688.907	432	THAN
688.907	689.621	275	NANCY'S
689.621	700.137	99999	sp
700.137	700.401	375	SHE
700.401	700.662	490	WORE
700.662	701.107	471	WARM
701.107	701.678	158	FLEECY
701.678	702.083	489	WOOLEN
702.083	702.721	311	OVERALLS
702.721	712.44	99999	sp
712.44	712.772	354	READING
712.772	712.932	217	IN
712.932	713.171	335	POOR
713.171	713.615	240	LIGHT
713.615	713.831	181	GIVES
713.831	713.912	495	YOU
713.912	714.6320000000001	150	EYESTRAIN
714.6320000000001	723.8679999999999	99999	sp
723.8679999999999	724.101	142	EVEN
724.101	724.277	211	I
724.277	725.0260000000001	293	OCCASIONALLY
725.0260000000001	725.2570000000001	177	GET
725.2570000000001	725.322	434	THE
725.322	725.672	265	MONDAY
725.672	726.2719999999999	56	BLUES
726.2719999999999	736.057	99999	sp
736.057	736.162	476	WE
736.162	736.388	30	ARE
736.388	736.793	301	OPEN
736.793	737.087	145	EVERY
737.087	737.452	265	MONDAY
737.452	738.042	143	EVENING
738.042	747.818	99999	sp
747.818	748.018	226	IT'S
748.018	748.191	285	NOT
748.191	748.548	133	EASY
748.548	748.6990000000001	446	TO
748.6990000000001	749.1279999999999	113	CREATE
749.1279999999999	749.804	215	ILLUMINATING
749.804	750.552	146	EXAMPLES
750.552	760.251	99999	sp
760.251	760.514	270	MUM
760.514	761.129	407	STRONGLY
761.129	761.542	126	DISLIKES
761.542	762.492	27	APPETIZERS
762.492	773.23	99999	sp
773.23	773.532	443	THOSE
773.532	773.649	484	WHO
773.649	773.877	427	TEACH
773.877	774.442	462	VALUES
774.442	774.802	156	FIRST
774.802	775.441	4	ABOLISH
775.441	775.922	87	CHEATING
775.922	786.3	99999	sp
786.3	786.3720000000001	434	THE
786.3720000000001	786.812	165	FRIGHTENED
786.812	787.202	89	CHILD
787.202	787.392	472	WAS
787.392	787.73	176	GENTLY
787.73	788.39	410	SUBDUED
788.39	788.532	73	BY
788.532	788.761	208	HIS
788.761	788.952	52	BIG
788.952	789.431	66	BROTHER
789.431	800.831	99999	sp
800.831	801.043	142	EVEN
801.043	801.125	1	A
801.125	801.5219999999999	383	SIMPLE
801.5219999999999	802.538	468	VOCABULARY
802.538	803.175	104	CONTAINS
803.175	803.922	422	SYMBOLS
803.922	815.034	99999	sp
815.034	815.185	1	A
815.185	815.525	110	CRAB
815.525	816.063	85	CHALLENGED
816.063	816.67	258	ME
816.67	816.7570000000001	70	BUT
816.7570000000001	816.887	1	A
816.887	817.092	350	QUICK
817.092	817.708	402	STAB
817.708	818.322	464	VANQUISHED
818.322	818.602	207	HIM
818.602	828.559	99999	sp
828.559	829.032	183	GLUCOSE
829.032	829.1659999999999	20	AND
829.1659999999999	829.782	167	FRUCTOSE
829.782	829.862	30	ARE
829.862	830.351	276	NATURAL
830.351	830.842	414	SUGARS
830.842	830.8720000000001	99999	sp
830.8720000000001	831.172	163	FOUND
831.172	831.346	217	IN
831.346	831.842	168	FRUIT
831.842	840.142	99999	sp
840.142	841.995	99999	sp
841.995	842.042	30	ARE
842.042	842.145	495	YOU
842.145	842.492	250	LOOKING
842.492	842.62	161	FOR
842.62	843.412	136	EMPLOYMENT
843.412	853.491	99999	sp
853.491	853.797	98	COFFEE
853.797	854.0029999999999	224	IS
854.0029999999999	854.268	198	GROWN
854.268	854.442	297	ON
854.442	854.927	404	STEEP
854.927	855.302	231	JUNGLE
855.302	855.502	241	LIKE
855.502	855.961	390	SLOPES
855.961	856.143	217	IN
856.143	856.512	431	TEMPERATE
856.512	857.1320000000001	497	ZONES
857.1320000000001	864.604	99999	sp
864.604	864.696	476	WE
864.696	865.072	480	WELCOME
865.072	865.331	256	MANY
865.331	865.482	282	NEW
865.482	865.992	408	STUDENTS
865.992	866.221	132	EACH
866.221	866.512	491	YEAR
866.512	876.506	99999	sp
876.506	876.76	298	ONLY
876.76	876.928	434	THE
876.928	877.246	51	BEST
877.246	877.358	99999	sp
877.358	877.864	330	PLAYERS
877.864	878.221	139	ENJOY
878.221	879.012	336	POPULARITY
879.012	891.002	99999	sp
891.002	891.531	75	CALCIUM
891.531	891.867	254	MAKES
891.867	892.236	58	BONES
892.236	892.394	20	AND
892.394	892.642	430	TEETH
892.642	893.262	406	STRONG
893.262	905.4359999999999	99999	sp
905.4359999999999	905.912	286	NOTHING
905.912	906.0830000000001	224	IS
906.0830000000001	906.231	34	AS
906.231	906.928	295	OFFENSIVE
906.928	907.203	34	AS
907.203	907.992	219	INNOCENCE
907.992	917.476	99999	sp
917.476	917.942	405	STEVE
917.942	918.104	490	WORE
918.104	918.204	1	A
918.204	918.596	65	BRIGHT
918.596	918.8969999999999	356	RED
918.8969999999999	919.471	78	CASHMERE
919.471	919.982	420	SWEATER
919.982	931.062	99999	sp
931.062	931.422	46	BARB'S
931.422	931.648	188	GOLD
931.648	932.072	63	BRACELET
932.072	932.221	472	WAS
932.221	932.328	1	A
932.328	932.9649999999999	193	GRADUATION
932.9649999999999	933.482	339	PRESENT
933.482	943.665	99999	sp
943.665	943.8820000000001	130	DRAW
943.8820000000001	944.222	145	EVERY
944.222	944.512	308	OUTER
944.512	944.752	244	LINE
944.752	945.328	156	FIRST
945.328	945.63	436	THEN
945.63	945.8720000000001	154	FILL
945.8720000000001	946.012	217	IN
946.012	946.1220000000001	434	THE
946.1220000000001	946.762	222	INTERIOR
946.762	956.9010000000001	99999	sp
956.9010000000001	956.992	434	THE
956.992	957.3530000000001	475	WATER
957.3530000000001	957.861	103	CONTAINED
957.861	958.002	448	TOO
958.002	958.172	269	MUCH
958.172	958.26	99999	sp
958.26	958.721	90	CHLORINE
958.721	958.8720000000001	20	AND
958.8720000000001	959.211	409	STUNG
959.211	959.4110000000001	208	HIS
959.4110000000001	959.992	149	EYES
959.992	970.4359999999999	99999	sp
970.4359999999999	970.86	229	JOHN'S
970.86	971.1220000000001	66	BROTHER
971.1220000000001	971.7529999999999	363	REPAINTED
971.7529999999999	971.844	434	THE
971.844	972.335	173	GARAGE
972.335	972.6320000000001	129	DOOR
972.6320000000001	981.8489999999999	99999	sp
981.8489999999999	982.4110000000001	84	CHALLENGE
982.4110000000001	982.671	132	EACH
982.671	983.3109999999999	175	GENERAL'S
983.3109999999999	984.341	221	INTELLIGENCE
984.341	994.438	99999	sp
994.438	995.3910000000001	17	AMBIDEXTROUS
995.3910000000001	996.2429999999999	327	PICKPOCKETS
996.2429999999999	996.851	6	ACCOMPLISH
996.851	996.89	99999	sp
996.89	997.312	267	MORE
997.312	1006.127	99999	sp
1006.127	1006.1700000000001	1	A
1006.1700000000001	1006.756	271	MUSCULAR
1006.756	1007.281	2	ABDOMEN
1007.281	1007.533	224	IS
1007.533	1007.678	189	GOOD
1007.678	1007.8620000000001	161	FOR
1007.8620000000001	1007.999	496	YOUR
1007.999	1009.062	43	BACK
1009.062	1018.447	99999	sp
1018.447	1018.5899999999999	438	THEY
1018.5899999999999	1018.7529999999999	317	OWN
1018.7529999999999	1018.8969999999999	1	A
1018.8969999999999	1019.105	52	BIG
1019.105	1019.586	209	HOUSE
1019.586	1019.6610000000001	217	IN
1019.6610000000001	1019.762	434	THE
1019.762	1020.254	361	REMOTE
1020.254	1020.962	109	COUNTRYSIDE
1020.962	1031.908	99999	sp
1031.908	1031.971	434	THE
1031.971	1032.345	369	ROSE
1032.345	1032.932	106	CORSAGE
1032.932	1033.357	393	SMELLED
1033.357	1034.06	421	SWEET
1034.06	1044.808	99999	sp
1044.808	1045.041	433	THAT
1045.041	1045.67	326	PICKPOCKET
1045.67	1045.929	472	WAS
1045.929	1046.259	80	CAUGHT
1046.259	1046.432	356	RED
1046.432	1047.122	199	HANDED
1047.122	1058.313	99999	sp
1058.313	1058.42	19	AN
1058.42	1058.772	9	ADULT
1058.772	1059.047	255	MALE
1059.047	1059.762	42	BABOON'S
1059.762	1060.117	430	TEETH
1060.117	1060.225	30	ARE
1060.225	1060.401	285	NOT
1060.401	1060.884	415	SUITABLE
1060.884	1061.031	161	FOR
1061.031	1061.362	135	EATING
1061.362	1062.142	376	SHELLFISH
1062.142	1072.239	99999	sp
1072.239	1072.452	204	HER
1072.452	1072.946	470	WARDROBE
1072.946	1073.432	102	CONSISTS
1073.432	1073.492	99999	sp
1073.492	1073.601	294	OF
1073.601	1073.841	298	ONLY
1073.841	1074.281	385	SKIRTS
1074.281	1074.421	20	AND
1074.421	1075.091	54	BLOUSES
1075.091	1084.434	99999	sp
1084.434	1084.539	434	THE
1084.539	1084.71	453	TWO
1084.71	1085.172	33	ARTISTS
1085.172	1086.0819999999999	147	EXCHANGED
1086.0819999999999	1086.4270000000001	99999	sp
1086.4270000000001	1087.221	39	AUTOGRAPHS
1087.221	1096.437	99999	sp
1096.437	1097.062	71	BUTTERSCOTCH
1097.062	1097.601	169	FUDGE
1097.601	1097.907	99999	sp
1097.907	1098.3220000000001	186	GOES
1098.3220000000001	1098.541	481	WELL
1098.541	1098.7440000000001	487	WITH
1098.7440000000001	1099.165	463	VANILLA
1099.165	1099.466	212	ICE
1099.466	1099.772	112	CREAM
1099.772	1107.621	99999	sp
1107.621	1108.202	366	RICH
1108.202	1108.643	99999	sp
1108.643	1109.261	349	PURCHASED
1109.261	1109.922	374	SEVERAL
1109.922	1110.085	99999	sp
1110.085	1110.902	382	SIGNED
1110.902	1110.988	99999	sp
1110.988	1112.022	245	LITHOGRAPHS
1112.022	1122.524	99999	sp
1122.524	1122.739	24	ANY
1122.739	1123.522	105	CONTRIBUTIONS
1123.522	1123.621	485	WILL
1123.621	1123.818	47	BE
1123.818	1124.162	195	GREATLY
1124.162	1124.971	28	APPRECIATED
1124.971	1133.699	99999	sp
1133.699	1133.841	434	THE
1133.841	1134.363	111	CRANBERRY
1134.363	1134.702	57	BOG
1134.702	1134.8310000000001	99999	sp
1134.8310000000001	1135.2269999999999	178	GETS
1135.2269999999999	1135.683	465	VERY
1135.683	1135.971	340	PRETTY
1135.971	1136.0819999999999	217	IN
1136.0819999999999	1136.542	40	AUTUMN
1136.542	1148.425	99999	sp
1148.425	1148.617	210	HOW
1148.617	1148.742	128	DO
1148.742	1149.238	318	OYSTERS
1149.238	1149.454	253	MAKE
1149.454	1149.952	320	PEARLS
1149.952	1159.865	99999	sp
1159.865	1160.067	257	MAY
1160.067	1160.162	211	I
1160.162	1160.4360000000001	304	ORDER
1160.4360000000001	1160.588	1	A
1160.588	1160.962	319	PARFAIT
1160.962	1161.3020000000001	10	AFTER
1161.3020000000001	1161.442	211	I
1161.442	1161.606	134	EAT
1161.606	1161.942	124	DINNER
1161.942	1172.591	99999	sp
1172.591	1172.692	224	IS
1172.692	1172.866	375	SHE
1172.866	1173.1309999999999	187	GOING
1173.1309999999999	1173.3400000000001	487	WITH
1173.3400000000001	1173.5819999999999	495	YOU
1173.5819999999999	1184.312	99999	sp
1184.312	1184.469	76	CAN
1184.469	1184.585	434	THE
1184.585	1185.121	11	AGENCY
1185.121	1185.634	315	OVERTHROW
1185.634	1185.981	13	ALIEN
1185.981	1186.662	162	FORCES
1186.662	1188.0	99999	sp
1188.0	1197.947	99999	sp
1197.947	1197.992	1	A
1197.992	1198.71	371	SCREWDRIVER
1198.71	1198.889	224	IS
1198.889	1199.199	252	MADE
1199.199	1199.447	166	FROM
1199.447	1199.853	469	VODKA
1199.853	1200.002	20	AND
1200.002	1200.381	303	ORANGE
1200.381	1200.912	230	JUICE
1200.912	1209.802	99999	sp
1209.802	1209.952	210	HOW
1209.952	1210.194	269	MUCH
1210.194	1210.743	16	ALLOWANCE
1210.743	1210.812	128	DO
1210.812	1210.958	495	YOU
1210.958	1211.372	177	GET
1211.372	1222.892	99999	sp
1222.892	1223.532	115	CYCLICAL
1223.532	1223.646	99999	sp
1223.646	1224.249	346	PROGRAMS
1224.249	1224.333	485	WILL
1224.333	1224.646	281	NEVER
1224.646	1225.271	100	COMPILE
1225.271	1234.824	99999	sp
1234.824	1234.908	434	THE
1234.908	1235.314	61	BOSTON
1235.314	1235.66	45	BALLET
1235.66	1236.185	312	OVERCAME
1236.185	1236.298	435	THEIR
1236.298	1236.675	170	FUNDING
1236.675	1237.291	380	SHORTAGE
1237.291	1246.587	99999	sp
1246.587	1246.929	145	EVERY
1246.929	1247.331	74	CAB
1247.331	1247.568	280	NEEDS
1247.568	1248.115	364	REPAINTING
1248.115	1248.741	296	OFTEN
1248.741	1259.182	99999	sp
1259.182	1259.437	203	HELP
1259.437	1259.492	99999	sp
1259.492	1259.826	196	GREG
1259.826	1259.893	99999	sp
1259.893	1260.044	446	TO
1260.044	1260.229	325	PICK
1260.229	1260.358	1	A
1260.358	1260.583	321	PECK
1260.583	1260.731	294	OF
1260.731	1260.766	99999	sp
1260.766	1261.591	338	POTATOES
1261.591	1270.29	99999	sp
1270.29	1270.388	476	WE
1270.388	1270.632	241	LIKE
1270.632	1270.826	55	BLUE
1270.826	1271.27	88	CHEESE
1271.27	1271.462	70	BUT
1271.462	1271.775	466	VICTOR
1271.775	1272.102	242	LIKES
1272.102	1272.27	99999	sp
1272.27	1272.657	64	BRIE
1272.657	1282.565	99999	sp
1282.565	1282.808	108	COUNT
1282.808	1282.876	434	THE
1282.876	1283.111	289	NUMBER
1283.111	1283.283	294	OF
1283.283	1283.829	429	TEASPOONS
1283.829	1283.915	294	OF
1283.915	1284.522	395	SOYSAUCE
1284.522	1284.671	433	THAT
1284.671	1284.829	495	YOU
1284.829	1285.314	7	ADD
1285.314	1295.6680000000001	99999	sp
1295.6680000000001	1296.212	88888	BAGPIKES
1296.212	1296.481	20	AND
1296.481	1296.565	99999	sp
1296.565	1297.242	59	BONGOS
1297.242	1297.343	99999	sp
1297.343	1297.949	30	ARE
1297.949	1298.4279999999999	273	MUSICAL
1298.4279999999999	1299.344	220	INSTRUMENTS
1299.344	1308.058	99999	sp
1308.058	1308.348	210	HOW
1308.348	1308.5	189	GOOD
1308.5	1308.66	224	IS
1308.66	1308.839	496	YOUR
1308.839	1309.635	138	ENDURANCE
1309.635	1325.184	99999	{NS}
1928.681	1928.812	30	ARE
1928.812	1929.022	496	YOUR
1929.022	1929.372	192	GRADES
1929.372	1929.782	206	HIGHER
1929.782	1929.952	302	OR
1929.952	1930.272	251	LOWER
1930.272	1930.382	432	THAN
1930.382	1931.132	275	NANCY'S
1931.132	1940.431	99999	sp
1940.431	1940.692	375	SHE
1940.692	1940.901	490	WORE
1940.901	1941.292	471	WARM
1941.292	1941.812	158	FLEECY
1941.812	1942.162	489	WOOLEN
1942.162	1942.852	311	OVERALLS
1942.852	1951.712	99999	sp
1951.712	1952.012	354	READING
1952.012	1952.172	217	IN
1952.172	1952.482	335	POOR
1952.482	1952.681	240	LIGHT
1952.681	1952.992	181	GIVES
1952.992	1953.092	495	YOU
1953.092	1953.842	150	EYESTRAIN
1953.842	1962.992	99999	sp
1962.992	1963.262	142	EVEN
1963.262	1963.512	211	I
1963.512	1964.181	293	OCCASIONALLY
1964.181	1964.352	177	GET
1964.352	1964.431	434	THE
1964.431	1964.742	265	MONDAY
1964.742	1965.342	56	BLUES
1965.342	1974.888	99999	sp
1974.888	1974.972	476	WE
1974.972	1975.042	30	ARE
1975.042	1975.412	301	OPEN
1975.412	1975.452	99999	sp
1975.452	1975.782	145	EVERY
1975.782	1976.002	265	MONDAY
1976.002	1976.542	143	EVENING
1976.542	1985.112	99999	sp
1985.112	1985.382	226	IT'S
1985.382	1985.612	285	NOT
1985.612	1985.931	133	EASY
1985.931	1986.052	446	TO
1986.052	1986.522	113	CREATE
1986.522	1987.151	215	ILLUMINATING
1987.151	1988.032	146	EXAMPLES
1988.032	1997.192	99999	sp
1997.192	1997.431	270	MUM
1997.431	1997.982	407	STRONGLY
1997.982	1998.401	126	DISLIKES
1998.401	1999.392	27	APPETIZERS
1999.392	2009.492	99999	sp
2009.492	2009.782	443	THOSE
2009.782	2009.872	484	WHO
2009.872	2010.181	427	TEACH
2010.181	2010.722	462	VALUES
2010.722	2010.772	99999	sp
2010.772	2011.112	156	FIRST
2011.112	2011.651	4	ABOLISH
2011.651	2012.222	87	CHEATING
2012.222	2020.632	99999	sp
2020.632	2020.732	434	THE
2020.732	2021.272	165	FRIGHTENED
2021.272	2021.292	99999	sp
2021.292	2021.632	89	CHILD
2021.632	2021.8220000000001	472	WAS
2021.8220000000001	2022.122	176	GENTLY
2022.122	2022.592	410	SUBDUED
2022.592	2022.772	73	BY
2022.772	2022.952	208	HIS
2022.952	2023.172	52	BIG
2023.172	2023.651	66	BROTHER
2023.651	2033.982	99999	sp
2033.982	2034.212	142	EVEN
2034.212	2034.272	1	A
2034.272	2034.651	383	SIMPLE
2034.651	2035.362	468	VOCABULARY
2035.362	2036.032	104	CONTAINS
2036.032	2036.802	422	SYMBOLS
2036.802	2047.742	99999	sp
2047.742	2047.841	1	A
2047.841	2048.192	110	CRAB
2048.192	2048.721	85	CHALLENGED
2048.721	2049.012	258	ME
2049.012	2049.302	70	BUT
2049.302	2049.341	1	A
2049.341	2049.512	350	QUICK
2049.512	2049.541	99999	sp
2049.541	2049.942	402	STAB
2049.942	2050.452	464	VANQUISHED
2050.452	2050.482	99999	sp
2050.482	2050.781	207	HIM
2050.781	2059.732	99999	sp
2059.732	2060.221	183	GLUCOSE
2060.221	2060.341	20	AND
2060.341	2060.372	99999	sp
2060.372	2060.851	167	FRUCTOSE
2060.851	2060.932	30	ARE
2060.932	2061.482	276	NATURAL
2061.482	2061.971	414	SUGARS
2061.971	2062.031	99999	sp
2062.031	2062.411	163	FOUND
2062.411	2062.622	217	IN
2062.622	2063.022	168	FRUIT
2063.022	2071.763	99999	sp
2071.763	2071.855	30	ARE
2071.855	2071.952	495	YOU
2071.952	2072.272	250	LOOKING
2072.272	2072.482	161	FOR
2072.482	2073.151	136	EMPLOYMENT
2073.151	2083.757	99999	sp
2083.757	2084.031	98	COFFEE
2084.031	2084.281	224	IS
2084.281	2084.582	198	GROWN
2084.582	2084.781	297	ON
2084.781	2085.272	404	STEEP
2085.272	2085.732	231	JUNGLE
2085.732	2085.932	241	LIKE
2085.932	2086.372	390	SLOPES
2086.372	2086.552	217	IN
2086.552	2086.572	99999	sp
2086.572	2086.901	431	TEMPERATE
2086.901	2087.642	497	ZONES
2087.642	2096.798	99999	sp
2096.798	2096.883	476	WE
2096.883	2097.312	480	WELCOME
2097.312	2097.692	256	MANY
2097.692	2097.752	282	NEW
2097.752	2098.291	408	STUDENTS
2098.291	2098.562	132	EACH
2098.562	2098.862	491	YEAR
2098.862	2108.773	99999	sp
2108.773	2109.072	298	ONLY
2109.072	2109.161	434	THE
2109.161	2109.572	51	BEST
2109.572	2109.622	99999	sp
2109.622	2110.101	330	PLAYERS
2110.101	2110.351	139	ENJOY
2110.351	2111.192	336	POPULARITY
2111.192	2122.786	99999	sp
2122.786	2123.252	75	CALCIUM
2123.252	2123.522	254	MAKES
2123.522	2123.901	58	BONES
2123.901	2124.091	20	AND
2124.091	2124.302	430	TEETH
2124.302	2124.812	406	STRONG
2124.812	2135.229	99999	sp
2135.229	2135.672	286	NOTHING
2135.672	2135.872	224	IS
2135.872	2136.022	34	AS
2136.022	2136.572	295	OFFENSIVE
2136.572	2136.752	34	AS
2136.752	2137.572	219	INNOCENCE
2137.572	2145.762	99999	sp
2145.762	2145.992	375	SHE
2145.992	2146.252	490	WORE
2146.252	2146.281	1	A
2146.281	2146.541	65	BRIGHT
2146.541	2146.872	356	RED
2146.872	2147.502	78	CASHMERE
2147.502	2148.062	420	SWEATER
2148.062	2156.901	99999	sp
2156.901	2157.291	46	BARB'S
2157.291	2157.512	188	GOLD
2157.512	2157.962	63	BRACELET
2157.962	2158.132	472	WAS
2158.132	2158.202	1	A
2158.202	2158.901	193	GRADUATION
2158.901	2159.492	339	PRESENT
2159.492	2168.178	99999	sp
2168.178	2168.379	130	DRAW
2168.379	2168.777	145	EVERY
2168.777	2169.082	308	OUTER
2169.082	2169.332	244	LINE
2169.332	2169.862	156	FIRST
2169.862	2170.007	99999	sp
2170.007	2170.251	436	THEN
2170.251	2170.459	154	FILL
2170.459	2170.575	217	IN
2170.575	2170.707	434	THE
2170.707	2171.312	222	INTERIOR
2171.312	2179.682	99999	sp
2179.682	2179.791	434	THE
2179.791	2180.091	475	WATER
2180.091	2180.672	103	CONTAINED
2180.672	2180.812	448	TOO
2180.812	2181.101	269	MUCH
2181.101	2181.302	88888	CL
2181.302	2181.482	99999	sp
2181.482	2181.572	448	TOO
2181.572	2181.772	99999	sp
2181.772	2182.101	269	MUCH
2182.101	2182.541	90	CHLORINE
2182.541	2182.732	20	AND
2182.732	2183.052	409	STUNG
2183.052	2183.221	208	HIS
2183.221	2183.752	149	EYES
2183.752	2192.351	99999	sp
2192.351	2192.721	229	JOHN'S
2192.721	2193.022	66	BROTHER
2193.022	2193.522	363	REPAINTED
2193.522	2193.661	434	THE
2193.661	2194.082	173	GARAGE
2194.082	2194.401	129	DOOR
2194.401	2202.502	99999	sp
2202.502	2203.052	84	CHALLENGE
2203.052	2203.401	132	EACH
2203.401	2203.462	99999	sp
2203.462	2204.062	175	GENERAL'S
2204.062	2204.942	221	INTELLIGENCE
2204.942	2214.052	99999	sp
2214.052	2214.982	17	AMBIDEXTROUS
2214.982	2215.422	99999	sp
2215.422	2216.101	327	PICKPOCKETS
2216.101	2216.672	6	ACCOMPLISH
2216.672	2217.082	267	MORE
2217.082	2225.062	99999	sp
2225.062	2225.161	1	A
2225.161	2225.798	271	MUSCULAR
2225.798	2226.382	2	ABDOMEN
2226.382	2226.661	224	IS
2226.661	2226.922	189	GOOD
2226.922	2227.062	161	FOR
2227.062	2227.212	496	YOUR
2227.212	2227.712	43	BACK
2227.712	2237.212	99999	sp
2237.212	2237.382	438	THEY
2237.382	2237.572	317	OWN
2237.572	2237.642	1	A
2237.642	2237.851	52	BIG
2237.851	2238.272	209	HOUSE
2238.272	2238.612	217	IN
2238.612	2238.692	434	THE
2238.692	2239.082	361	REMOTE
2239.082	2239.952	109	COUNTRYSIDE
2239.952	2249.651	99999	sp
2249.651	2249.791	434	THE
2249.791	2250.112	369	ROSE
2250.112	2250.672	106	CORSAGE
2250.672	2251.031	393	SMELLED
2251.031	2251.541	421	SWEET
2251.541	2260.691	99999	sp
2260.691	2260.892	434	THE
2260.892	2261.091	99999	sp
2261.091	2261.502	433	THAT
2261.502	2262.291	326	PICKPOCKET
2262.291	2262.452	472	WAS
2262.452	2262.712	80	CAUGHT
2262.712	2262.882	356	RED
2262.882	2263.392	199	HANDED
2263.392	2274.082	99999	sp
2274.082	2274.242	19	AN
2274.242	2274.642	9	ADULT
2274.642	2274.822	255	MALE
2274.822	2275.362	42	BABOON'S
2275.362	2275.672	430	TEETH
2275.672	2275.772	30	ARE
2275.772	2275.942	285	NOT
2275.942	2276.432	415	SUITABLE
2276.432	2276.552	161	FOR
2276.552	2276.872	135	EATING
2276.872	2277.692	376	SHELLFISH
2277.692	2286.142	99999	sp
2286.142	2286.302	204	HER
2286.302	2286.791	470	WARDROBE
2286.791	2287.382	102	CONSISTS
2287.382	2287.482	294	OF
2287.482	2287.872	298	ONLY
2287.872	2288.591	54	BLOUSES
2288.591	2288.651	99999	sp
2288.651	2289.091	385	SKIRTS
2289.091	2289.202	20	AND
2289.202	2289.851	54	BLOUSES
2289.851	2300.221	99999	sp
2300.221	2300.322	434	THE
2300.322	2300.522	453	TWO
2300.522	2301.091	33	ARTISTS
2301.091	2301.851	147	EXCHANGED
2301.851	2302.582	39	AUTOGRAPHS
2302.582	2310.7309999999998	99999	sp
2310.7309999999998	2311.292	71	BUTTERSCOTCH
2311.292	2311.371	99999	sp
2311.371	2311.702	169	FUDGE
2311.702	2311.991	186	GOES
2311.991	2312.202	481	WELL
2312.202	2312.332	487	WITH
2312.332	2312.371	99999	sp
2312.371	2312.642	463	VANILLA
2312.642	2312.9809999999998	212	ICE
2312.9809999999998	2313.361	112	CREAM
2313.361	2321.522	99999	sp
2321.522	2321.922	366	RICH
2321.922	2322.052	99999	sp
2322.052	2322.642	349	PURCHASED
2322.642	2323.062	374	SEVERAL
2323.062	2323.4809999999998	382	SIGNED
2323.4809999999998	2324.542	245	LITHOGRAPHS
2324.542	2333.932	99999	sp
2333.932	2334.202	24	ANY
2334.202	2335.001	105	CONTRIBUTIONS
2335.001	2335.121	485	WILL
2335.121	2335.292	47	BE
2335.292	2335.6620000000003	195	GREATLY
2335.6620000000003	2336.522	28	APPRECIATED
2336.522	2346.341	99999	sp
2346.341	2346.491	434	THE
2346.491	2347.091	111	CRANBERRY
2347.091	2347.501	57	BOG
2347.501	2348.032	178	GETS
2348.032	2348.422	465	VERY
2348.422	2348.721	340	PRETTY
2348.721	2348.851	217	IN
2348.851	2349.341	40	AUTUMN
2349.341	2361.202	99999	sp
2361.202	2361.381	210	HOW
2361.381	2361.572	128	DO
2361.572	2362.001	318	OYSTERS
2362.001	2362.241	253	MAKE
2362.241	2362.802	320	PEARLS
2362.802	2371.841	99999	sp
2371.841	2372.202	257	MAY
2372.202	2372.272	211	I
2372.272	2372.601	304	ORDER
2372.601	2372.702	1	A
2372.702	2373.142	319	PARFAIT
2373.142	2373.471	10	AFTER
2373.471	2373.621	211	I
2373.621	2373.782	134	EAT
2373.782	2374.192	124	DINNER
2374.192	2376.0	99999	sp
2376.0	2384.012	99999	sp
2384.012	2384.093	224	IS
2384.093	2384.32	375	SHE
2384.32	2384.561	187	GOING
2384.561	2384.778	487	WITH
2384.778	2385.011	495	YOU
2385.011	2393.71	99999	sp
2393.71	2393.907	76	CAN
2393.907	2394.02	434	THE
2394.02	2394.6	11	AGENCY
2394.6	2395.183	315	OVERTHROW
2395.183	2395.569	13	ALIEN
2395.569	2396.262	162	FORCES
2396.262	2406.461	99999	sp
2406.461	2406.526	1	A
2406.526	2407.196	371	SCREWDRIVER
2407.196	2407.391	224	IS
2407.391	2407.642	252	MADE
2407.642	2407.919	166	FROM
2407.919	2408.324	469	VODKA
2408.324	2408.481	20	AND
2408.481	2408.871	303	ORANGE
2408.871	2409.373	230	JUICE
2409.373	2418.239	99999	sp
2418.239	2418.351	210	HOW
2418.351	2418.577	269	MUCH
2418.577	2419.107	16	ALLOWANCE
2419.107	2419.2	128	DO
2419.2	2419.394	495	YOU
2419.394	2419.801	177	GET
2419.801	2429.621	99999	sp
2429.621	2430.265	115	CYCLICAL
2430.265	2430.869	346	PROGRAMS
2430.869	2430.955	485	WILL
2430.955	2431.303	281	NEVER
2431.303	2431.971	100	COMPILE
2431.971	2441.366	99999	sp
2441.366	2441.491	434	THE
2441.491	2441.866	61	BOSTON
2441.866	2442.201	45	BALLET
2442.201	2442.696	312	OVERCAME
2442.696	2442.813	435	THEIR
2442.813	2443.181	170	FUNDING
2443.181	2443.874	380	SHORTAGE
2443.874	2452.689	99999	sp
2452.689	2452.984	145	EVERY
2452.984	2453.294	74	CAB
2453.294	2453.516	280	NEEDS
2453.516	2454.023	364	REPAINTING
2454.023	2454.621	296	OFTEN
2454.621	2463.826	99999	sp
2463.826	2464.105	203	HELP
2464.105	2464.4	196	GREG
2464.4	2464.559	446	TO
2464.559	2464.729	325	PICK
2464.729	2464.84	1	A
2464.84	2465.061	321	PECK
2465.061	2465.181	294	OF
2465.181	2465.238	99999	sp
2465.238	2466.035	338	POTATOES
2466.035	2474.582	99999	sp
2474.582	2474.676	476	WE
2474.676	2474.921	241	LIKE
2474.921	2475.091	55	BLUE
2475.091	2475.567	88	CHEESE
2475.567	2475.738	70	BUT
2475.738	2476.061	466	VICTOR
2476.061	2476.391	242	LIKES
2476.391	2476.457	99999	sp
2476.457	2476.742	64	BRIE
2476.742	2486.318	99999	sp
2486.318	2486.615	108	COUNT
2486.615	2486.691	434	THE
2486.691	2486.941	289	NUMBER
2486.941	2487.086	294	OF
2487.086	2487.681	429	TEASPOONS
2487.681	2487.768	294	OF
2487.768	2488.478	395	SOYSAUCE
2488.478	2488.581	433	THAT
2488.581	2488.818	495	YOU
2488.818	2489.272	7	ADD
2489.272	2499.942	99999	sp
2499.942	2500.671	44	BAGPIPES
2500.671	2500.88	20	AND
2500.88	2501.462	59	BONGOS
2501.462	2501.561	30	ARE
2501.561	2502.039	273	MUSICAL
2502.039	2502.921	220	INSTRUMENTS
2502.921	2512.334	99999	sp
2512.334	2512.63	210	HOW
2512.63	2512.814	189	GOOD
2512.814	2512.975	224	IS
2512.975	2513.072	496	YOUR
2513.072	2513.882	138	ENDURANCE
2513.882	2523.892	99999	sp
2523.892	2526.832	99999	sp
3100.022	3112.411	99999	sp
3112.411	3112.482	30	ARE
3112.482	3112.621	496	YOUR
3112.621	3113.002	192	GRADES
3113.002	3113.459	206	HIGHER
3113.459	3113.57	302	OR
3113.57	3113.976	251	LOWER
3113.976	3114.082	432	THAN
3114.082	3114.822	275	NANCY'S
3114.822	3123.162	99999	sp
3123.162	3123.401	375	SHE
3123.401	3123.632	490	WORE
3123.632	3124.02	471	WARM
3124.02	3124.542	158	FLEECY
3124.542	3124.892	489	WOOLEN
3124.892	3125.542	311	OVERALLS
3125.542	3134.526	99999	sp
3134.526	3134.822	354	READING
3134.822	3134.997	217	IN
3134.997	3135.25	335	POOR
3135.25	3135.618	240	LIGHT
3135.618	3135.853	181	GIVES
3135.853	3135.998	495	YOU
3135.998	3136.712	150	EYESTRAIN
3136.712	3146.026	99999	sp
3146.026	3146.302	142	EVEN
3146.302	3146.535	211	I
3146.535	3147.2110000000002	293	OCCASIONALLY
3147.2110000000002	3147.427	177	GET
3147.427	3147.472	434	THE
3147.472	3147.806	265	MONDAY
3147.806	3148.422	56	BLUES
3148.422	3157.354	99999	sp
3157.354	3157.462	476	WE
3157.462	3157.567	30	ARE
3157.567	3157.94	301	OPEN
3157.94	3158.214	145	EVERY
3158.214	3158.564	265	MONDAY
3158.564	3159.062	143	EVENING
3159.062	3167.845	99999	sp
3167.845	3168.036	226	IT'S
3168.036	3168.181	285	NOT
3168.181	3168.564	133	EASY
3168.564	3168.739	446	TO
3168.739	3169.122	113	CREATE
3169.122	3169.842	215	ILLUMINATING
3169.842	3170.762	146	EXAMPLES
3170.762	3179.634	99999	sp
3179.634	3179.874	270	MUM
3179.874	3180.386	407	STRONGLY
3180.386	3180.845	126	DISLIKES
3180.845	3181.782	27	APPETIZERS
3181.782	3191.042	99999	sp
3191.042	3191.265	443	THOSE
3191.265	3191.374	484	WHO
3191.374	3191.639	427	TEACH
3191.639	3192.182	462	VALUES
3192.182	3192.492	156	FIRST
3192.492	3192.973	4	ABOLISH
3192.973	3193.502	87	CHEATING
3193.502	3202.2	99999	sp
3202.2	3202.272	434	THE
3202.272	3202.802	165	FRIGHTENED
3202.802	3203.192	89	CHILD
3203.192	3203.442	472	WAS
3203.442	3203.762	176	GENTLY
3203.762	3204.292	410	SUBDUED
3204.292	3204.433	73	BY
3204.433	3204.685	208	HIS
3204.685	3204.934	52	BIG
3204.934	3205.392	66	BROTHER
3205.392	3215.302	99999	sp
3215.302	3215.512	142	EVEN
3215.512	3215.572	1	A
3215.572	3215.945	383	SIMPLE
3215.945	3216.795	468	VOCABULARY
3216.795	3217.382	104	CONTAINS
3217.382	3218.112	422	SYMBOLS
3218.112	3227.904	99999	sp
3227.904	3228.064	1	A
3228.064	3228.372	110	CRAB
3228.372	3228.962	85	CHALLENGED
3228.962	3229.31	258	ME
3229.31	3229.411	70	BUT
3229.411	3229.527	1	A
3229.527	3229.772	350	QUICK
3229.772	3230.233	402	STAB
3230.233	3230.702	464	VANQUISHED
3230.702	3231.002	207	HIM
3231.002	3240.196	99999	sp
3240.196	3240.623	183	GLUCOSE
3240.623	3240.737	20	AND
3240.737	3241.272	167	FRUCTOSE
3241.272	3241.366	30	ARE
3241.366	3241.786	276	NATURAL
3241.786	3242.272	414	SUGARS
3242.272	3242.312	99999	sp
3242.312	3242.622	163	FOUND
3242.622	3242.79	217	IN
3242.79	3243.281	168	FRUIT
3243.281	3252.265	99999	sp
3252.265	3252.382	30	ARE
3252.382	3252.443	495	YOU
3252.443	3252.812	250	LOOKING
3252.812	3252.964	161	FOR
3252.964	3253.512	136	EMPLOYMENT
3253.512	3263.668	99999	sp
3263.668	3264.069	98	COFFEE
3264.069	3264.301	224	IS
3264.301	3264.572	198	GROWN
3264.572	3264.764	297	ON
3264.764	3265.242	404	STEEP
3265.242	3265.661	231	JUNGLE
3265.661	3265.862	241	LIKE
3265.862	3266.32	390	SLOPES
3266.32	3266.5190000000002	217	IN
3266.5190000000002	3266.971	431	TEMPERATE
3266.971	3267.642	497	ZONES
3267.642	3275.221	99999	sp
3275.221	3276.976	99999	sp
3276.976	3277.1059999999998	476	WE
3277.1059999999998	3277.494	480	WELCOME
3277.494	3277.802	256	MANY
3277.802	3277.942	282	NEW
3277.942	3278.493	408	STUDENTS
3278.493	3278.747	132	EACH
3278.747	3279.062	491	YEAR
3279.062	3288.306	99999	sp
3288.306	3288.569	298	ONLY
3288.569	3288.718	434	THE
3288.718	3288.942	51	BEST
3288.942	3289.049	99999	sp
3289.049	3289.498	330	PLAYERS
3289.498	3289.876	139	ENJOY
3289.876	3290.732	336	POPULARITY
3290.732	3301.3559999999998	99999	sp
3301.3559999999998	3301.7889999999998	75	CALCIUM
3301.7889999999998	3302.127	254	MAKES
3302.127	3302.452	58	BONES
3302.452	3303.058	406	STRONG
3303.058	3303.268	20	AND
3303.268	3303.512	430	TEETH
3303.512	3304.062	406	STRONG
3304.062	3314.759	99999	sp
3314.759	3315.101	286	NOTHING
3315.101	3315.242	224	IS
3315.242	3315.382	34	AS
3315.382	3315.962	295	OFFENSIVE
3315.962	3316.132	34	AS
3316.132	3317.012	219	INNOCENCE
3317.012	3325.365	99999	sp
3325.365	3325.882	405	STEVE
3325.882	3326.101	490	WORE
3326.101	3326.142	1	A
3326.142	3326.462	65	BRIGHT
3326.462	3326.794	356	RED
3326.794	3327.331	78	CASHMERE
3327.331	3327.971	420	SWEATER
3327.971	3337.357	99999	sp
3337.357	3337.669	46	BARB'S
3337.669	3337.91	188	GOLD
3337.91	3338.335	63	BRACELET
3338.335	3338.522	472	WAS
3338.522	3338.638	1	A
3338.638	3339.33	193	GRADUATION
3339.33	3339.862	339	PRESENT
3339.862	3348.786	99999	sp
3348.786	3348.997	130	DRAW
3348.997	3349.335	145	EVERY
3349.335	3349.666	308	OUTER
3349.666	3349.902	244	LINE
3349.902	3350.585	156	FIRST
3350.585	3350.761	436	THEN
3350.761	3351.002	154	FILL
3351.002	3351.112	217	IN
3351.112	3351.221	434	THE
3351.221	3351.911	222	INTERIOR
3351.911	3360.35	99999	sp
3360.35	3360.432	434	THE
3360.432	3360.787	475	WATER
3360.787	3361.37	103	CONTAINED
3361.37	3361.46	448	TOO
3361.46	3361.692	269	MUCH
3361.692	3361.792	99999	sp
3361.792	3362.261	90	CHLORINE
3362.261	3362.4049999999997	20	AND
3362.4049999999997	3362.802	409	STUNG
3362.802	3362.982	208	HIS
3362.982	3363.411	149	EYES
3363.411	3372.777	99999	sp
3372.777	3373.174	229	JOHN'S
3373.174	3373.442	66	BROTHER
3373.442	3373.997	363	REPAINTED
3373.997	3374.089	434	THE
3374.089	3374.541	173	GARAGE
3374.541	3374.872	129	DOOR
3374.872	3383.016	99999	sp
3383.016	3383.551	84	CHALLENGE
3383.551	3383.855	132	EACH
3383.855	3384.372	175	GENERAL'S
3384.372	3385.281	221	INTELLIGENCE
3385.281	3394.224	99999	sp
3394.224	3395.101	17	AMBIDEXTROUS
3395.101	3395.185	99999	sp
3395.185	3395.901	327	PICKPOCKETS
3395.901	3396.502	6	ACCOMPLISH
3396.502	3396.992	267	MORE
3396.992	3406.098	99999	sp
3406.098	3406.132	1	A
3406.132	3406.69	271	MUSCULAR
3406.69	3407.2690000000002	2	ABDOMEN
3407.2690000000002	3407.517	224	IS
3407.517	3407.668	189	GOOD
3407.668	3407.841	161	FOR
3407.841	3408.058	496	YOUR
3408.058	3408.591	43	BACK
3408.591	3418.421	99999	sp
3418.421	3418.541	438	THEY
3418.541	3418.694	317	OWN
3418.694	3418.8469999999998	1	A
3418.8469999999998	3419.04	52	BIG
3419.04	3419.498	209	HOUSE
3419.498	3419.642	217	IN
3419.642	3419.712	434	THE
3419.712	3420.196	361	REMOTE
3420.196	3420.986	109	COUNTRYSIDE
3420.986	3431.162	99999	sp
3431.162	3431.216	434	THE
3431.216	3431.579	369	ROSE
3431.579	3432.122	106	CORSAGE
3432.122	3432.482	393	SMELLED
3432.482	3432.946	421	SWEET
3432.946	3442.358	99999	sp
3442.358	3442.611	433	THAT
3442.611	3443.142	326	PICKPOCKET
3443.142	3443.327	472	WAS
3443.327	3443.522	80	CAUGHT
3443.522	3443.762	356	RED
3443.762	3444.312	199	HANDED
3444.312	3451.892	99999	sp
3451.892	3453.783	99999	sp
3453.783	3453.883	19	AN
3453.883	3454.295	9	ADULT
3454.295	3454.518	255	MALE
3454.518	3455.172	42	BABOON'S
3455.172	3455.4719999999998	430	TEETH
3455.4719999999998	3455.602	30	ARE
3455.602	3455.872	285	NOT
3455.872	3456.316	415	SUITABLE
3456.316	3456.482	161	FOR
3456.482	3456.802	135	EATING
3456.802	3457.612	376	SHELLFISH
3457.612	3465.983	99999	sp
3465.983	3466.166	204	HER
3466.166	3466.622	470	WARDROBE
3466.622	3467.172	102	CONSISTS
3467.172	3467.274	294	OF
3467.274	3467.488	298	ONLY
3467.488	3467.9700000000003	385	SKIRTS
3467.9700000000003	3468.129	20	AND
3468.129	3468.851	54	BLOUSES
3468.851	3477.315	99999	sp
3477.315	3477.436	434	THE
3477.436	3477.594	453	TWO
3477.594	3478.169	33	ARTISTS
3478.169	3478.817	147	EXCHANGED
3478.817	3479.682	88888	PHOTOGRAPHS
3479.682	3487.542	99999	sp
3487.542	3488.121	71	BUTTERSCOTCH
3488.121	3488.5280000000002	169	FUDGE
3488.5280000000002	3488.772	186	GOES
3488.772	3488.999	481	WELL
3488.999	3489.242	487	WITH
3489.242	3489.594	463	VANILLA
3489.594	3489.907	212	ICE
3489.907	3490.312	112	CREAM
3490.312	3498.641	99999	sp
3498.641	3498.964	366	RICH
3498.964	3499.361	349	PURCHASED
3499.361	3499.868	374	SEVERAL
3499.868	3500.328	382	SIGNED
3500.328	3501.341	245	LITHOGRAPHS
3501.341	3511.13	99999	sp
3511.13	3511.373	24	ANY
3511.373	3512.202	105	CONTRIBUTIONS
3512.202	3512.302	485	WILL
3512.302	3512.483	47	BE
3512.483	3512.842	195	GREATLY
3512.842	3513.751	28	APPRECIATED
3513.751	3522.899	99999	sp
3522.899	3522.996	434	THE
3522.996	3523.511	111	CRANBERRY
3523.511	3523.902	57	BOG
3523.902	3524.244	178	GETS
3524.244	3524.678	465	VERY
3524.678	3525.013	340	PRETTY
3525.013	3525.126	217	IN
3525.126	3525.582	40	AUTUMN
3525.582	3535.121	99999	sp
3535.121	3535.352	210	HOW
3535.352	3535.582	128	DO
3535.582	3535.929	99999	sp
3535.929	3536.395	318	OYSTERS
3536.395	3536.619	253	MAKE
3536.619	3537.052	320	PEARLS
3537.052	3546.326	99999	sp
3546.326	3546.535	257	MAY
3546.535	3546.672	211	I
3546.672	3546.947	304	ORDER
3546.947	3547.126	1	A
3547.126	3547.666	319	PARFAIT
3547.666	3547.952	10	AFTER
3547.952	3548.032	211	I
3548.032	3548.285	134	EAT
3548.285	3548.611	124	DINNER
3548.611	3557.326	99999	sp
3557.326	3557.402	224	IS
3557.402	3557.582	375	SHE
3557.582	3557.851	187	GOING
3557.851	3558.0789999999997	487	WITH
3558.0789999999997	3558.312	495	YOU
3558.312	3564.0	99999	sp
3564.0	3568.089	99999	sp
3568.089	3568.27	76	CAN
3568.27	3568.347	434	THE
3568.347	3568.867	11	AGENCY
3568.867	3569.492	315	OVERTHROW
3569.492	3569.802	13	ALIEN
3569.802	3570.502	162	FORCES
3570.502	3580.174	99999	sp
3580.174	3580.227	1	A
3580.227	3580.904	371	SCREWDRIVER
3580.904	3581.073	224	IS
3581.073	3581.352	252	MADE
3581.352	3581.591	166	FROM
3581.591	3581.978	469	VODKA
3581.978	3582.132	20	AND
3582.132	3582.496	303	ORANGE
3582.496	3582.992	230	JUICE
3582.992	3592.302	99999	sp
3592.302	3592.452	210	HOW
3592.452	3592.675	269	MUCH
3592.675	3593.217	16	ALLOWANCE
3593.217	3593.282	128	DO
3593.282	3593.433	495	YOU
3593.433	3593.852	177	GET
3593.852	3603.381	99999	sp
3603.381	3604.049	115	CYCLICAL
3604.049	3604.683	346	PROGRAMS
3604.683	3604.749	485	WILL
3604.749	3605.153	281	NEVER
3605.153	3605.811	100	COMPILE
3605.811	3615.491	99999	sp
3615.491	3615.605	434	THE
3615.605	3615.972	61	BOSTON
3615.972	3616.346	45	BALLET
3616.346	3616.863	312	OVERCAME
3616.863	3616.981	435	THEIR
3616.981	3617.37	170	FUNDING
3617.37	3618.031	380	SHORTAGE
3618.031	3626.531	99999	sp
3626.531	3626.808	145	EVERY
3626.808	3627.12	74	CAB
3627.12	3627.368	280	NEEDS
3627.368	3627.956	364	REPAINTING
3627.956	3628.572	296	OFTEN
3628.572	3637.746	99999	sp
3637.746	3638.064	203	HELP
3638.064	3638.341	196	GREG
3638.341	3638.458	446	TO
3638.458	3638.617	325	PICK
3638.617	3638.73	1	A
3638.73	3638.907	321	PECK
3638.907	3639.044	294	OF
3639.044	3639.852	338	POTATOES
3639.852	3649.227	99999	sp
3649.227	3649.341	476	WE
3649.341	3649.607	241	LIKE
3649.607	3649.774	55	BLUE
3649.774	3650.184	88	CHEESE
3650.184	3650.371	70	BUT
3650.371	3650.654	466	VICTOR
3650.654	3650.941	242	LIKES
3650.941	3651.039	99999	sp
3651.039	3651.281	64	BRIE
3651.281	3660.191	99999	sp
3660.191	3660.454	108	COUNT
3660.454	3660.541	434	THE
3660.541	3660.861	289	NUMBER
3660.861	3660.98	294	OF
3660.98	3661.497	429	TEASPOONS
3661.497	3661.581	294	OF
3661.581	3662.212	395	SOYSAUCE
3662.212	3662.349	433	THAT
3662.349	3662.507	495	YOU
3662.507	3663.014	7	ADD
3663.014	3672.187	99999	sp
3672.187	3672.802	44	BAGPIPES
3672.802	3672.967	20	AND
3672.967	3673.541	59	BONGOS
3673.541	3673.688	30	ARE
3673.688	3674.139	273	MUSICAL
3674.139	3675.081	220	INSTRUMENTS
3675.081	3685.382	99999	sp
3685.382	3685.689	210	HOW
3685.689	3685.8559999999998	189	GOOD
3685.8559999999998	3686.027	224	IS
3686.027	3686.122	496	YOUR
3686.122	3686.962	138	ENDURANCE
4270.091	4288.584	99999	sp
4288.584	4288.686	30	ARE
4288.686	4288.872	496	YOUR
4288.872	4289.172	192	GRADES
4289.172	4289.202	99999	sp
4289.202	4289.552	206	HIGHER
4289.552	4289.752	302	OR
4289.752	4290.072	251	LOWER
4290.072	4290.202	432	THAN
4290.202	4290.931	275	NANCY'S
4290.931	4299.892	99999	sp
4299.892	4300.222	375	SHE
4300.222	4300.482	490	WORE
4300.482	4300.912	471	WARM
4300.912	4301.012	99999	sp
4301.012	4301.422	158	FLEECY
4301.422	4301.732	489	WOOLEN
4301.732	4302.492	311	OVERALLS
4302.492	4315.013	99999	sp
4315.013	4315.268	354	READING
4315.268	4315.482	217	IN
4315.482	4315.522	99999	sp
4315.522	4315.681	335	POOR
4315.681	4316.022	240	LIGHT
4316.022	4316.252	181	GIVES
4316.252	4316.322	495	YOU
4316.322	4317.102	150	EYESTRAIN
4317.102	4325.401	99999	sp
4325.401	4325.702	142	EVEN
4325.702	4325.982	211	I
4325.982	4326.622	293	OCCASIONALLY
4326.622	4326.802	177	GET
4326.802	4326.862	434	THE
4326.862	4327.202	265	MONDAY
4327.202	4327.772	56	BLUES
4327.772	4336.662	99999	sp
4336.662	4336.732	476	WE
4336.732	4336.872	30	ARE
4336.872	4337.142	301	OPEN
4337.142	4337.401	145	EVERY
4337.401	4337.692	265	MONDAY
4337.692	4338.132	143	EVENING
4338.132	4346.132	99999	sp
4346.132	4346.352	226	IT'S
4346.352	4346.562	285	NOT
4346.562	4346.892	133	EASY
4346.892	4347.012	446	TO
4347.012	4347.422	113	CREATE
4347.422	4348.052	215	ILLUMINATING
4348.052	4349.072	146	EXAMPLES
4349.072	4358.572	99999	sp
4358.572	4358.802	270	MUM
4358.802	4359.302	407	STRONGLY
4359.302	4359.672	126	DISLIKES
4359.672	4360.522	27	APPETIZERS
4360.522	4369.382	99999	sp
4369.382	4369.632	443	THOSE
4369.632	4369.672	99999	sp
4369.672	4369.762	484	WHO
4369.762	4370.062	427	TEACH
4370.062	4370.472	462	VALUES
4370.472	4370.522	99999	sp
4370.522	4370.862	156	FIRST
4370.862	4371.362	4	ABOLISH
4371.362	4371.862	87	CHEATING
4371.862	4379.912	99999	sp
4379.912	4380.012	434	THE
4380.012	4380.472	165	FRIGHTENED
4380.472	4380.492	99999	sp
4380.492	4380.822	89	CHILD
4380.822	4380.982	472	WAS
4380.982	4381.252	176	GENTLY
4381.252	4381.742	410	SUBDUED
4381.742	4381.892	73	BY
4381.892	4382.052	208	HIS
4382.052	4382.222	52	BIG
4382.222	4382.552	66	BROTHER
4382.552	4399.23	99999	sp
4399.23	4399.4	142	EVEN
4399.4	4399.487	1	A
4399.487	4399.862	383	SIMPLE
4399.862	4400.602	468	VOCABULARY
4400.602	4401.151	104	CONTAINS
4401.151	4401.822	422	SYMBOLS
4401.822	4411.982	99999	sp
4411.982	4412.102	1	A
4412.102	4412.4619999999995	110	CRAB
4412.4619999999995	4412.972	85	CHALLENGED
4412.972	4413.181	258	ME
4413.181	4413.332	70	BUT
4413.332	4413.392	1	A
4413.392	4413.612	350	QUICK
4413.612	4413.632	99999	sp
4413.632	4414.101	402	STAB
4414.101	4414.531	464	VANQUISHED
4414.531	4414.702	207	HIM
4414.702	4423.562	99999	sp
4423.562	4424.072	183	GLUCOSE
4424.072	4424.2119999999995	20	AND
4424.2119999999995	4424.661	167	FRUCTOSE
4424.661	4424.841	30	ARE
4424.841	4425.291	276	NATURAL
4425.291	4425.802	414	SUGARS
4425.802	4425.832	99999	sp
4425.832	4426.161	163	FOUND
4426.161	4426.341	217	IN
4426.341	4426.911	168	FRUIT
4426.911	4435.656	99999	sp
4435.656	4435.739	30	ARE
4435.739	4435.812	495	YOU
4435.812	4436.101	250	LOOKING
4436.101	4436.312	161	FOR
4436.312	4436.882	136	EMPLOYMENT
4436.882	4446.182	99999	sp
4446.182	4446.602	98	COFFEE
4446.602	4446.732	224	IS
4446.732	4446.952	198	GROWN
4446.952	4447.112	297	ON
4447.112	4447.601	404	STEEP
4447.601	4448.062	231	JUNGLE
4448.062	4448.262	241	LIKE
4448.262	4448.742	390	SLOPES
4448.742	4448.882	217	IN
4448.882	4449.291	431	TEMPERATE
4449.291	4449.911	497	ZONES
4449.911	4457.923	99999	sp
4457.923	4458.014	476	WE
4458.014	4458.4220000000005	480	WELCOME
4458.4220000000005	4458.6720000000005	256	MANY
4458.6720000000005	4458.802	282	NEW
4458.802	4459.272	408	STUDENTS
4459.272	4459.492	132	EACH
4459.492	4459.752	491	YEAR
4459.752	4467.6720000000005	99999	sp
4467.6720000000005	4467.971	298	ONLY
4467.971	4468.041	434	THE
4468.041	4468.442	51	BEST
4468.442	4468.822	330	PLAYERS
4468.822	4469.072	139	ENJOY
4469.072	4469.942	336	POPULARITY
4469.942	4478.932	99999	sp
4478.932	4479.531	75	CALCIUM
4479.531	4479.802	254	MAKES
4479.802	4480.182	58	BONES
4480.182	4480.341	20	AND
4480.341	4480.591	430	TEETH
4480.591	4481.262	406	STRONG
4481.262	4483.911	99999	sp
4483.911	4491.215	99999	sp
4491.215	4491.723	286	NOTHING
4491.723	4491.886	224	IS
4491.886	4492.022	34	AS
4492.022	4492.502	295	OFFENSIVE
4492.502	4492.632	34	AS
4492.632	4493.351	219	INNOCENCE
4493.351	4501.312	99999	sp
4501.312	4501.862	405	STEVE
4501.862	4502.041	490	WORE
4502.041	4502.101	1	A
4502.101	4502.471	65	BRIGHT
4502.471	4502.791	356	RED
4502.791	4502.812	99999	sp
4502.812	4503.322	78	CASHMERE
4503.322	4503.802	420	SWEATER
4503.802	4512.101	99999	sp
4512.101	4512.442	46	BARB'S
4512.442	4512.6720000000005	188	GOLD
4512.6720000000005	4513.062	63	BRACELET
4513.062	4513.182	472	WAS
4513.182	4513.252	1	A
4513.252	4513.911	193	GRADUATION
4513.911	4514.471	339	PRESENT
4514.471	4523.847	99999	sp
4523.847	4524.031	130	DRAW
4524.031	4524.362	145	EVERY
4524.362	4524.6720000000005	308	OUTER
4524.6720000000005	4524.851	244	LINE
4524.851	4525.401	156	FIRST
4525.401	4525.682	436	THEN
4525.682	4525.901	154	FILL
4525.901	4525.982	217	IN
4525.982	4526.091	434	THE
4526.091	4526.692	222	INTERIOR
4526.692	4533.862	99999	sp
4533.862	4534.022	434	THE
4534.022	4534.302	475	WATER
4534.302	4534.832	103	CONTAINED
4534.832	4535.041	448	TOO
4535.041	4535.252	269	MUCH
4535.252	4535.651	90	CHLORINE
4535.651	4535.832	20	AND
4535.832	4536.312	409	STUNG
4536.312	4536.4220000000005	208	HIS
4536.4220000000005	4536.892	149	EYES
4536.892	4544.531	99999	sp
4544.531	4544.911	229	JOHN'S
4544.911	4545.161	66	BROTHER
4545.161	4545.872	363	REPAINTED
4545.872	4546.002	434	THE
4546.002	4546.221	173	GARAGE
4546.221	4546.721	129	DOOR
4546.721	4554.432	99999	sp
4554.432	4554.932	84	CHALLENGE
4554.932	4555.242	132	EACH
4555.242	4555.781	175	GENERAL'S
4555.781	4556.702	221	INTELLIGENCE
4556.702	4564.682	99999	sp
4564.682	4565.522	17	AMBIDEXTROUS
4565.522	4565.562	99999	sp
4565.562	4566.151	327	PICKPOCKETS
4566.151	4566.772	6	ACCOMPLISH
4566.772	4567.242	267	MORE
4567.242	4574.721	99999	sp
4574.721	4574.802	1	A
4574.802	4575.262	271	MUSCULAR
4575.262	4575.721	2	ABDOMEN
4575.721	4575.9619999999995	224	IS
4575.9619999999995	4576.161	189	GOOD
4576.161	4576.291	161	FOR
4576.291	4576.442	496	YOUR
4576.442	4576.841	43	BACK
4576.841	4585.772	99999	sp
4585.772	4585.932	438	THEY
4585.932	4586.151	317	OWN
4586.151	4586.182	1	A
4586.182	4586.351	52	BIG
4586.351	4586.692	209	HOUSE
4586.692	4586.762	217	IN
4586.762	4587.192	434	THE
4587.192	4587.582	361	REMOTE
4587.582	4588.322	109	COUNTRYSIDE
4588.322	4597.432	99999	sp
4597.432	4597.522	434	THE
4597.522	4597.781	369	ROSE
4597.781	4598.302	106	CORSAGE
4598.302	4598.622	393	SMELLED
4598.622	4599.041	421	SWEET
4599.041	4607.812	99999	sp
4607.812	4608.122	433	THAT
4608.122	4608.651	326	PICKPOCKET
4608.651	4608.791	472	WAS
4608.791	4609.022	80	CAUGHT
4609.022	4609.302	356	RED
4609.302	4609.812	199	HANDED
4609.812	4618.892	99999	sp
4618.892	4619.007	19	AN
4619.007	4619.351	9	ADULT
4619.351	4619.552	255	MALE
4619.552	4620.161	42	BABOON'S
4620.161	4620.401	430	TEETH
4620.401	4620.541	30	ARE
4620.541	4620.762	285	NOT
4620.762	4621.202	415	SUITABLE
4621.202	4621.351	161	FOR
4621.351	4621.601	135	EATING
4621.601	4622.401	376	SHELLFISH
4622.401	4630.182	99999	sp
4630.182	4630.4220000000005	204	HER
4630.4220000000005	4630.851	470	WARDROBE
4630.851	4631.471	102	CONSISTS
4631.471	4631.752	294	OF
4631.752	4632.041	99999	sp
4632.041	4632.312	298	ONLY
4632.312	4632.7119999999995	385	SKIRTS
4632.7119999999995	4632.812	20	AND
4632.812	4633.492	54	BLOUSES
4633.492	4642.872	99999	sp
4642.872	4642.982	434	THE
4642.982	4643.222	453	TWO
4643.222	4643.772	33	ARTISTS
4643.772	4644.341	147	EXCHANGED
4644.341	4644.382	99999	sp
4644.382	4645.161	88888	PHOTOGRAPHS
4645.161	4652.9619999999995	99999	sp
4652.9619999999995	4653.7119999999995	71	BUTTERSCOTCH
4653.7119999999995	4653.982	169	FUDGE
4653.982	4654.262	186	GOES
4654.262	4654.442	481	WELL
4654.442	4654.572	487	WITH
4654.572	4654.651	99999	sp
4654.651	4654.942	463	VANILLA
4654.942	4655.341	212	ICE
4655.341	4655.692	112	CREAM
4655.692	4662.851	99999	sp
4662.851	4663.161	366	RICH
4663.161	4663.702	349	PURCHASED
4663.702	4664.022	374	SEVERAL
4664.022	4664.392	382	SIGNED
4664.392	4665.291	245	LITHOGRAPHS
4665.291	4674.162	99999	sp
4674.162	4674.442	24	ANY
4674.442	4675.231	105	CONTRIBUTIONS
4675.231	4675.332	485	WILL
4675.332	4675.501	47	BE
4675.501	4675.892	195	GREATLY
4675.892	4676.631	28	APPRECIATED
4676.631	4685.532	99999	sp
4685.532	4685.611	1	A
4685.611	4686.152	111	CRANBERRY
4686.152	4686.491	57	BOG
4686.491	4686.552	99999	sp
4686.552	4686.851	178	GETS
4686.851	4687.231	465	VERY
4687.231	4687.761	340	PRETTY
4687.761	4687.792	99999	sp
4687.792	4687.932	217	IN
4687.932	4688.381	40	AUTUMN
4688.381	4697.582	99999	sp
4697.582	4697.782	210	HOW
4697.782	4697.942	128	DO
4697.942	4698.371	318	OYSTERS
4698.371	4698.572	253	MAKE
4698.572	4699.062	320	PEARLS
4699.062	4708.881	99999	sp
4708.881	4709.182	257	MAY
4709.182	4709.2119999999995	211	I
4709.2119999999995	4709.552	304	ORDER
4709.552	4709.582	1	A
4709.582	4710.082	319	PARFAIT
4710.082	4710.412	10	AFTER
4710.412	4710.511	211	I
4710.511	4710.682	134	EAT
4710.682	4711.042	124	DINNER
4711.042	4720.662	99999	sp
4720.662	4720.802	224	IS
4720.802	4720.952	375	SHE
4720.952	4721.182	187	GOING
4721.182	4721.361	487	WITH
4721.361	4721.572	495	YOU
4721.572	4730.602	99999	sp
4730.602	4730.751	76	CAN
4730.751	4730.892	434	THE
4730.892	4731.4220000000005	11	AGENCY
4731.4220000000005	4731.9220000000005	315	OVERTHROW
4731.9220000000005	4732.261	13	ALIEN
4732.261	4732.861	162	FORCES
4732.861	4741.861	99999	sp
4741.861	4741.932	1	A
4741.932	4742.552	371	SCREWDRIVER
4742.552	4742.761	224	IS
4742.761	4743.091	252	MADE
4743.091	4743.4220000000005	166	FROM
4743.4220000000005	4743.772	469	VODKA
4743.772	4743.991	20	AND
4743.991	4744.322	303	ORANGE
4744.322	4744.822	230	JUICE
4744.822	4752.0	99999	sp
4752.0	4752.401	99999	sp
4752.401	4752.533	210	HOW
4752.533	4752.722	269	MUCH
4752.722	4753.221	16	ALLOWANCE
4753.221	4753.304	128	DO
4753.304	4753.452	495	YOU
4753.452	4753.832	177	GET
4753.832	4762.319	99999	sp
4762.319	4762.916	115	CYCLICAL
4762.916	4763.499	346	PROGRAMS
4763.499	4763.587	485	WILL
4763.587	4763.963	281	NEVER
4763.963	4764.571	100	COMPILE
4764.571	4773.367	99999	sp
4773.367	4773.48	434	THE
4773.48	4773.837	61	BOSTON
4773.837	4774.163	45	BALLET
4774.163	4774.67	312	OVERCAME
4774.67	4774.782	435	THEIR
4774.782	4775.354	170	FUNDING
4775.354	4775.458	99999	sp
4775.458	4776.302	380	SHORTAGE
4776.302	4784.824	99999	sp
4784.824	4785.084	145	EVERY
4785.084	4785.401	74	CAB
4785.401	4785.624	280	NEEDS
4785.624	4786.119	364	REPAINTING
4786.119	4786.651	296	OFTEN
4786.651	4795.31	99999	sp
4795.31	4795.597	203	HELP
4795.597	4795.831	196	GREG
4795.831	4795.961	446	TO
4795.961	4796.104	325	PICK
4796.104	4796.218	1	A
4796.218	4796.401	321	PECK
4796.401	4796.595	294	OF
4796.595	4797.371	338	POTATOES
4797.371	4805.782	99999	sp
4805.782	4805.852	476	WE
4805.852	4806.065	241	LIKE
4806.065	4806.3	99999	sp
4806.3	4806.466	55	BLUE
4806.466	4806.893	88	CHEESE
4806.893	4807.048	70	BUT
4807.048	4807.325	466	VICTOR
4807.325	4807.583	242	LIKES
4807.583	4807.675	99999	sp
4807.675	4807.901	64	BRIE
4807.901	4816.378	99999	sp
4816.378	4816.622	108	COUNT
4816.622	4816.691	434	THE
4816.691	4816.945	289	NUMBER
4816.945	4817.08	294	OF
4817.08	4817.537	429	TEASPOONS
4817.537	4817.621	294	OF
4817.621	4818.23	395	SOYSAUCE
4818.23	4818.399	433	THAT
4818.399	4818.521	495	YOU
4818.521	4819.023	7	ADD
4819.023	4826.989	99999	sp
4826.989	4827.568	44	BAGPIPES
4827.568	4827.741	20	AND
4827.741	4828.173	59	BONGOS
4828.173	4828.269	30	ARE
4828.269	4828.696	273	MUSICAL
4828.696	4829.591	220	INSTRUMENTS
4829.591	4837.702	99999	sp
4837.702	4837.978	210	HOW
4837.978	4838.143	189	GOOD
4838.143	4838.299	224	IS
4838.299	4838.389	496	YOUR
4838.389	4839.201	138	ENDURANCE
