36.035	36.15	30	ARE
36.15	36.389	496	YOUR
36.389	36.765	192	GRADES
36.765	37.26	206	HIGHER
37.26	37.407	302	OR
37.407	37.769	251	LOWER
37.769	37.941	432	THAN
37.941	38.771	275	NANCY'S
38.771	45.753	99999	sp
45.753	46.011	375	SHE
46.011	46.357	490	WORE
46.357	46.813	471	WARM
46.813	47.386	158	FLEECY
47.386	47.715	489	WOOLEN
47.715	48.507	311	OVERALLS
48.507	59.441	99999	sp
59.441	59.761	354	READING
59.761	59.923	217	IN
59.923	59.966	99999	sp
59.966	60.205	335	POOR
60.205	60.549	240	LIGHT
60.549	60.604	99999	sp
60.604	60.808	181	GIVES
60.808	60.898	495	YOU
60.898	61.572	150	EYESTRAIN
61.572	71.48	99999	sp
71.48	71.711	142	EVEN
71.711	71.984	211	I
71.984	72.602	293	OCCASIONALLY
72.602	72.752	177	GET
72.752	72.801	99999	sp
72.801	72.848	434	THE
72.848	73.259	265	MONDAY
73.259	73.781	56	BLUES
73.781	84.097	99999	sp
84.097	84.168	476	WE
84.168	84.29	30	ARE
84.29	84.639	301	OPEN
84.639	84.932	145	EVERY
84.932	85.259	265	MONDAY
85.259	85.731	143	EVENING
85.731	95.11	99999	sp
95.11	95.298	226	IT'S
95.298	95.495	285	NOT
95.495	95.837	133	EASY
95.837	95.984	446	TO
95.984	96.441	113	CREATE
96.441	97.113	215	ILLUMINATING
97.113	98.031	146	EXAMPLES
98.031	107.877	99999	sp
107.877	108.195	270	MUM
108.195	108.751	407	STRONGLY
108.751	109.314	126	DISLIKES
109.314	109.386	99999	sp
109.386	110.302	27	APPETIZERS
110.302	120.674	99999	sp
120.674	120.915	443	THOSE
120.915	121.027	484	WHO
121.027	121.328	427	TEACH
121.328	121.999	462	VALUES
121.999	122.37	156	FIRST
122.37	122.955	4	ABOLISH
122.955	123.095	99999	sp
123.095	123.651	87	CHEATING
123.651	134.772	99999	sp
134.772	134.866	434	THE
134.866	135.256	165	FRIGHTENED
135.256	135.647	89	CHILD
135.647	135.883	472	WAS
135.883	136.242	176	GENTLY
136.242	136.828	410	SUBDUED
136.828	136.962	73	BY
136.962	137.138	208	HIS
137.138	137.187	99999	sp
137.187	137.41	52	BIG
137.41	137.772	66	BROTHER
137.772	149.616	99999	sp
149.616	149.812	142	EVEN
149.812	149.889	1	A
149.889	150.292	383	SIMPLE
150.292	151.202	468	VOCABULARY
151.202	151.246	99999	sp
151.246	151.812	104	CONTAINS
151.812	152.552	422	SYMBOLS
152.552	162.911	99999	sp
162.911	163.03	1	A
163.03	163.437	110	CRAB
163.437	164.043	85	CHALLENGED
164.043	164.491	258	ME
164.491	164.572	70	BUT
164.572	164.862	211	I
164.862	165.731	99999	sp
165.731	165.827	70	BUT
165.827	165.96	1	A
165.96	166.232	350	QUICK
166.232	166.854	402	STAB
166.854	167.542	464	VANQUISHED
167.542	167.882	207	HIM
167.882	179.759	99999	sp
179.759	180.267	183	GLUCOSE
180.267	180.433	20	AND
180.433	181.127	167	FRUCTOSE
181.127	181.229	30	ARE
181.229	181.706	276	NATURAL
181.706	182.272	414	SUGARS
182.272	182.322	99999	sp
182.322	182.672	163	FOUND
182.672	182.777	217	IN
182.777	183.302	168	FRUIT
183.302	193.848	99999	sp
193.848	193.932	30	ARE
193.932	194.078	495	YOU
194.078	194.399	250	LOOKING
194.399	194.576	161	FOR
194.576	195.504	136	EMPLOYMENT
195.504	203.97	99999	sp
203.97	204.371	98	COFFEE
204.371	204.576	224	IS
204.576	204.838	198	GROWN
204.838	205.042	297	ON
205.042	205.681	404	STEEP
205.681	206.04	231	JUNGLE
206.04	206.268	241	LIKE
206.268	206.832	390	SLOPES
206.832	207.003	217	IN
207.003	207.462	431	TEMPERATE
207.462	207.708	99999	sp
207.708	208.442	497	ZONES
208.442	219.188	99999	sp
219.188	219.287	476	WE
219.287	219.799	480	WELCOME
219.799	220.092	256	MANY
220.092	220.252	282	NEW
220.252	220.775	408	STUDENTS
220.775	220.829	99999	sp
220.829	221.041	132	EACH
221.041	221.312	491	YEAR
221.312	230.56	99999	sp
230.56	230.782	298	ONLY
230.782	230.957	434	THE
230.957	231.276	51	BEST
231.276	231.723	330	PLAYERS
231.723	232.04	139	ENJOY
232.04	232.948	336	POPULARITY
232.948	242.484	99999	sp
242.484	242.952	75	CALCIUM
242.952	243.266	254	MAKES
243.266	243.764	58	BONES
243.764	243.926	20	AND
243.926	244.28	430	TEETH
244.28	244.891	406	STRONG
244.891	253.708	99999	sp
253.708	254.176	286	NOTHING
254.176	254.329	224	IS
254.329	254.52	34	AS
254.52	255.3	295	OFFENSIVE
255.3	255.532	34	AS
255.532	256.281	219	INNOCENCE
256.281	267.215	99999	sp
267.215	267.672	405	STEVE
267.672	267.943	490	WORE
267.943	268.102	1	A
268.102	268.422	65	BRIGHT
268.422	268.733	356	RED
268.733	268.822	99999	sp
268.822	269.426	78	CASHMERE
269.426	270.041	420	SWEATER
270.041	281.224	99999	sp
281.224	281.598	46	BARB'S
281.598	281.835	188	GOLD
281.835	282.264	63	BRACELET
282.264	282.422	472	WAS
282.422	282.526	1	A
282.526	283.181	193	GRADUATION
283.181	283.682	339	PRESENT
283.682	294.607	99999	sp
294.607	294.954	130	DRAW
294.954	295.419	145	EVERY
295.419	295.497	99999	sp
295.497	296.163	308	OUTER
296.163	296.246	99999	sp
296.246	296.587	244	LINE
296.587	297.322	156	FIRST
297.322	297.617	436	THEN
297.617	297.881	154	FILL
297.881	298.176	217	IN
298.176	298.262	434	THE
298.262	298.922	222	INTERIOR
298.922	310.662	99999	sp
310.662	310.767	434	THE
310.767	311.132	475	WATER
311.132	311.593	103	CONTAINED
311.593	311.702	448	TOO
311.702	311.981	269	MUCH
311.981	312.502	90	CHLORINE
312.502	312.653	20	AND
312.653	312.952	409	STUNG
312.952	313.157	208	HIS
313.157	313.629	149	EYES
313.629	323.282	99999	sp
323.282	323.664	229	JOHN'S
323.664	324.069	66	BROTHER
324.069	324.741	363	REPAINTED
324.741	324.855	434	THE
324.855	325.276	173	GARAGE
325.276	325.612	129	DOOR
325.612	334.663	99999	sp
334.663	335.214	84	CHALLENGE
335.214	335.502	132	EACH
335.502	336.084	175	GENERAL'S
336.084	337.012	221	INTELLIGENCE
337.012	346.118	99999	sp
346.118	346.954	17	AMBIDEXTROUS
346.954	347.026	99999	sp
347.026	347.764	327	PICKPOCKETS
347.764	348.41	6	ACCOMPLISH
348.41	348.772	267	MORE
348.772	358.653	99999	sp
358.653	358.68	1	A
358.68	359.264	271	MUSCULAR
359.264	359.802	2	ABDOMEN
359.802	360.016	224	IS
360.016	360.083	99999	sp
360.083	360.242	189	GOOD
360.242	360.403	161	FOR
360.403	360.575	496	YOUR
360.575	361.013	43	BACK
361.013	370.567	99999	sp
370.567	370.715	438	THEY
370.715	370.914	317	OWN
370.914	371.076	1	A
371.076	371.252	52	BIG
371.252	371.707	209	HOUSE
371.707	371.84	217	IN
371.84	371.926	434	THE
371.926	372.367	361	REMOTE
372.367	373.224	109	COUNTRYSIDE
373.224	383.352	99999	sp
383.352	383.461	434	THE
383.461	383.918	369	ROSE
383.918	384.697	106	CORSAGE
384.697	385.068	393	SMELLED
385.068	385.591	421	SWEET
385.591	394.821	99999	sp
394.821	395.067	433	THAT
395.067	395.841	326	PICKPOCKET
395.841	396.089	99999	sp
396.089	396.608	472	WAS
396.608	396.983	80	CAUGHT
396.983	397.151	356	RED
397.151	397.682	199	HANDED
397.682	406.824	99999	sp
406.824	406.922	19	AN
406.922	407.313	9	ADULT
407.313	407.667	255	MALE
407.667	408.265	42	BABOON'S
408.265	408.754	430	TEETH
408.754	408.878	30	ARE
408.878	409.177	285	NOT
409.177	409.624	415	SUITABLE
409.624	409.836	161	FOR
409.836	410.083	135	EATING
410.083	411.052	376	SHELLFISH
411.052	422.127	99999	sp
422.127	422.322	204	HER
422.322	422.821	470	WARDROBE
422.821	423.366	102	CONSISTS
423.366	423.488	294	OF
423.488	423.734	298	ONLY
423.734	424.118	385	SKIRTS
424.118	424.246	20	AND
424.246	424.802	54	BLOUSES
424.802	435.648	99999	sp
435.648	435.781	434	THE
435.781	436.0	453	TWO
436.0	436.587	33	ARTISTS
436.587	437.309	147	EXCHANGED
437.309	437.383	99999	sp
437.383	438.161	39	AUTOGRAPHS
438.161	448.681	99999	sp
448.681	449.321	71	BUTTERSCOTCH
449.321	449.806	169	FUDGE
449.806	450.052	186	GOES
450.052	450.291	481	WELL
450.291	450.518	487	WITH
450.518	450.54	99999	sp
450.54	450.894	463	VANILLA
450.894	451.186	212	ICE
451.186	451.572	112	CREAM
451.572	462.045	99999	sp
462.045	462.408	366	RICH
462.408	462.522	99999	sp
462.522	463.113	349	PURCHASED
463.113	463.299	99999	sp
463.299	464.142	374	SEVERAL
464.142	464.523	99999	sp
464.523	465.007	374	SEVERAL
465.007	465.613	382	SIGNED
465.613	465.728	99999	sp
465.728	466.651	245	LITHOGRAPHS
466.651	479.248	99999	sp
479.248	479.437	24	ANY
479.437	480.302	105	CONTRIBUTIONS
480.302	480.435	485	WILL
480.435	480.597	47	BE
480.597	480.968	195	GREATLY
480.968	481.918	28	APPRECIATED
481.918	493.849	99999	sp
493.849	493.956	434	THE
493.956	494.608	111	CRANBERRY
494.608	495.043	57	BOG
495.043	495.08	99999	sp
495.08	495.365	178	GETS
495.365	495.739	465	VERY
495.739	496.04	340	PRETTY
496.04	496.208	217	IN
496.208	496.651	40	AUTUMN
496.651	507.938	99999	sp
507.938	508.14	210	HOW
508.14	508.268	128	DO
508.268	508.828	318	OYSTERS
508.828	509.099	253	MAKE
509.099	509.692	320	PEARLS
509.692	519.441	99999	sp
519.441	519.714	257	MAY
519.714	519.782	211	I
519.782	520.165	304	ORDER
520.165	520.312	1	A
520.312	520.896	319	PARFAIT
520.896	521.241	10	AFTER
521.241	521.392	211	I
521.392	521.646	134	EAT
521.646	521.991	124	DINNER
521.991	531.504	99999	sp
531.504	531.581	224	IS
531.581	531.776	375	SHE
531.776	532.001	187	GOING
532.001	532.215	487	WITH
532.215	532.442	495	YOU
532.442	540.547	99999	sp
540.547	540.75	76	CAN
540.75	540.834	434	THE
540.834	541.345	11	AGENCY
541.345	541.975	315	OVERTHROW
541.975	542.309	13	ALIEN
542.309	543.011	162	FORCES
543.011	552.363	99999	sp
552.363	552.459	1	A
552.459	553.123	371	SCREWDRIVER
553.123	553.327	224	IS
553.327	553.621	252	MADE
553.621	553.875	166	FROM
553.875	554.258	469	VODKA
554.258	554.407	20	AND
554.407	554.735	303	ORANGE
554.735	555.212	230	JUICE
555.212	565.635	99999	sp
565.635	565.748	210	HOW
565.748	565.962	269	MUCH
565.962	566.483	16	ALLOWANCE
566.483	566.562	128	DO
566.562	566.719	495	YOU
566.719	567.101	177	GET
567.101	576.681	99999	sp
576.681	577.618	115	CYCLICAL
577.618	578.012	99999	sp
578.012	578.763	346	PROGRAMS
578.763	578.861	485	WILL
578.861	579.202	281	NEVER
579.202	579.841	100	COMPILE
579.841	590.27	99999	sp
590.27	590.395	434	THE
590.395	590.87	61	BOSTON
590.87	591.259	45	BALLET
591.259	591.842	312	OVERCAME
591.842	591.969	435	THEIR
591.969	592.379	170	FUNDING
592.379	593.032	380	SHORTAGE
593.032	594.0	99999	sp
594.0	603.414	99999	sp
603.414	603.729	145	EVERY
603.729	604.082	74	CAB
604.082	604.361	280	NEEDS
604.361	604.978	364	REPAINTING
604.978	605.541	296	OFTEN
605.541	615.41	99999	sp
615.41	615.672	203	HELP
615.672	615.738	99999	sp
615.738	616.086	196	GREG
616.086	616.277	446	TO
616.277	616.447	325	PICK
616.447	616.573	1	A
616.573	616.91	321	PECK
616.91	617.021	294	OF
617.021	617.122	99999	sp
617.122	617.922	338	POTATOES
617.922	628.841	99999	sp
628.841	628.991	476	WE
628.991	629.191	241	LIKE
629.191	629.29	99999	sp
629.29	629.488	55	BLUE
629.488	630.0409999999999	88	CHEESE
630.0409999999999	630.221	70	BUT
630.221	630.561	466	VICTOR
630.561	630.931	242	LIKES
630.931	631.274	99999	sp
631.274	631.691	64	BRIE
631.691	642.935	99999	sp
642.935	643.208	108	COUNT
643.208	643.278	434	THE
643.278	643.631	289	NUMBER
643.631	643.8389999999999	294	OF
643.8389999999999	644.462	429	TEASPOONS
644.462	644.581	294	OF
644.581	645.428	395	SOYSAUCE
645.428	645.596	433	THAT
645.596	645.752	495	YOU
645.752	646.101	7	ADD
646.101	657.103	99999	sp
657.103	657.651	44	BAGPIPES
657.651	657.781	20	AND
657.781	658.2570000000001	59	BONGOS
658.2570000000001	658.36	30	ARE
658.36	658.864	273	MUSICAL
658.864	659.652	220	INSTRUMENTS
659.652	670.869	99999	sp
670.869	671.137	210	HOW
671.137	671.272	189	GOOD
671.272	671.371	224	IS
671.371	671.48	496	YOUR
671.48	672.242	138	ENDURANCE
672.242	687.187	99999	sp
1325.184	1325.255	30	ARE
1325.255	1325.532	496	YOUR
1325.532	1325.922	192	GRADES
1325.922	1326.338	206	HIGHER
1326.338	1326.512	302	OR
1326.512	1326.841	251	LOWER
1326.841	1326.9850000000001	432	THAN
1326.9850000000001	1327.825	275	NANCY'S
1327.825	1336.76	99999	sp
1336.76	1336.988	375	SHE
1336.988	1337.242	490	WORE
1337.242	1337.714	471	WARM
1337.714	1338.262	158	FLEECY
1338.262	1338.642	489	WOOLEN
1338.642	1339.422	311	OVERALLS
1339.422	1347.842	99999	sp
1347.842	1348.102	354	READING
1348.102	1348.304	217	IN
1348.304	1348.545	335	POOR
1348.545	1348.867	240	LIGHT
1348.867	1349.084	181	GIVES
1349.084	1349.159	495	YOU
1349.159	1349.882	150	EYESTRAIN
1349.882	1358.172	99999	sp
1358.172	1358.422	142	EVEN
1358.422	1358.646	211	I
1358.646	1359.362	293	OCCASIONALLY
1359.362	1359.599	177	GET
1359.599	1359.658	434	THE
1359.658	1360.12	265	MONDAY
1360.12	1360.672	56	BLUES
1360.672	1369.771	99999	sp
1369.771	1369.85	476	WE
1369.85	1369.974	30	ARE
1369.974	1370.254	301	OPEN
1370.254	1370.54	145	EVERY
1370.54	1370.897	265	MONDAY
1370.897	1371.459	143	EVENING
1371.459	1379.9850000000001	99999	sp
1379.9850000000001	1380.156	226	IT'S
1380.156	1380.3220000000001	285	NOT
1380.3220000000001	1380.662	133	EASY
1380.662	1380.809	446	TO
1380.809	1381.297	113	CREATE
1381.297	1382.03	215	ILLUMINATING
1382.03	1382.912	146	EXAMPLES
1382.912	1392.729	99999	sp
1392.729	1392.941	270	MUM
1392.941	1393.595	407	STRONGLY
1393.595	1394.032	126	DISLIKES
1394.032	1394.992	27	APPETIZERS
1394.992	1403.94	99999	sp
1403.94	1404.151	443	THOSE
1404.151	1404.222	484	WHO
1404.222	1404.516	427	TEACH
1404.516	1405.018	462	VALUES
1405.018	1405.295	156	FIRST
1405.295	1405.767	4	ABOLISH
1405.767	1405.848	99999	sp
1405.848	1406.3319999999999	87	CHEATING
1406.3319999999999	1415.727	99999	sp
1415.727	1415.79	434	THE
1415.79	1416.285	165	FRIGHTENED
1416.285	1416.301	99999	sp
1416.301	1416.702	89	CHILD
1416.702	1416.991	472	WAS
1416.991	1417.31	99999	sp
1417.31	1417.691	176	GENTLY
1417.691	1418.295	410	SUBDUED
1418.295	1418.401	73	BY
1418.401	1418.63	208	HIS
1418.63	1418.859	52	BIG
1418.859	1419.282	66	BROTHER
1419.282	1430.851	99999	sp
1430.851	1430.9859999999999	142	EVEN
1430.9859999999999	1431.067	1	A
1431.067	1431.533	383	SIMPLE
1431.533	1432.56	468	VOCABULARY
1432.56	1433.159	104	CONTAINS
1433.159	1433.931	422	SYMBOLS
1433.931	1443.427	99999	sp
1443.427	1443.534	1	A
1443.534	1443.828	110	CRAB
1443.828	1444.3890000000001	85	CHALLENGED
1444.3890000000001	1444.68	258	ME
1444.68	1444.961	70	BUT
1444.961	1445.094	1	A
1445.094	1445.312	350	QUICK
1445.312	1445.857	402	STAB
1445.857	1446.344	464	VANQUISHED
1446.344	1446.591	207	HIM
1446.591	1457.117	99999	sp
1457.117	1457.574	183	GLUCOSE
1457.574	1457.683	20	AND
1457.683	1458.252	167	FRUCTOSE
1458.252	1458.346	30	ARE
1458.346	1458.812	276	NATURAL
1458.812	1459.344	414	SUGARS
1459.344	1459.659	163	FOUND
1459.659	1459.855	217	IN
1459.855	1460.3319999999999	168	FRUIT
1460.3319999999999	1470.405	99999	sp
1470.405	1470.469	30	ARE
1470.469	1470.5520000000001	495	YOU
1470.5520000000001	1470.906	250	LOOKING
1470.906	1471.141	161	FOR
1471.141	1471.8319999999999	136	EMPLOYMENT
1471.8319999999999	1479.932	99999	sp
1479.932	1480.274	98	COFFEE
1480.274	1480.471	224	IS
1480.471	1480.791	198	GROWN
1480.791	1480.979	297	ON
1480.979	1481.597	404	STEEP
1481.597	1481.974	231	JUNGLE
1481.974	1482.192	241	LIKE
1482.192	1482.791	390	SLOPES
1482.791	1482.955	217	IN
1482.955	1483.351	431	TEMPERATE
1483.351	1484.0520000000001	497	ZONES
1484.0520000000001	1495.18	99999	sp
1495.18	1495.277	476	WE
1495.277	1495.683	480	WELCOME
1495.683	1495.993	256	MANY
1495.993	1496.159	282	NEW
1496.159	1496.766	408	STUDENTS
1496.766	1497.028	132	EACH
1497.028	1497.3319999999999	491	YEAR
1497.3319999999999	1507.94	99999	sp
1507.94	1508.181	298	ONLY
1508.181	1508.362	434	THE
1508.362	1508.665	51	BEST
1508.665	1508.731	99999	sp
1508.731	1509.276	330	PLAYERS
1509.276	1509.625	139	ENJOY
1509.625	1509.647	99999	sp
1509.647	1510.411	336	POPULARITY
1510.411	1521.2060000000001	99999	sp
1521.2060000000001	1521.692	75	CALCIUM
1521.692	1522.003	254	MAKES
1522.003	1522.416	58	BONES
1522.416	1522.577	20	AND
1522.577	1522.955	430	TEETH
1522.955	1523.5520000000001	406	STRONG
1523.5520000000001	1532.979	99999	sp
1532.979	1533.468	286	NOTHING
1533.468	1533.632	224	IS
1533.632	1533.795	34	AS
1533.795	1534.348	295	OFFENSIVE
1534.348	1534.5149999999999	34	AS
1534.5149999999999	1535.411	219	INNOCENCE
1535.411	1544.9	99999	sp
1544.9	1545.3899999999999	405	STEVE
1545.3899999999999	1545.594	490	WORE
1545.594	1545.712	1	A
1545.712	1545.942	65	BRIGHT
1545.942	1546.2060000000001	356	RED
1546.2060000000001	1546.269	99999	sp
1546.269	1546.781	78	CASHMERE
1546.781	1547.3220000000001	420	SWEATER
1547.3220000000001	1557.6680000000001	99999	sp
1557.6680000000001	1558.0430000000001	46	BARB'S
1558.0430000000001	1558.28	188	GOLD
1558.28	1558.721	63	BRACELET
1558.721	1558.907	472	WAS
1558.907	1559.0140000000001	1	A
1559.0140000000001	1559.702	193	GRADUATION
1559.702	1560.292	339	PRESENT
1560.292	1570.036	99999	sp
1570.036	1570.321	130	DRAW
1570.321	1570.633	145	EVERY
1570.633	1570.9279999999999	308	OUTER
1570.9279999999999	1571.192	244	LINE
1571.192	1571.8600000000001	156	FIRST
1571.8600000000001	1572.077	436	THEN
1572.077	1572.311	154	FILL
1572.311	1572.47	217	IN
1572.47	1572.5810000000001	434	THE
1572.5810000000001	1573.221	222	INTERIOR
1573.221	1584.585	99999	sp
1584.585	1584.702	434	THE
1584.702	1585.086	475	WATER
1585.086	1585.585	103	CONTAINED
1585.585	1585.683	99999	sp
1585.683	1585.8319999999999	448	TOO
1585.8319999999999	1586.16	269	MUCH
1586.16	1586.673	90	CHLORINE
1586.673	1586.8319999999999	20	AND
1586.8319999999999	1587.241	409	STUNG
1587.241	1587.4479999999999	208	HIS
1587.4479999999999	1587.9569999999999	149	EYES
1587.9569999999999	1599.251	99999	sp
1599.251	1599.626	229	JOHN'S
1599.626	1599.8519999999999	66	BROTHER
1599.8519999999999	1600.426	363	REPAINTED
1600.426	1600.549	434	THE
1600.549	1600.979	173	GARAGE
1600.979	1601.312	129	DOOR
1601.312	1610.747	99999	sp
1610.747	1611.2440000000001	84	CHALLENGE
1611.2440000000001	1611.585	132	EACH
1611.585	1612.087	175	GENERAL'S
1612.087	1613.0520000000001	221	INTELLIGENCE
1613.0520000000001	1622.019	99999	sp
1622.019	1623.005	17	AMBIDEXTROUS
1623.005	1623.759	327	PICKPOCKETS
1623.759	1624.393	6	ACCOMPLISH
1624.393	1624.8319999999999	267	MORE
1624.8319999999999	1635.257	99999	sp
1635.257	1635.341	1	A
1635.341	1635.95	271	MUSCULAR
1635.95	1636.461	2	ABDOMEN
1636.461	1636.726	224	IS
1636.726	1636.921	189	GOOD
1636.921	1637.051	161	FOR
1637.051	1637.212	496	YOUR
1637.212	1637.772	43	BACK
1637.772	1647.6	99999	sp
1647.6	1647.7359999999999	438	THEY
1647.7359999999999	1647.92	317	OWN
1647.92	1648.02	1	A
1648.02	1648.12	99999	sp
1648.12	1648.281	52	BIG
1648.281	1648.7440000000001	209	HOUSE
1648.7440000000001	1649.027	217	IN
1649.027	1649.191	99999	sp
1649.191	1649.266	434	THE
1649.266	1649.686	361	REMOTE
1649.686	1650.596	109	COUNTRYSIDE
1650.596	1659.853	99999	sp
1659.853	1659.935	434	THE
1659.935	1660.289	369	ROSE
1660.289	1660.885	106	CORSAGE
1660.885	1661.221	393	SMELLED
1661.221	1661.836	421	SWEET
1661.836	1670.441	99999	sp
1670.441	1670.7649999999999	433	THAT
1670.7649999999999	1671.341	326	PICKPOCKET
1671.341	1671.549	472	WAS
1671.549	1671.79	80	CAUGHT
1671.79	1672.05	356	RED
1672.05	1672.704	199	HANDED
1672.704	1681.843	99999	sp
1681.843	1682.016	19	AN
1682.016	1682.333	9	ADULT
1682.333	1682.6399999999999	255	MALE
1682.6399999999999	1683.229	42	BABOON'S
1683.229	1683.526	430	TEETH
1683.526	1683.66	30	ARE
1683.66	1683.939	285	NOT
1683.939	1684.356	415	SUITABLE
1684.356	1684.531	161	FOR
1684.531	1684.843	135	EATING
1684.843	1685.672	376	SHELLFISH
1685.672	1696.555	99999	sp
1696.555	1696.712	204	HER
1696.712	1697.174	470	WARDROBE
1697.174	1697.692	102	CONSISTS
1697.692	1697.795	294	OF
1697.795	1698.009	298	ONLY
1698.009	1698.482	385	SKIRTS
1698.482	1698.682	20	AND
1698.682	1699.432	54	BLOUSES
1699.432	1708.751	99999	sp
1708.751	1708.8809999999999	434	THE
1708.8809999999999	1709.0810000000001	453	TWO
1709.0810000000001	1709.7359999999999	33	ARTISTS
1709.7359999999999	1710.478	147	EXCHANGED
1710.478	1711.3020000000001	39	AUTOGRAPHS
1711.3020000000001	1720.2150000000001	99999	sp
1720.2150000000001	1720.8020000000001	71	BUTTERSCOTCH
1720.8020000000001	1721.22	169	FUDGE
1721.22	1721.471	186	GOES
1721.471	1721.721	481	WELL
1721.721	1721.921	487	WITH
1721.921	1722.2530000000002	463	VANILLA
1722.2530000000002	1722.592	212	ICE
1722.592	1722.952	112	CREAM
1722.952	1733.2820000000002	99999	sp
1733.2820000000002	1734.304	88888	RICK
1734.304	1734.8220000000001	88888	PERKA
1734.8220000000001	1735.033	99999	sp
1735.033	1735.8020000000001	349	PURCHASED
1735.8020000000001	1736.277	374	SEVERAL
1736.277	1736.8029999999999	382	SIGNED
1736.8029999999999	1737.8809999999999	245	LITHOGRAPHS
1737.8809999999999	1749.313	99999	sp
1749.313	1749.5410000000002	24	ANY
1749.5410000000002	1750.387	105	CONTRIBUTIONS
1750.387	1750.536	485	WILL
1750.536	1750.728	47	BE
1750.728	1751.079	195	GREATLY
1751.079	1751.971	28	APPRECIATED
1751.971	1760.6680000000001	99999	sp
1760.6680000000001	1760.792	434	THE
1760.792	1761.354	111	CRANBERRY
1761.354	1761.676	57	BOG
1761.676	1762.165	178	GETS
1762.165	1762.73	465	VERY
1762.73	1762.97	340	PRETTY
1762.97	1763.086	217	IN
1763.086	1763.522	40	AUTUMN
1763.522	1773.0520000000001	99999	sp
1773.0520000000001	1773.23	210	HOW
1773.23	1773.356	128	DO
1773.356	1773.839	318	OYSTERS
1773.839	1774.06	253	MAKE
1774.06	1774.5819999999999	320	PEARLS
1774.5819999999999	1782.0	99999	sp
1782.0	1782.612	99999	sp
1782.612	1783.381	1	A
1783.381	1783.802	319	PARFAIT
1783.802	1784.151	10	AFTER
1784.151	1784.281	211	I
1784.281	1784.421	134	EAT
1784.421	1784.781	124	DINNER
1784.781	1793.291	99999	sp
1793.291	1793.451	224	IS
1793.451	1793.621	375	SHE
1793.621	1793.921	187	GOING
1793.921	1794.131	487	WITH
1794.131	1794.391	495	YOU
1794.391	1802.271	99999	sp
1802.271	1802.442	76	CAN
1802.442	1802.582	434	THE
1802.582	1803.072	11	AGENCY
1803.072	1803.582	315	OVERTHROW
1803.582	1803.942	13	ALIEN
1803.942	1804.452	162	FORCES
1804.452	1812.361	99999	sp
1812.361	1812.442	1	A
1812.442	1813.142	371	SCREWDRIVER
1813.142	1813.352	224	IS
1813.352	1813.642	252	MADE
1813.642	1813.832	166	FROM
1813.832	1814.171	469	VODKA
1814.171	1814.331	20	AND
1814.331	1814.661	303	ORANGE
1814.661	1815.171	230	JUICE
1815.171	1822.951	99999	sp
1822.951	1823.091	210	HOW
1823.091	1823.301	269	MUCH
1823.301	1823.801	16	ALLOWANCE
1823.801	1823.881	128	DO
1823.881	1824.021	495	YOU
1824.021	1824.471	177	GET
1824.471	1831.371	99999	sp
1831.371	1832.021	115	CYCLICAL
1832.021	1832.581	346	PROGRAMS
1832.581	1832.681	485	WILL
1832.681	1833.0720000000001	281	NEVER
1833.0720000000001	1833.781	100	COMPILE
1833.781	1841.392	99999	sp
1841.392	1841.541	434	THE
1841.541	1841.981	61	BOSTON
1841.981	1842.351	45	BALLET
1842.351	1842.841	312	OVERCAME
1842.841	1842.981	435	THEIR
1842.981	1843.331	170	FUNDING
1843.331	1843.971	380	SHORTAGE
1843.971	1852.962	99999	sp
1852.962	1853.181	145	EVERY
1853.181	1853.561	74	CAB
1853.561	1853.811	280	NEEDS
1853.811	1854.361	364	REPAINTING
1854.361	1854.401	99999	sp
1854.401	1855.031	296	OFTEN
1855.031	1864.352	99999	sp
1864.352	1864.662	203	HELP
1864.662	1864.921	196	GREG
1864.921	1865.081	446	TO
1865.081	1865.311	325	PICK
1865.311	1865.391	1	A
1865.391	1865.662	321	PECK
1865.662	1865.742	294	OF
1865.742	1865.781	99999	sp
1865.781	1866.632	338	POTATOES
1866.632	1875.431	99999	sp
1875.431	1875.5720000000001	476	WE
1875.5720000000001	1875.802	241	LIKE
1875.802	1876.041	55	BLUE
1876.041	1876.531	88	CHEESE
1876.531	1876.731	70	BUT
1876.731	1877.011	466	VICTOR
1877.011	1877.382	242	LIKES
1877.382	1877.421	99999	sp
1877.421	1877.791	64	BRIE
1877.791	1887.141	99999	sp
1887.141	1887.412	108	COUNT
1887.412	1887.501	434	THE
1887.501	1887.861	289	NUMBER
1887.861	1887.921	294	OF
1887.921	1888.481	429	TEASPOONS
1888.481	1888.552	294	OF
1888.552	1889.251	395	SOYSAUCE
1889.251	1889.391	433	THAT
1889.391	1889.552	495	YOU
1889.552	1890.151	7	ADD
1890.151	1900.302	99999	sp
1900.302	1900.891	44	BAGPIPES
1900.891	1901.141	20	AND
1901.141	1901.412	99999	sp
1901.412	1902.111	59	BONGOS
1902.111	1902.242	30	ARE
1902.242	1902.691	273	MUSICAL
1902.691	1903.541	220	INSTRUMENTS
1903.541	1913.3319999999999	99999	sp
1913.3319999999999	1913.5819999999999	210	HOW
1913.5819999999999	1913.8220000000001	189	GOOD
1913.8220000000001	1913.952	224	IS
1913.952	1914.092	496	YOUR
1914.092	1914.842	138	ENDURANCE
1914.842	1928.681	99999	sp
2526.832	2532.998	99999	sp
2532.998	2533.082	30	ARE
2533.082	2533.275	496	YOUR
2533.275	2533.599	192	GRADES
2533.599	2533.942	206	HIGHER
2533.942	2534.122	302	OR
2534.122	2534.479	251	LOWER
2534.479	2534.582	432	THAN
2534.582	2535.302	275	NANCY'S
2535.302	2545.4610000000002	99999	sp
2545.4610000000002	2545.732	375	SHE
2545.732	2546.002	490	WORE
2546.002	2546.449	471	WARM
2546.449	2546.998	158	FLEECY
2546.998	2547.312	489	WOOLEN
2547.312	2548.082	311	OVERALLS
2548.082	2556.932	99999	sp
2556.932	2557.186	354	READING
2557.186	2557.35	217	IN
2557.35	2557.393	99999	sp
2557.393	2557.637	335	POOR
2557.637	2557.966	240	LIGHT
2557.966	2558.178	181	GIVES
2558.178	2558.266	495	YOU
2558.266	2558.972	150	EYESTRAIN
2558.972	2567.995	99999	sp
2567.995	2568.282	142	EVEN
2568.282	2568.498	211	I
2568.498	2569.116	293	OCCASIONALLY
2569.116	2569.288	177	GET
2569.288	2569.357	434	THE
2569.357	2569.729	265	MONDAY
2569.729	2570.272	56	BLUES
2570.272	2579.254	99999	sp
2579.254	2579.332	476	WE
2579.332	2579.434	30	ARE
2579.434	2579.76	301	OPEN
2579.76	2580.093	145	EVERY
2580.093	2580.447	265	MONDAY
2580.447	2580.882	143	EVENING
2580.882	2588.978	99999	sp
2588.978	2589.197	226	IT'S
2589.197	2589.384	285	NOT
2589.384	2589.712	133	EASY
2589.712	2589.925	446	TO
2589.925	2590.3559999999998	113	CREATE
2590.3559999999998	2591.052	215	ILLUMINATING
2591.052	2591.982	146	EXAMPLES
2591.982	2601.474	99999	sp
2601.474	2601.72	270	MUM
2601.72	2602.306	407	STRONGLY
2602.306	2602.734	126	DISLIKES
2602.734	2603.681	27	APPETIZERS
2603.681	2612.353	99999	sp
2612.353	2612.632	443	THOSE
2612.632	2612.798	484	WHO
2612.798	2613.077	427	TEACH
2613.077	2613.583	462	VALUES
2613.583	2613.881	156	FIRST
2613.881	2614.372	4	ABOLISH
2614.372	2614.454	99999	sp
2614.454	2614.972	87	CHEATING
2614.972	2624.2	99999	sp
2624.2	2624.278	434	THE
2624.278	2624.811	165	FRIGHTENED
2624.811	2625.202	89	CHILD
2625.202	2625.368	472	WAS
2625.368	2625.706	176	GENTLY
2625.706	2626.212	410	SUBDUED
2626.212	2626.386	73	BY
2626.386	2626.652	208	HIS
2626.652	2626.892	52	BIG
2626.892	2627.362	66	BROTHER
2627.362	2637.725	99999	sp
2637.725	2637.937	142	EVEN
2637.937	2638.014	1	A
2638.014	2638.368	383	SIMPLE
2638.368	2639.218	468	VOCABULARY
2639.218	2639.835	104	CONTAINS
2639.835	2640.562	422	SYMBOLS
2640.562	2650.497	99999	sp
2650.497	2650.638	1	A
2650.638	2650.942	110	CRAB
2650.942	2651.505	85	CHALLENGED
2651.505	2651.759	258	ME
2651.759	2651.839	99999	sp
2651.839	2651.936	70	BUT
2651.936	2652.069	1	A
2652.069	2652.293	350	QUICK
2652.293	2652.779	402	STAB
2652.779	2653.272	464	VANQUISHED
2653.272	2653.531	207	HIM
2653.531	2664.169	99999	sp
2664.169	2664.619	183	GLUCOSE
2664.619	2664.723	20	AND
2664.723	2665.261	167	FRUCTOSE
2665.261	2665.343	30	ARE
2665.343	2665.783	276	NATURAL
2665.783	2666.263	414	SUGARS
2666.263	2666.559	163	FOUND
2666.559	2666.694	217	IN
2666.694	2667.242	168	FRUIT
2667.242	2676.921	99999	sp
2676.921	2677.003	30	ARE
2677.003	2677.107	495	YOU
2677.107	2677.417	250	LOOKING
2677.417	2677.61	161	FOR
2677.61	2678.182	136	EMPLOYMENT
2678.182	2686.091	99999	sp
2686.091	2686.412	98	COFFEE
2686.412	2686.63	224	IS
2686.63	2686.862	198	GROWN
2686.862	2687.033	297	ON
2687.033	2687.466	404	STEEP
2687.466	2687.742	231	JUNGLE
2687.742	2687.929	241	LIKE
2687.929	2688.385	390	SLOPES
2688.385	2688.537	217	IN
2688.537	2688.985	431	TEMPERATE
2688.985	2689.651	497	ZONES
2689.651	2699.299	99999	sp
2699.299	2699.374	476	WE
2699.374	2699.77	480	WELCOME
2699.77	2700.068	256	MANY
2700.068	2700.213	282	NEW
2700.213	2700.708	408	STUDENTS
2700.708	2700.761	99999	sp
2700.761	2701.002	132	EACH
2701.002	2701.272	491	YEAR
2701.272	2710.075	99999	sp
2710.075	2710.351	298	ONLY
2710.351	2710.506	434	THE
2710.506	2710.833	51	BEST
2710.833	2711.291	330	PLAYERS
2711.291	2711.697	139	ENJOY
2711.697	2712.522	336	POPULARITY
2712.522	2721.888	99999	sp
2721.888	2722.343	75	CALCIUM
2722.343	2722.672	254	MAKES
2722.672	2723.079	58	BONES
2723.079	2723.2690000000002	20	AND
2723.2690000000002	2723.572	430	TEETH
2723.572	2724.132	406	STRONG
2724.132	2733.468	99999	sp
2733.468	2733.8940000000002	286	NOTHING
2733.8940000000002	2734.091	224	IS
2734.091	2734.227	34	AS
2734.227	2734.781	295	OFFENSIVE
2734.781	2735.018	34	AS
2735.018	2735.851	219	INNOCENCE
2735.851	2744.802	99999	sp
2744.802	2745.234	405	STEVE
2745.234	2745.401	490	WORE
2745.401	2745.485	1	A
2745.485	2745.718	65	BRIGHT
2745.718	2746.007	356	RED
2746.007	2746.524	78	CASHMERE
2746.524	2747.072	420	SWEATER
2747.072	2756.073	99999	sp
2756.073	2756.417	46	BARB'S
2756.417	2756.645	188	GOLD
2756.645	2757.103	63	BRACELET
2757.103	2757.276	472	WAS
2757.276	2757.413	1	A
2757.413	2758.033	193	GRADUATION
2758.033	2758.643	339	PRESENT
2758.643	2767.967	99999	sp
2767.967	2768.189	130	DRAW
2768.189	2768.506	145	EVERY
2768.506	2768.812	308	OUTER
2768.812	2769.057	244	LINE
2769.057	2769.686	156	FIRST
2769.686	2769.892	436	THEN
2769.892	2770.132	154	FILL
2770.132	2770.252	217	IN
2770.252	2770.362	434	THE
2770.362	2771.062	222	INTERIOR
2771.062	2780.77	99999	sp
2780.77	2780.858	434	THE
2780.858	2781.207	475	WATER
2781.207	2781.702	103	CONTAINED
2781.702	2781.799	99999	sp
2781.799	2781.901	448	TOO
2781.901	2782.189	269	MUCH
2782.189	2782.708	90	CHLORINE
2782.708	2782.908	20	AND
2782.908	2783.303	409	STUNG
2783.303	2783.522	208	HIS
2783.522	2784.041	149	EYES
2784.041	2794.667	99999	sp
2794.667	2795.052	229	JOHN'S
2795.052	2795.296	66	BROTHER
2795.296	2795.872	363	REPAINTED
2795.872	2796.002	434	THE
2796.002	2796.491	173	GARAGE
2796.491	2796.841	129	DOOR
2796.841	2806.73	99999	sp
2806.73	2807.287	84	CHALLENGE
2807.287	2807.601	132	EACH
2807.601	2808.146	175	GENERAL'S
2808.146	2809.142	221	INTELLIGENCE
2809.142	2818.132	99999	sp
2818.132	2818.852	17	AMBIDEXTROUS
2818.852	2818.929	99999	sp
2818.929	2819.552	327	PICKPOCKETS
2819.552	2820.168	6	ACCOMPLISH
2820.168	2820.601	267	MORE
2820.601	2829.238	99999	sp
2829.238	2829.281	1	A
2829.281	2829.834	271	MUSCULAR
2829.834	2830.334	2	ABDOMEN
2830.334	2830.516	224	IS
2830.516	2830.651	189	GOOD
2830.651	2830.85	161	FOR
2830.85	2831.011	496	YOUR
2831.011	2831.521	43	BACK
2831.521	2839.388	99999	sp
2839.388	2839.499	438	THEY
2839.499	2839.649	317	OWN
2839.649	2839.762	1	A
2839.762	2839.948	52	BIG
2839.948	2840.3469999999998	209	HOUSE
2840.3469999999998	2840.392	217	IN
2840.392	2840.478	434	THE
2840.478	2840.866	361	REMOTE
2840.866	2841.794	109	COUNTRYSIDE
2841.794	2850.388	99999	sp
2850.388	2850.486	434	THE
2850.486	2850.84	369	ROSE
2850.84	2851.435	106	CORSAGE
2851.435	2851.763	393	SMELLED
2851.763	2852.342	421	SWEET
2852.342	2860.967	99999	sp
2860.967	2861.163	433	THAT
2861.163	2861.213	99999	sp
2861.213	2861.861	326	PICKPOCKET
2861.861	2862.169	472	WAS
2862.169	2862.397	80	CAUGHT
2862.397	2862.622	356	RED
2862.622	2863.132	199	HANDED
2863.132	2871.983	99999	sp
2871.983	2872.06	19	AN
2872.06	2872.451	9	ADULT
2872.451	2872.688	255	MALE
2872.688	2873.295	42	BABOON'S
2873.295	2873.511	430	TEETH
2873.511	2873.636	30	ARE
2873.636	2873.872	285	NOT
2873.872	2874.294	415	SUITABLE
2874.294	2874.482	161	FOR
2874.482	2874.782	135	EATING
2874.782	2875.531	376	SHELLFISH
2875.531	2885.2780000000002	99999	sp
2885.2780000000002	2885.462	204	HER
2885.462	2885.962	470	WARDROBE
2885.962	2886.555	102	CONSISTS
2886.555	2886.694	294	OF
2886.694	2886.917	298	ONLY
2886.917	2887.444	385	SKIRTS
2887.444	2887.632	20	AND
2887.632	2888.322	54	BLOUSES
2888.322	2897.564	99999	sp
2897.564	2897.736	434	THE
2897.736	2897.937	453	TWO
2897.937	2898.446	33	ARTISTS
2898.446	2899.1530000000002	147	EXCHANGED
2899.1530000000002	2899.922	39	AUTOGRAPHS
2899.922	2909.594	99999	sp
2909.594	2910.139	71	BUTTERSCOTCH
2910.139	2910.482	169	FUDGE
2910.482	2910.7380000000003	186	GOES
2910.7380000000003	2910.971	481	WELL
2910.971	2911.172	487	WITH
2911.172	2911.514	463	VANILLA
2911.514	2911.841	212	ICE
2911.841	2912.202	112	CREAM
2912.202	2922.721	99999	sp
2922.721	2923.112	366	RICH
2923.112	2923.1620000000003	99999	sp
2923.1620000000003	2923.742	349	PURCHASED
2923.742	2924.085	374	SEVERAL
2924.085	2924.574	382	SIGNED
2924.574	2925.748	245	LITHOGRAPHS
2925.748	2935.292	99999	sp
2935.292	2935.551	24	ANY
2935.551	2936.424	105	CONTRIBUTIONS
2936.424	2936.559	485	WILL
2936.559	2936.7709999999997	47	BE
2936.7709999999997	2937.209	195	GREATLY
2937.209	2938.062	28	APPRECIATED
2938.062	2946.54	99999	sp
2946.54	2946.682	434	THE
2946.682	2947.2	111	CRANBERRY
2947.2	2947.602	57	BOG
2947.602	2947.882	178	GETS
2947.882	2948.281	465	VERY
2948.281	2948.657	340	PRETTY
2948.657	2948.864	217	IN
2948.864	2949.332	40	AUTUMN
2949.332	2957.945	99999	sp
2957.945	2958.19	210	HOW
2958.19	2958.312	128	DO
2958.312	2958.775	318	OYSTERS
2958.775	2958.98	253	MAKE
2958.98	2959.552	320	PEARLS
2959.552	2967.001	99999	sp
2967.001	2967.246	257	MAY
2967.246	2967.3450000000003	211	I
2967.3450000000003	2967.601	304	ORDER
2967.601	2967.736	1	A
2967.736	2968.178	319	PARFAIT
2968.178	2968.4809999999998	10	AFTER
2968.4809999999998	2968.591	211	I
2968.591	2968.846	134	EAT
2968.846	2970.0	124	DINNER
2970.0	2977.162	99999	sp
2977.162	2977.244	224	IS
2977.244	2977.436	375	SHE
2977.436	2977.723	187	GOING
2977.723	2977.89	487	WITH
2977.89	2978.091	495	YOU
2978.091	2985.86	99999	sp
2985.86	2986.052	76	CAN
2986.052	2986.134	434	THE
2986.134	2986.662	11	AGENCY
2986.662	2987.225	315	OVERTHROW
2987.225	2987.581	13	ALIEN
2987.581	2988.252	162	FORCES
2988.252	2996.974	99999	sp
2996.974	2997.031	1	A
2997.031	2997.749	371	SCREWDRIVER
2997.749	2997.902	224	IS
2997.902	2998.17	252	MADE
2998.17	2998.484	166	FROM
2998.484	2998.909	469	VODKA
2998.909	2999.062	20	AND
2999.062	2999.452	303	ORANGE
2999.452	2999.931	230	JUICE
2999.931	3008.672	99999	sp
3008.672	3008.787	210	HOW
3008.787	3009.011	269	MUCH
3009.011	3009.542	16	ALLOWANCE
3009.542	3009.611	128	DO
3009.611	3009.799	495	YOU
3009.799	3010.099	177	GET
3010.099	3018.203	99999	sp
3018.203	3018.851	115	CYCLICAL
3018.851	3018.87	99999	sp
3018.87	3019.461	346	PROGRAMS
3019.461	3019.555	485	WILL
3019.555	3019.97	281	NEVER
3019.97	3020.651	100	COMPILE
3020.651	3029.402	99999	sp
3029.402	3029.471	434	THE
3029.471	3029.931	61	BOSTON
3029.931	3030.301	45	BALLET
3030.301	3030.841	312	OVERCAME
3030.841	3030.963	435	THEIR
3030.963	3031.377	170	FUNDING
3031.377	3032.072	380	SHORTAGE
3032.072	3042.7690000000002	99999	sp
3042.7690000000002	3043.041	145	EVERY
3043.041	3043.355	74	CAB
3043.355	3043.62	280	NEEDS
3043.62	3044.132	364	REPAINTING
3044.132	3044.761	296	OFTEN
3044.761	3053.715	99999	sp
3053.715	3054.055	203	HELP
3054.055	3054.336	196	GREG
3054.336	3054.491	446	TO
3054.491	3054.681	325	PICK
3054.681	3054.794	1	A
3054.794	3054.992	321	PECK
3054.992	3055.126	294	OF
3055.126	3055.852	338	POTATOES
3055.852	3063.725	99999	sp
3063.725	3063.822	476	WE
3063.822	3064.08	241	LIKE
3064.08	3064.26	55	BLUE
3064.26	3064.698	88	CHEESE
3064.698	3064.802	70	BUT
3064.802	3065.154	466	VICTOR
3065.154	3065.52	242	LIKES
3065.52	3065.791	64	BRIE
3065.791	3074.22	99999	sp
3074.22	3074.487	108	COUNT
3074.487	3074.572	434	THE
3074.572	3074.899	289	NUMBER
3074.899	3075.092	294	OF
3075.092	3075.662	429	TEASPOONS
3075.662	3075.761	294	OF
3075.761	3076.47	395	SOYSAUCE
3076.47	3076.609	433	THAT
3076.609	3076.751	495	YOU
3076.751	3077.2309999999998	7	ADD
3077.2309999999998	3086.781	99999	sp
3086.781	3087.401	44	BAGPIPES
3087.401	3087.557	20	AND
3087.557	3088.024	59	BONGOS
3088.024	3088.107	30	ARE
3088.107	3088.541	273	MUSICAL
3088.541	3089.391	220	INSTRUMENTS
3089.391	3097.884	99999	sp
3097.884	3098.082	210	HOW
3098.082	3098.342	189	GOOD
3098.342	3098.472	224	IS
3098.472	3098.582	496	YOUR
3098.582	3099.292	138	ENDURANCE
3099.292	3100.022	99999	sp
3704.387	3704.475	30	ARE
3704.475	3704.6639999999998	496	YOUR
3704.6639999999998	3704.931	192	GRADES
3704.931	3705.388	206	HIGHER
3705.388	3705.502	302	OR
3705.502	3706.058	251	LOWER
3706.058	3706.151	432	THAN
3706.151	3706.802	275	NANCY'S
3706.802	3714.939	99999	sp
3714.939	3715.232	375	SHE
3715.232	3715.482	490	WORE
3715.482	3715.927	471	WARM
3715.927	3716.431	158	FLEECY
3716.431	3716.772	489	WOOLEN
3716.772	3717.492	311	OVERALLS
3717.492	3726.377	99999	sp
3726.377	3726.7309999999998	354	READING
3726.7309999999998	3726.903	217	IN
3726.903	3727.2	335	POOR
3727.2	3727.58	240	LIGHT
3727.58	3727.791	181	GIVES
3727.791	3727.892	495	YOU
3727.892	3728.672	150	EYESTRAIN
3728.672	3736.834	99999	sp
3736.834	3737.042	142	EVEN
3737.042	3737.227	211	I
3737.227	3737.912	293	OCCASIONALLY
3737.912	3738.142	177	GET
3738.142	3738.202	434	THE
3738.202	3738.609	265	MONDAY
3738.609	3739.172	56	BLUES
3739.172	3747.89	99999	sp
3747.89	3747.982	476	WE
3747.982	3748.096	30	ARE
3748.096	3748.44	301	OPEN
3748.44	3748.753	145	EVERY
3748.753	3749.077	265	MONDAY
3749.077	3749.612	143	EVENING
3749.612	3757.577	99999	sp
3757.577	3757.772	226	IT'S
3757.772	3757.9610000000002	285	NOT
3757.9610000000002	3758.292	133	EASY
3758.292	3758.499	446	TO
3758.499	3758.953	113	CREATE
3758.953	3759.628	215	ILLUMINATING
3759.628	3760.582	146	EXAMPLES
3760.582	3769.286	99999	sp
3769.286	3769.526	270	MUM
3769.526	3770.074	407	STRONGLY
3770.074	3770.526	126	DISLIKES
3770.526	3771.362	27	APPETIZERS
3771.362	3780.147	99999	sp
3780.147	3780.382	443	THOSE
3780.382	3780.48	484	WHO
3780.48	3780.785	427	TEACH
3780.785	3781.453	462	VALUES
3781.453	3781.739	156	FIRST
3781.739	3782.237	4	ABOLISH
3782.237	3782.732	87	CHEATING
3782.732	3791.308	99999	sp
3791.308	3791.372	434	THE
3791.372	3791.933	165	FRIGHTENED
3791.933	3792.365	89	CHILD
3792.365	3792.577	472	WAS
3792.577	3792.8940000000002	176	GENTLY
3792.8940000000002	3793.382	410	SUBDUED
3793.382	3793.492	73	BY
3793.492	3793.721	208	HIS
3793.721	3793.952	52	BIG
3793.952	3794.372	66	BROTHER
3794.372	3807.125	99999	sp
3807.125	3807.337	142	EVEN
3807.337	3807.408	1	A
3807.408	3807.782	383	SIMPLE
3807.782	3808.582	468	VOCABULARY
3808.582	3809.244	104	CONTAINS
3809.244	3810.012	422	SYMBOLS
3810.012	3819.047	99999	sp
3819.047	3819.187	1	A
3819.187	3819.524	110	CRAB
3819.524	3820.049	85	CHALLENGED
3820.049	3820.404	258	ME
3820.404	3820.4809999999998	70	BUT
3820.4809999999998	3820.609	1	A
3820.609	3820.849	350	QUICK
3820.849	3821.387	402	STAB
3821.387	3821.854	464	VANQUISHED
3821.854	3822.091	207	HIM
3822.091	3831.111	99999	sp
3831.111	3831.55	183	GLUCOSE
3831.55	3831.659	20	AND
3831.659	3832.166	167	FRUCTOSE
3832.166	3832.262	30	ARE
3832.262	3832.689	276	NATURAL
3832.689	3833.175	414	SUGARS
3833.175	3833.462	163	FOUND
3833.462	3833.583	217	IN
3833.583	3834.082	168	FRUIT
3834.082	3843.06	99999	sp
3843.06	3843.146	30	ARE
3843.146	3843.233	495	YOU
3843.233	3843.582	250	LOOKING
3843.582	3843.774	161	FOR
3843.774	3844.432	136	EMPLOYMENT
3844.432	3853.137	99999	sp
3853.137	3853.52	98	COFFEE
3853.52	3853.738	224	IS
3853.738	3854.006	198	GROWN
3854.006	3854.151	297	ON
3854.151	3854.594	404	STEEP
3854.594	3854.901	231	JUNGLE
3854.901	3855.107	241	LIKE
3855.107	3855.588	390	SLOPES
3855.588	3855.73	217	IN
3855.73	3856.132	431	TEMPERATE
3856.132	3856.862	497	ZONES
3856.862	3866.945	99999	sp
3866.945	3867.049	476	WE
3867.049	3867.4610000000002	480	WELCOME
3867.4610000000002	3867.785	256	MANY
3867.785	3867.952	282	NEW
3867.952	3868.516	408	STUDENTS
3868.516	3868.583	99999	sp
3868.583	3868.832	132	EACH
3868.832	3869.091	491	YEAR
3869.091	3879.181	99999	sp
3879.181	3879.471	298	ONLY
3879.471	3879.608	434	THE
3879.608	3879.688	99999	sp
3879.688	3879.96	51	BEST
3879.96	3880.023	99999	sp
3880.023	3880.433	330	PLAYERS
3880.433	3880.806	139	ENJOY
3880.806	3881.672	336	POPULARITY
3881.672	3891.082	99999	sp
3891.082	3891.632	75	CALCIUM
3891.632	3891.879	254	MAKES
3891.879	3891.952	99999	sp
3891.952	3892.272	58	BONES
3892.272	3892.434	20	AND
3892.434	3892.712	430	TEETH
3892.712	3893.312	406	STRONG
3893.312	3902.253	99999	sp
3902.253	3902.776	286	NOTHING
3902.776	3902.932	224	IS
3902.932	3903.092	34	AS
3903.092	3903.642	295	OFFENSIVE
3903.642	3903.822	34	AS
3903.822	3904.642	219	INNOCENCE
3904.642	3914.297	99999	sp
3914.297	3914.81	405	STEVE
3914.81	3914.965	490	WORE
3914.965	3915.147	1	A
3915.147	3915.404	65	BRIGHT
3915.404	3915.762	356	RED
3915.762	3916.302	78	CASHMERE
3916.302	3916.781	420	SWEATER
3916.781	3926.197	99999	sp
3926.197	3926.536	46	BARB'S
3926.536	3926.774	188	GOLD
3926.774	3927.206	63	BRACELET
3927.206	3927.367	472	WAS
3927.367	3927.471	1	A
3927.471	3928.118	193	GRADUATION
3928.118	3928.522	339	PRESENT
3928.522	3937.919	99999	sp
3937.919	3938.156	130	DRAW
3938.156	3938.498	145	EVERY
3938.498	3938.827	308	OUTER
3938.827	3939.035	244	LINE
3939.035	3939.634	156	FIRST
3939.634	3939.942	436	THEN
3939.942	3940.178	154	FILL
3940.178	3940.3	217	IN
3940.3	3940.382	434	THE
3940.382	3941.052	222	INTERIOR
3941.052	3951.19	99999	sp
3951.19	3951.276	434	THE
3951.276	3951.63	475	WATER
3951.63	3952.143	103	CONTAINED
3952.143	3952.236	99999	sp
3952.236	3952.335	448	TOO
3952.335	3952.642	269	MUCH
3952.642	3953.104	90	CHLORINE
3953.104	3953.266	20	AND
3953.266	3953.697	409	STUNG
3953.697	3953.865	208	HIS
3953.865	3954.411	149	EYES
3954.411	3964.071	99999	sp
3964.071	3964.4809999999998	229	JOHN'S
3964.4809999999998	3964.682	66	BROTHER
3964.682	3965.244	363	REPAINTED
3965.244	3965.361	434	THE
3965.361	3965.77	173	GARAGE
3965.77	3966.082	129	DOOR
3966.082	3974.649	99999	sp
3974.649	3975.23	84	CHALLENGE
3975.23	3975.518	132	EACH
3975.518	3976.017	175	GENERAL'S
3976.017	3977.041	221	INTELLIGENCE
3977.041	3986.071	99999	sp
3986.071	3986.797	17	AMBIDEXTROUS
3986.797	3986.865	99999	sp
3986.865	3987.556	327	PICKPOCKETS
3987.556	3988.151	6	ACCOMPLISH
3988.151	3988.522	267	MORE
3988.522	3998.917	99999	sp
3998.917	3998.983	1	A
3998.983	3999.5950000000003	271	MUSCULAR
3999.5950000000003	4000.216	2	ABDOMEN
4000.216	4000.352	224	IS
4000.352	4000.448	99999	sp
4000.448	4000.612	189	GOOD
4000.612	4000.781	161	FOR
4000.781	4000.935	496	YOUR
4000.935	4001.432	43	BACK
4001.432	4010.437	99999	sp
4010.437	4010.549	438	THEY
4010.549	4010.7200000000003	317	OWN
4010.7200000000003	4010.9	1	A
4010.9	4011.094	52	BIG
4011.094	4011.549	209	HOUSE
4011.549	4011.635	217	IN
4011.635	4011.702	434	THE
4011.702	4012.054	361	REMOTE
4012.054	4012.862	109	COUNTRYSIDE
4012.862	4021.956	99999	sp
4021.956	4022.059	434	THE
4022.059	4022.341	369	ROSE
4022.341	4022.916	106	CORSAGE
4022.916	4023.172	393	SMELLED
4023.172	4023.781	421	SWEET
4023.781	4032.111	99999	sp
4032.111	4032.338	433	THAT
4032.338	4032.892	326	PICKPOCKET
4032.892	4033.074	472	WAS
4033.074	4033.272	80	CAUGHT
4033.272	4033.573	356	RED
4033.573	4034.091	199	HANDED
4034.091	4043.511	99999	sp
4043.511	4043.618	19	AN
4043.618	4044.004	9	ADULT
4044.004	4044.2219999999998	255	MALE
4044.2219999999998	4044.81	42	BABOON'S
4044.81	4045.062	430	TEETH
4045.062	4045.182	30	ARE
4045.182	4045.467	285	NOT
4045.467	4045.916	415	SUITABLE
4045.916	4046.089	161	FOR
4046.089	4046.442	135	EATING
4046.442	4047.262	376	SHELLFISH
4047.262	4056.817	99999	sp
4056.817	4057.022	204	HER
4057.022	4057.451	470	WARDROBE
4057.451	4057.9719999999998	102	CONSISTS
4057.9719999999998	4058.085	294	OF
4058.085	4058.281	298	ONLY
4058.281	4058.721	385	SKIRTS
4058.721	4058.853	20	AND
4058.853	4059.469	54	BLOUSES
4059.469	4067.623	99999	sp
4067.623	4067.766	434	THE
4067.766	4067.969	453	TWO
4067.969	4068.502	33	ARTISTS
4068.502	4069.272	147	EXCHANGED
4069.272	4070.002	39	AUTOGRAPHS
4070.002	4079.415	99999	sp
4079.415	4079.991	71	BUTTERSCOTCH
4079.991	4080.4120000000003	169	FUDGE
4080.4120000000003	4080.618	186	GOES
4080.618	4080.8450000000003	481	WELL
4080.8450000000003	4081.032	487	WITH
4081.032	4081.432	463	VANILLA
4081.432	4081.724	212	ICE
4081.724	4082.052	112	CREAM
4082.052	4091.393	99999	sp
4091.393	4091.668	366	RICH
4091.668	4091.74	99999	sp
4091.74	4092.152	349	PURCHASED
4092.152	4092.598	374	SEVERAL
4092.598	4093.022	382	SIGNED
4093.022	4093.971	245	LITHOGRAPHS
4093.971	4103.407	99999	sp
4103.407	4103.65	24	ANY
4103.65	4104.417	105	CONTRIBUTIONS
4104.417	4104.514	485	WILL
4104.514	4104.676	47	BE
4104.676	4105.004	195	GREATLY
4105.004	4105.862	28	APPRECIATED
4105.862	4114.599	99999	sp
4114.599	4114.735	434	THE
4114.735	4115.232	111	CRANBERRY
4115.232	4115.644	57	BOG
4115.644	4115.711	99999	sp
4115.711	4116.006	178	GETS
4116.006	4116.358	465	VERY
4116.358	4116.656	340	PRETTY
4116.656	4116.761	217	IN
4116.761	4117.282	40	AUTUMN
4117.282	4126.8150000000005	99999	sp
4126.8150000000005	4127.023	210	HOW
4127.023	4127.142	128	DO
4127.142	4127.674	318	OYSTERS
4127.674	4127.894	253	MAKE
4127.894	4128.4439999999995	320	PEARLS
4128.4439999999995	4136.802	99999	sp
4136.802	4137.054	257	MAY
4137.054	4137.131	211	I
4137.131	4137.381	304	ORDER
4137.381	4137.515	1	A
4137.515	4137.934	319	PARFAIT
4137.934	4138.153	10	AFTER
4138.153	4138.28	211	I
4138.28	4138.467	134	EAT
4138.467	4138.955	124	DINNER
4138.955	4147.219	99999	sp
4147.219	4147.28	224	IS
4147.28	4147.5	375	SHE
4147.5	4147.697	187	GOING
4147.697	4147.916	487	WITH
4147.916	4148.12	495	YOU
4148.12	4155.12	99999	sp
4155.12	4155.258	76	CAN
4155.258	4155.348	434	THE
4155.348	4155.865	11	AGENCY
4155.865	4156.46	315	OVERTHROW
4156.46	4156.76	13	ALIEN
4156.76	4158.0	162	FORCES
4158.0	4165.171	99999	sp
4165.171	4165.272	1	A
4165.272	4165.912	371	SCREWDRIVER
4165.912	4166.111	224	IS
4166.111	4166.401	252	MADE
4166.401	4166.651	166	FROM
4166.651	4166.992	469	VODKA
4166.992	4167.231	20	AND
4167.231	4167.521	303	ORANGE
4167.521	4168.101	230	JUICE
4168.101	4179.902	99999	sp
4179.902	4180.032	210	HOW
4180.032	4180.242	269	MUCH
4180.242	4180.742	16	ALLOWANCE
4180.742	4180.822	128	DO
4180.822	4180.952	495	YOU
4180.952	4181.322	177	GET
4181.322	4189.812	99999	sp
4189.812	4190.481	115	CYCLICAL
4190.481	4191.101	346	PROGRAMS
4191.101	4191.291	485	WILL
4191.291	4191.611	281	NEVER
4191.611	4192.281	100	COMPILE
4192.281	4200.591	99999	sp
4200.591	4200.731	434	THE
4200.731	4201.171	61	BOSTON
4201.171	4201.531	45	BALLET
4201.531	4202.101	312	OVERCAME
4202.101	4202.241	435	THEIR
4202.241	4202.601	170	FUNDING
4202.601	4203.271	380	SHORTAGE
4203.271	4212.031	99999	sp
4212.031	4212.322	145	EVERY
4212.322	4212.361	99999	sp
4212.361	4212.681	74	CAB
4212.681	4212.921	280	NEEDS
4212.921	4213.401	364	REPAINTING
4213.401	4214.011	296	OFTEN
4214.011	4221.551	99999	sp
4221.551	4221.901	203	HELP
4221.901	4222.221	196	GREG
4222.221	4222.331	446	TO
4222.331	4222.552	325	PICK
4222.552	4222.621	1	A
4222.621	4222.891	321	PECK
4222.891	4222.971	294	OF
4222.971	4223.011	99999	sp
4223.011	4223.772	338	POTATOES
4223.772	4231.772	99999	sp
4231.772	4231.891	476	WE
4231.891	4232.102	241	LIKE
4232.102	4232.322	55	BLUE
4232.322	4232.721	88	CHEESE
4232.721	4232.912	70	BUT
4232.912	4233.221	466	VICTOR
4233.221	4233.501	242	LIKES
4233.501	4233.791	64	BRIE
4233.791	4242.501	99999	sp
4242.501	4242.742	108	COUNT
4242.742	4242.802	434	THE
4242.802	4243.041	289	NUMBER
4243.041	4243.132	294	OF
4243.132	4243.822	429	TEASPOONS
4243.822	4244.072	294	OF
4244.072	4244.742	395	SOYSAUCE
4244.742	4244.871	433	THAT
4244.871	4245.041	495	YOU
4245.041	4245.471	7	ADD
4245.471	4256.861	99999	sp
4256.861	4257.561	44	BAGPIPES
4257.561	4257.781	20	AND
4257.781	4258.431	59	BONGOS
4258.431	4258.581	30	ARE
4258.581	4259.001	273	MUSICAL
4259.001	4259.841	220	INSTRUMENTS
4259.841	4268.591	99999	sp
4268.591	4268.841	210	HOW
4268.841	4269.061	189	GOOD
4269.061	4269.181	224	IS
4269.181	4269.311	496	YOUR
4269.311	4270.091	138	ENDURANCE
