21.1698120	21.5408130	375 SHE
21.5408125	21.9608125	490	WORE
21.9608125	22.4398125	471	WARM
22.4398125	23.100812499999996	158	FLEECY
23.100812499999996	23.6598125	489	WOOLEN
23.6598125	24.5108125	311	OVERALLS
24.5108125	36.2158125	99999	sp
36.2158125	36.6758125	354	READING
36.6758125	36.985812499999994	217	IN
36.985812499999994	37.3358125	335	POOR
37.3358125	37.7458125	240	LIGHT
37.7458125	38.0858125	181	GIVES
38.0858125	38.2758125	495	YOU
38.2758125	39.07481249999999	150	EYESTRAIN
39.07481249999999	51.098	99999	sp
51.098	51.467999999999996	142	EVEN
51.467999999999996	51.928	211	I
51.928	52.678	293	OCCASIONALLY
52.678	52.948	177	GET
52.948	52.967999999999996	99999	sp
52.967999999999996	53.079	434	THE
53.079	53.509	265	MONDAY
53.509	54.227999999999994	56	BLUES
54.227999999999994	65.5060625	99999	sp
65.5060625	65.6760625	476	WE
65.6760625	65.8360625	30	ARE
65.8360625	66.23706250000001	301	OPEN
66.23706250000001	66.6670625	145	EVERY
66.6670625	67.0660625	265	MONDAY
67.0660625	67.7860625	143	EVENING
67.7860625	80.4133125	99999	sp
80.4133125	80.65331250000001	226	IT'S
80.65331250000001	80.9333125	285	NOT
80.9333125	81.3533125	133	EASY
81.3533125	81.50431250000001	446	TO
81.50431250000001	82.05431250000001	113	CREATE
82.05431250000001	82.79331250000001	215	ILLUMINATING
82.79331250000001	83.7433125	146	EXAMPLES
83.7433125	95.636375	99999	sp
95.636375	96.077375	270	MUM
96.077375	96.687375	407	STRONGLY
96.687375	97.357375	126	DISLIKES
97.357375	98.357375	27	APPETIZERS
98.357375	110.5800625	99999	sp
110.5800625	111.0000625	443	THOSE
111.0000625	111.12006249999999	484	WHO
111.12006249999999	111.5210625	427	TEACH
111.5210625	112.1700625	462	VALUES
112.1700625	112.20006249999999	99999	sp
112.20006249999999	112.73006249999999	156	FIRST
112.73006249999999	113.3810625	4	ABOLISH
113.3810625	114.0210625	87	CHEATING
114.0210625	127.643	99999	sp
127.643	127.77199999999999	434	THE
127.77199999999999	127.863	99999	sp
127.863	128.313	165	FRIGHTENED
128.313	128.34300000000002	99999	sp
128.34300000000002	128.832	89	CHILD
128.832	129.072	472	WAS
129.072	129.542	176	GENTLY
129.542	130.212	410	SUBDUED
130.212	130.462	73	BY
130.462	130.732	208	HIS
130.732	131.012	52	BIG
131.012	131.582	66	BROTHER
131.582	144.093125	99999	sp
144.093125	144.473125	142	EVEN
144.473125	144.573125	1	A
144.573125	145.06312499999999	383	SIMPLE
145.06312499999999	145.963125	468	VOCABULARY
145.963125	146.653125	104	CONTAINS
146.653125	147.443125	422	SYMBOLS
147.443125	160.212375	99999	sp
160.212375	160.35237500000002	1	A
160.35237500000002	160.88237500000002	110	CRAB
160.88237500000002	161.502375	85	CHALLENGED
161.502375	161.92237500000002	258	ME
161.92237500000002	162.002375	99999	sp
162.002375	162.16237500000003	70	BUT
162.16237500000003	162.252375	1	A
162.252375	162.552375	350	QUICK
162.552375	162.962375	402	STAB
162.962375	163.61237500000001	464	VANQUISHED
163.61237500000001	163.88237500000002	207	HIM
163.88237500000002	175.8643125	99999	sp
175.8643125	176.4943125	183	GLUCOSE
176.4943125	176.65331250000003	20	AND
176.65331250000003	176.72431250000002	99999	sp
176.72431250000002	177.32431250000002	167	FRUCTOSE
177.32431250000002	177.44431250000002	30	ARE
177.44431250000002	177.9643125	276	NATURAL
177.9643125	178.5243125	414	SUGARS
178.5243125	178.91431250000002	163	FOUND
178.91431250000002	179.07431250000002	217	IN
179.07431250000002	179.56431250000003	168	FRUIT
179.56431250000003	189.80275	99999	sp
189.80275	189.92275	30	ARE
189.92275	190.20275	495	YOU
190.20275	190.57275	250	LOOKING
190.57275	190.84275	161	FOR
190.84275	191.54275	136	EMPLOYMENT
191.54275	205.1359375	99999	sp
205.1359375	205.6059375	98	COFFEE
205.6059375	205.90593750000002	224	IS
205.90593750000002	206.34593750000002	198	GROWN
206.34593750000002	206.61593750000003	297	ON
206.61593750000003	207.24593750000003	404	STEEP
207.24593750000003	207.73593750000003	231	JUNGLE
207.73593750000003	208.00593750000002	241	LIKE
208.00593750000002	208.65593750000002	390	SLOPES
208.65593750000002	208.86593750000003	217	IN
208.86593750000003	209.3559375	431	TEMPERATE
209.3559375	210.11593750000003	497	ZONES
210.11593750000003	220.9653125	99999	sp
220.9653125	221.1453125	476	WE
221.1453125	221.7253125	480	WELCOME
221.7253125	222.0053125	256	MANY
222.0053125	222.2443125	282	NEW
222.2443125	222.80531249999999	408	STUDENTS
222.80531249999999	223.1353125	132	EACH
223.1353125	223.4353125	491	YEAR
223.4353125	235.362875	99999	sp
235.362875	235.70387499999998	298	ONLY
235.70387499999998	235.79387499999999	434	THE
235.79387499999999	236.183875	51	BEST
236.183875	236.743875	330	PLAYERS
236.743875	237.20387499999998	139	ENJOY
237.20387499999998	238.142875	336	POPULARITY
238.142875	249.94475	99999	sp
249.94475	250.63475	75	CALCIUM
250.63475	250.93375	254	MAKES
250.93375	251.52474999999998	58	BONES
251.52474999999998	251.74474999999998	20	AND
251.74474999999998	252.00475	430	TEETH
252.00475	252.69475	406	STRONG
252.69475	264.7545	99999	sp
264.7545	265.2145	286	NOTHING
265.2145	265.4845	224	IS
265.4845	265.6535	34	AS
265.6535	266.4035	295	OFFENSIVE
266.4035	266.8045	34	AS
266.8045	267.6535	219	INNOCENCE
267.6535	278.946625	99999	sp
278.946625	279.477625	405	STEVE
279.477625	279.516625	99999	sp
279.516625	279.907625	490	WORE
279.907625	279.956625	1	A
279.956625	280.43762499999997	65	BRIGHT
280.43762499999997	280.467625	99999	sp
280.467625	280.737625	356	RED
280.737625	281.386625	78	CASHMERE
281.386625	281.917625	420	SWEATER
281.917625	293.9475	99999	sp
293.9475	294.5175	46	BARB'S
294.5175	294.8675	188	GOLD
294.8675	295.4475	63	BRACELET
295.4475	295.6975	472	WAS
295.6975	295.7575	1	A
295.7575	296.5475	193	GRADUATION
296.5475	297.0965	339	PRESENT
297.0965	309.60075	99999	sp
309.60075	309.98075	130	DRAW
309.98075	310.50075	145	EVERY
310.50075	310.85075	308	OUTER
310.85075	311.24075	244	LINE
311.24075	311.29075	99999	sp
311.29075	311.86075	156	FIRST
311.86075	312.32975	436	THEN
312.32975	312.35075	99999	sp
312.35075	312.62075	154	FILL
312.62075	312.81075	217	IN
312.81075	312.97075	434	THE
312.97075	313.69975	222	INTERIOR
313.69975	325.8280625	99999	sp
325.8280625	325.9990625	434	THE
325.9990625	326.3880625	475	WATER
326.3880625	327.0690625	103	CONTAINED
327.0690625	327.2490625	448	TOO
327.2490625	327.5690625	269	MUCH
327.5690625	327.5880625	99999	sp
327.5880625	328.2680625	90	CHLORINE
328.2680625	328.4790625	20	AND
328.4790625	328.8790625	409	STUNG
328.8790625	329.0990625	208	HIS
329.0990625	329.7080625	149	EYES
329.7080625	341.6116875	99999	sp
341.6116875	342.0616875	229	JOHN'S
342.0616875	342.4706875	66	BROTHER
342.4706875	343.1006875	363	REPAINTED
343.1006875	343.1916875	434	THE
343.1916875	343.7016875	173	GARAGE
343.7016875	344.2016875	129	DOOR
344.2016875	355.8094375	99999	sp
355.8094375	356.4004375	84	CHALLENGE
356.4004375	356.7904375	132	EACH
356.7904375	357.4394375	175	GENERAL'S
357.4394375	358.4394375	221	INTELLIGENCE
358.4394375	369.703875	99999	sp
369.703875	370.673875	17	AMBIDEXTROUS
370.673875	371.412875	327	PICKPOCKETS
371.412875	372.013875	6	ACCOMPLISH
372.013875	372.443875	267	MORE
372.443875	383.8709375	99999	sp
383.8709375	383.96093750000006	1	A
383.96093750000006	384.6209375	271	MUSCULAR
384.6209375	385.29093750000004	2	ABDOMEN
385.29093750000004	385.5009375	224	IS
385.5009375	385.78093750000005	189	GOOD
385.78093750000005	385.8109375	99999	sp
385.8109375	385.92093750000004	161	FOR
385.92093750000004	386.1209375	496	YOUR
386.1209375	386.67093750000004	43	BACK
386.67093750000004	399.2368125	99999	sp
399.2368125	399.62681249999997	438	THEY
399.62681249999997	399.8668125	317	OWN
399.8668125	399.90581249999997	1	A
399.90581249999997	400.25681249999997	52	BIG
400.25681249999997	400.8068125	209	HOUSE
400.8068125	400.9768125	217	IN
400.9768125	401.0368125	434	THE
401.0368125	401.44681249999996	361	REMOTE
401.44681249999996	402.4558125	109	COUNTRYSIDE
402.4558125	413.7226875	99999	sp
413.7226875	413.8916875	434	THE
413.8916875	414.3916875	369	ROSE
414.3916875	415.2926875	106	CORSAGE
415.2926875	415.8026875	393	SMELLED
415.8026875	416.4326875	421	SWEET
416.4326875	427.2325	99999	sp
427.2325	427.5225	433	THAT
427.5225	428.2215	326	PICKPOCKET
428.2215	428.4615	472	WAS
428.4615	428.8125	80	CAUGHT
428.8125	429.0825	356	RED
429.0825	429.7325	199	HANDED
429.7325	444.2408125	99999	sp
444.2408125	444.4408125	19	AN
444.4408125	444.8498125	9	ADULT
444.8498125	445.2508125	255	MALE
445.2508125	445.9308125	42	BABOON'S
445.9308125	446.4208125	430	TEETH
446.4208125	446.5408125	30	ARE
446.5408125	446.8108125	285	NOT
446.8108125	447.3998125	415	SUITABLE
447.3998125	447.6108125	161	FOR
447.6108125	447.9508125	135	EATING
447.9508125	448.8008125	376	SHELLFISH
448.8008125	460.4294375	99999	sp
460.4294375	460.6294375	204	HER
460.6294375	461.3484375	470	WARDROBE
461.3484375	462.0284375	102	CONSISTS
462.0284375	462.1684375	294	OF
462.1684375	462.5794375	298	ONLY
462.5794375	463.1094375	385	SKIRTS
463.1094375	463.2594375	20	AND
463.2594375	464.0694375	54	BLOUSES
464.0694375	475.1070625	99999	sp
475.1070625	475.2460625	434	THE
475.2460625	475.5660625	453	TWO
475.5660625	476.2570625	33	ARTISTS
476.2570625	477.0770625	147	EXCHANGED
477.0770625	477.9770625	39	AUTOGRAPHS
477.9770625	490.6416875	99999	sp
490.6416875	491.35168749999997	71	BUTTERSCOTCH
491.35168749999997	491.3916875	99999	sp
491.3916875	491.91168749999997	169	FUDGE
491.91168749999997	492.2406875	186	GOES
492.2406875	492.5816875	481	WELL
492.5816875	492.75068749999997	487	WITH
492.75068749999997	492.80168749999996	99999	sp
492.80168749999996	493.2406875	463	VANILLA
493.2406875	493.5316875	212	ICE
493.5316875	493.92168749999996	112	CREAM
493.92168749999996	506.093625	99999	sp
506.093625	506.55362499999995	366	RICH
506.55362499999995	507.143625	349	PURCHASED
507.143625	507.80362499999995	374	SEVERAL
507.80362499999995	508.63262499999996	382	SIGNED
508.63262499999996	509.54362499999996	245	LITHOGRAPHS
509.54362499999996	520.9760000000001	99999	sp
520.9760000000001	521.285	24	ANY
521.285	522.2329675744336	105	CONTRIBUTIONS
522.2329675744336	522.4173552206615	485	WILL
522.4173552206615	522.5460000000003	47	BE
522.5460000000003	523.0060000000003	195	GREATLY
523.0060000000003	523.7660000000001	28	APPRECIATED
523.7660000000001	535.7633125	99999	sp
535.7633125	535.8733125	434	THE
535.8733125	536.6033125	111	CRANBERRY
536.6033125	537.1233125	57	BOG
537.1233125	537.5033125	178	GETS
537.5033125	537.9733125	465	VERY
537.9733125	538.4533125	340	PRETTY
538.4533125	538.6033125	217	IN
538.6033125	539.1033125	40	AUTUMN
539.1033125	550.1166875	99999	sp
550.1166875	550.4666875	210	HOW
550.4666875	550.6166875	128	DO
550.6166875	551.2366875	318	OYSTERS
551.2366875	551.6266875	253	MAKE
551.6266875	552.3076875	320	PEARLS
552.3076875	563.93625	99999	sp
563.93625	564.21625	257	MAY
564.21625	564.36525	211	I
564.36525	564.8462499999999	304	ORDER
564.8462499999999	564.91625	1	A
564.91625	565.6352499999999	319	PARFAIT
565.6352499999999	566.08625	10	AFTER
566.08625	566.17625	211	I
566.17625	566.4762499999999	134	EAT
566.4762499999999	566.9862499999999	124	DINNER
566.9862499999999	577.809375	99999	sp
577.809375	577.9803750000001	224	IS
577.9803750000001	578.189375	375	SHE
578.189375	578.589375	187	GOING
578.589375	578.7703750000001	487	WITH
578.7703750000001	579.0003750000001	495	YOU
579.0003750000001	591.2351875	99999	sp
591.2351875	591.4761875	76	CAN
591.4761875	591.6351875	434	THE
591.6351875	592.2551875	11	AGENCY
592.2551875	592.9661875	315	OVERTHROW
592.9661875	593.5251875	13	ALIEN
593.5251875	594.3061875000001	162	FORCES
594.3061875000001	605.8505146501984	99999	sp
605.8505146501984	605.9295146501985	1	A
605.9295146501985	606.7895146501985	371	SCREWDRIVER
606.7895146501985	607.0205146501985	224	IS
607.0205146501985	607.3395146501985	252	MADE
607.3395146501985	607.6495146501985	166	FROM
607.6495146501985	608.2295146501984	469	VODKA
608.2295146501984	608.4695146501984	20	AND
608.4695146501984	608.8505146501984	303	ORANGE
608.8505146501984	609.4495146501985	230	JUICE
609.4495146501985	620.2159375	99999	sp
620.2159375	620.4059374999999	210	HOW
620.4059374999999	620.7259375	269	MUCH
620.7259375	621.3649375	16	ALLOWANCE
621.3649375	621.4859375	128	DO
621.4859375	621.6959375	495	YOU
621.6959375	622.2049375	177	GET
622.2049375	634.026125	99999	sp
634.026125	634.676125	115	CYCLICAL
634.676125	635.3561249999999	346	PROGRAMS
635.3561249999999	635.5061249999999	485	WILL
635.5061249999999	635.8761249999999	281	NEVER
635.8761249999999	636.6061249999999	100	COMPILE
636.6061249999999	649.2349375	99999	sp
649.2349375	649.3749375	434	THE
649.3749375	650.0359374999999	61	BOSTON
650.0359374999999	650.6249375	45	BALLET
650.6249375	651.3749375	312	OVERCAME
651.3749375	651.5849375	435	THEIR
651.5849375	652.1059375	170	FUNDING
652.1059375	652.8349375	380	SHORTAGE
652.8349375	664.853	99999	sp
664.853	665.2629999999999	145	EVERY
665.2629999999999	665.752	74	CAB
665.752	666.1829999999999	280	NEEDS
666.1829999999999	666.8919999999999	364	REPAINTING
666.8919999999999	667.4329999999999	296	OFTEN
667.4329999999999	678.9730625	99999	sp
678.9730625	679.2940625	203	HELP
679.2940625	679.7030625	196	GREG
679.7030625	679.8930624999999	446	TO
679.8930624999999	680.2030625	325	PICK
680.2030625	680.3130624999999	1	A
680.3130624999999	680.6840625	321	PECK
680.6840625	680.8240625	294	OF
680.8240625	681.6430624999999	338	POTATOES
681.6430624999999	692.993125	99999	sp
692.993125	693.232125	476	WE
693.232125	693.472125	241	LIKE
693.472125	693.482125	99999	sp
693.482125	693.7921249999999	55	BLUE
693.7921249999999	694.353125	88	CHEESE
694.353125	694.523125	70	BUT
694.523125	694.982125	466	VICTOR
694.982125	695.372125	242	LIKES
695.372125	695.862125	64	BRIE
695.862125	708.820875	99999	sp
708.820875	709.210875	108	COUNT
709.210875	709.269875	434	THE
709.269875	709.6898749999999	289	NUMBER
709.6898749999999	709.779875	294	OF
709.779875	709.7998749999999	99999	sp
709.7998749999999	710.5498749999999	429	TEASPOONS
710.5498749999999	710.629875	294	OF
710.629875	711.4008749999999	395	SOYSAUCE
711.4008749999999	711.5498749999999	433	THAT
711.5498749999999	711.7298749999999	495	YOU
711.7298749999999	712.029875	7	ADD
712.029875	724.265375	99999	sp
724.265375	725.0253749999999	44	BAGPIPES
725.0253749999999	725.184375	20	AND
725.184375	725.875375	59	BONGOS
725.875375	726.065375	30	ARE
726.065375	726.625375	273	MUSICAL
726.625375	727.475375	220	INSTRUMENTS
727.475375	738.017375	99999	sp
738.017375	738.267375	210	HOW
738.267375	738.6173749999999	189	GOOD
738.6173749999999	738.837375	224	IS
738.837375	739.1173749999999	496	YOUR
739.1173749999999	739.957375	138	ENDURANCE
739.957375	762.996125	99999	sp
1502.9929375	1503.1519374999998	30	ARE
1503.1519374999998	1503.3629374999998	496	YOUR
1503.3629374999998	1503.8529374999998	192	GRADES
1503.8529374999998	1504.3729374999998	206	HIGHER
1504.3729374999998	1504.5129375	302	OR
1504.5129375	1504.9329374999998	251	LOWER
1504.9329374999998	1505.1829374999998	432	THAN
1505.1829374999998	1505.9619374999997	275	NANCY'S
1505.9619374999997	1516.640125	99999	sp
1516.640125	1516.9991249999998	375	SHE
1516.9991249999998	1517.4291249999999	490	WORE
1517.4291249999999	1517.9501249999998	471	WARM
1517.9501249999998	1518.5491249999998	158	FLEECY
1518.5491249999998	1519.070125	489	WOOLEN
1519.070125	1519.9291249999999	311	OVERALLS
1519.9291249999999	1530.41525	99999	sp
1530.41525	1530.89525	354	READING
1530.89525	1531.16525	217	IN
1531.16525	1531.50425	335	POOR
1531.50425	1531.97525	240	LIGHT
1531.97525	1532.33525	181	GIVES
1532.33525	1532.5452500000001	495	YOU
1532.5452500000001	1533.35525	150	EYESTRAIN
1533.35525	1544.161	99999	sp
1544.161	1544.591	142	EVEN
1544.591	1544.991	211	I
1544.991	1545.731	293	OCCASIONALLY
1545.731	1545.971	177	GET
1545.971	1546.101	434	THE
1546.101	1546.541	265	MONDAY
1546.541	1547.271	56	BLUES
1547.271	1557.800875	99999	sp
1557.800875	1558.080875	476	WE
1558.080875	1558.249875	30	ARE
1558.249875	1558.6198749999999	301	OPEN
1558.6198749999999	1559.020875	145	EVERY
1559.020875	1559.439875	265	MONDAY
1559.439875	1560.240875	143	EVENING
1560.240875	1571.19175	99999	sp
1571.19175	1571.45175	226	IT'S
1571.45175	1571.70175	285	NOT
1571.70175	1572.0917499999998	133	EASY
1572.0917499999998	1572.24175	446	TO
1572.24175	1572.8017499999999	113	CREATE
1572.8017499999999	1573.5817499999998	215	ILLUMINATING
1573.5817499999998	1574.49175	146	EXAMPLES
1574.49175	1585.599875	99999	sp
1585.599875	1586.119875	270	MUM
1586.119875	1586.758875	407	STRONGLY
1586.758875	1587.429875	126	DISLIKES
1587.429875	1588.419875	27	APPETIZERS
1588.419875	1600.133875	99999	sp
1600.133875	1600.553875	443	THOSE
1600.553875	1600.683875	484	WHO
1600.683875	1601.043875	427	TEACH
1601.043875	1601.623875	462	VALUES
1601.623875	1601.7228750000002	99999	sp
1601.7228750000002	1602.1738750000002	156	FIRST
1602.1738750000002	1602.782875	4	ABOLISH
1602.782875	1603.363875	87	CHEATING
1603.363875	1615.88525	99999	sp
1615.88525	1616.03425	434	THE
1616.03425	1616.14525	99999	sp
1616.14525	1616.52525	165	FRIGHTENED
1616.52525	1617.04425	89	CHILD
1617.04425	1617.26525	472	WAS
1617.26525	1617.71525	176	GENTLY
1617.71525	1618.41425	410	SUBDUED
1618.41425	1618.63525	73	BY
1618.63525	1618.90425	208	HIS
1618.90425	1619.25525	52	BIG
1619.25525	1619.73525	66	BROTHER
1619.73525	1631.1115	99999	sp
1631.1115	1631.4805	142	EVEN
1631.4805	1631.5515	1	A
1631.5515	1632.0405	383	SIMPLE
1632.0405	1632.9315	468	VOCABULARY
1632.9315	1633.5905	104	CONTAINS
1633.5905	1634.2804999999998	422	SYMBOLS
1634.2804999999998	1645.936	99999	sp
1645.936	1646.046	1	A
1646.046	1646.135	99999	sp
1646.135	1646.466	110	CRAB
1646.466	1647.0649999999998	85	CHALLENGED
1647.0649999999998	1647.445	258	ME
1647.445	1647.5359999999998	99999	sp
1647.5359999999998	1647.706	70	BUT
1647.706	1647.7359999999999	1	A
1647.7359999999999	1648.0559999999998	350	QUICK
1648.0559999999998	1648.5359999999998	402	STAB
1648.5359999999998	1649.135	464	VANQUISHED
1649.135	1649.156	99999	sp
1649.156	1649.396	207	HIM
1649.396	1661.330375	99999	sp
1661.330375	1662.001375	183	GLUCOSE
1662.001375	1662.140375	20	AND
1662.140375	1662.950375	167	FRUCTOSE
1662.950375	1663.140375	30	ARE
1663.140375	1663.6913749999999	276	NATURAL
1663.6913749999999	1664.260375	414	SUGARS
1664.260375	1664.571375	163	FOUND
1664.571375	1664.710375	217	IN
1664.710375	1665.251375	168	FRUIT
1665.251375	1675.14	99999	sp
1675.14	1675.291	30	ARE
1675.291	1675.51	495	YOU
1675.51	1675.88	250	LOOKING
1675.88	1676.14	161	FOR
1676.14	1676.901	136	EMPLOYMENT
1676.901	1690.0724375	99999	sp
1690.0724375	1690.4224375	98	COFFEE
1690.4224375	1690.8024375	224	IS
1690.8024375	1691.2424375	198	GROWN
1691.2424375	1691.5214375	297	ON
1691.5214375	1692.0024375	404	STEEP
1692.0024375	1692.2924375	99999	sp
1692.2924375	1692.7424375	231	JUNGLE
1692.7424375	1692.9824375	241	LIKE
1692.9824375	1693.5924375	390	SLOPES
1693.5924375	1693.8224375	217	IN
1693.8224375	1694.3524375	431	TEMPERATE
1694.3524375	1694.9614375	497	ZONES
1694.9614375	1705.7695	99999	sp
1705.7695	1706.0195	476	WE
1706.0195	1706.6395	480	WELCOME
1706.6395	1706.9895000000001	256	MANY
1706.9895000000001	1707.3005	282	NEW
1707.3005	1707.9105000000002	408	STUDENTS
1707.9105000000002	1708.2595000000001	132	EACH
1708.2595000000001	1708.6095000000003	491	YEAR
1708.6095000000003	1719.27925	99999	sp
1719.27925	1719.6492500000002	298	ONLY
1719.6492500000002	1719.74025	434	THE
1719.74025	1720.1202500000002	51	BEST
1720.1202500000002	1720.6492500000002	330	PLAYERS
1720.6492500000002	1721.13025	139	ENJOY
1721.13025	1722.01025	336	POPULARITY
1722.01025	1732.373875	99999	sp
1732.373875	1733.0038749999999	75	CALCIUM
1733.0038749999999	1733.4038749999997	254	MAKES
1733.4038749999997	1733.993875	58	BONES
1733.993875	1734.1628749999998	99999	sp
1734.1628749999998	1734.442875	20	AND
1734.442875	1734.713875	430	TEETH
1734.713875	1735.3128749999998	406	STRONG
1735.3128749999998	1746.2955	99999	sp
1746.2955	1746.7755	286	NOTHING
1746.7755	1747.0355	224	IS
1747.0355	1747.1944999999998	34	AS
1747.1944999999998	1747.8445	295	OFFENSIVE
1747.8445	1748.1555	34	AS
1748.1555	1748.9255	219	INNOCENCE
1748.9255	1760.1571875	99999	sp
1760.1571875	1760.7161875000002	405	STEVE
1760.7161875000002	1760.7471875	99999	sp
1760.7471875	1761.0661875	490	WORE
1761.0661875	1761.0961875	1	A
1761.0961875	1761.5861875	65	BRIGHT
1761.5861875	1761.9071875	356	RED
1761.9071875	1762.4971875	78	CASHMERE
1762.4971875	1763.0471875	420	SWEATER
1763.0471875	1773.4399158363296	99999	sp
1773.4399158363296	1773.9935611994233	46	BARBS
1773.9935611994233	1774.282107728865	188	GOLD
1774.282107728865	1774.8631077288649	63	BRACELET
1774.8631077288649	1775.0931077288649	472	WAS
1775.0931077288649	1775.1331077288648	1	A
1775.1331077288648	1775.9421077288648	193	GRADUATION
1775.9421077288648	1776.542107728865	339	PRESENT
1776.542107728865	1788.6278125	99999	sp
1788.6278125	1789.0378124999997	130	DRAW
1789.0378124999997	1789.4578124999998	145	EVERY
1789.4578124999998	1789.7778124999998	308	OUTER
1789.7778124999998	1790.1278125	244	LINE
1790.1278125	1790.7588124999997	156	FIRST
1790.7588124999997	1791.2788124999997	436	THEN
1791.2788124999997	1791.4978124999998	154	FILL
1791.4978124999998	1791.6488124999998	217	IN
1791.6488124999998	1791.8288125	434	THE
1791.8288125	1792.5388124999997	222	INTERIOR
1792.5388124999997	1804.4816875	99999	sp
1804.4816875	1804.6306874999998	434	THE
1804.6306874999998	1805.0916874999998	475	WATER
1805.0916874999998	1805.8416874999998	103	CONTAINED
1805.8416874999998	1806.0316874999999	448	TOO
1806.0316874999999	1806.3216874999998	269	MUCH
1806.3216874999998	1807.1306874999998	90	CHLORINE
1807.1306874999998	1807.3906874999998	20	AND
1807.3906874999998	1807.7906874999999	409	STUNG
1807.7906874999999	1808.0106875	208	HIS
1808.0106875	1808.6206874999998	149	EYES
1808.6206874999998	1819.309	99999	sp
1819.309	1819.7189999999998	229	JOHN'S
1819.7189999999998	1820.2189999999998	66	BROTHER
1820.2189999999998	1820.809	363	REPAINTED
1820.809	1820.879	434	THE
1820.879	1821.379	173	GARAGE
1821.379	1821.889	129	DOOR
1821.889	1833.0144375	99999	sp
1833.0144375	1833.6454375	84	CHALLENGE
1833.6454375	1834.0644375	132	EACH
1834.0644375	1834.7154375	175	GENERAL'S
1834.7154375	1835.7444375	221	INTELLIGENCE
1835.7444375	1847.304125	99999	sp
1847.304125	1848.2931250000001	17	AMBIDEXTROUS
1848.2931250000001	1849.0331250000002	327	PICKPOCKETS
1849.0331250000002	1849.583125	6	ACCOMPLISH
1849.583125	1849.973125	267	MORE
1849.973125	1860.4666875	99999	sp
1860.4666875	1860.5276875000002	1	A
1860.5276875000002	1861.1976875	271	MUSCULAR
1861.1976875	1861.7666875	2	ABDOMEN
1861.7666875	1862.0166875	224	IS
1862.0166875	1862.3076875000002	189	GOOD
1862.3076875000002	1862.3966875	161	FOR
1862.3966875	1862.6376875	496	YOUR
1862.6376875	1863.1766875	43	BACK
1863.1766875	1874.568125	99999	sp
1874.568125	1874.9581249999999	438	THEY
1874.9581249999999	1875.188125	317	OWN
1875.188125	1875.2481249999998	1	A
1875.2481249999998	1875.608125	52	BIG
1875.608125	1875.628125	99999	sp
1875.628125	1876.158125	209	HOUSE
1876.158125	1876.2681249999998	217	IN
1876.2681249999998	1876.328125	434	THE
1876.328125	1876.7681249999998	361	REMOTE
1876.7681249999998	1877.6991249999999	109	COUNTRYSIDE
1877.6991249999999	1887.774375	99999	sp
1887.774375	1887.944375	434	THE
1887.944375	1888.405375	369	ROSE
1888.405375	1889.274375	106	CORSAGE
1889.274375	1889.714375	393	SMELLED
1889.714375	1890.364375	421	SWEET
1890.364375	1900.4109375	99999	sp
1900.4109375	1900.7419375000002	433	THAT
1900.7419375000002	1901.3819375	326	PICKPOCKET
1901.3819375	1901.6319375	472	WAS
1901.6319375	1901.9819375	80	CAUGHT
1901.9819375	1902.3219375	356	RED
1902.3219375	1902.8619375	199	HANDED
1902.8619375	1903.0119375000002	19	AN
1903.0119375000002	1915.2467366941737	99999	sp
1915.2467366941737	1915.8667366941736	9	ADULT
1915.8667366941736	1916.2557366941737	255	MALE
1916.2557366941737	1916.9267366941738	42	BABOON'S
1916.9267366941738	1917.4067366941736	430	TEETH
1917.4067366941736	1917.5567366941737	30	ARE
1917.5567366941737	1917.8167366941736	285	NOT
1917.8167366941736	1918.3567366941736	415	SUITABLE
1918.3567366941736	1918.5367366941737	161	FOR
1918.5367366941737	1918.9167366941738	135	EATING
1918.9167366941738	1919.7257366941737	376	SHELLFISH
1919.7257366941737	1930.6150625	99999	sp
1930.6150625	1930.8550625	204	HER
1930.8550625	1931.4750625	470	WARDROBE
1931.4750625	1932.2050625	102	CONSISTS
1932.2050625	1932.4040625	294	OF
1932.4040625	1932.7950625	298	ONLY
1932.7950625	1933.3050624999998	385	SKIRTS
1933.3050624999998	1933.4550625	20	AND
1933.4550625	1934.2050625	54	BLOUSES
1934.2050625	1944.1903125	99999	sp
1944.1903125	1944.3203125	434	THE
1944.3203125	1944.7003124999999	453	TWO
1944.7003124999999	1945.3503125	33	ARTISTS
1945.3503125	1946.1503125	147	EXCHANGED
1946.1503125	1947.0493125	39	AUTOGRAPHS
1947.0493125	1958.21125	99999	sp
1958.21125	1959.1112500000002	71	BUTTERSCOTCH
1959.1112500000002	1959.6312500000001	169	FUDGE
1959.6312500000001	1959.98125	186	GOES
1959.98125	1960.3712500000001	481	WELL
1960.3712500000001	1960.5312500000002	487	WITH
1960.5312500000002	1960.9912500000003	463	VANILLA
1960.9912500000003	1961.3112500000002	212	ICE
1961.3112500000002	1961.66125	112	CREAM
1961.66125	1972.745375	99999	sp
1972.745375	1973.205375	366	RICH
1973.205375	1973.7353750000002	349	PURCHASED
1973.7353750000002	1974.355375	374	SEVERAL
1974.355375	1974.8053750000001	382	SIGNED
1974.8053750000001	1975.745375	245	LITHOGRAPHS
1975.745375	1986.880625	99999	sp
1986.880625	1987.2396250000002	24	ANY
1987.2396250000002	1988.1806250000002	105	CONTRIBUTIONS
1988.1806250000002	1988.290625	485	WILL
1988.290625	1988.4406250000002	47	BE
1988.4406250000002	1988.9106250000002	195	GREATLY
1988.9106250000002	1989.790625	28	APPRECIATED
1989.790625	2001.399875	99999	sp
2001.399875	2001.5598750000001	434	THE
2001.5598750000001	2002.2898750000002	111	CRANBERRY
2002.2898750000002	2002.8398750000001	57	BOG
2002.8398750000001	2003.109875	178	GETS
2003.109875	2003.5798750000001	465	VERY
2003.5798750000001	2004.0498750000002	340	PRETTY
2004.0498750000002	2004.2488750000002	217	IN
2004.2488750000002	2004.7598750000002	40	AUTUMN
2004.7598750000002	2014.7645	99999	sp
2014.7645	2015.0245	210	HOW
2015.0245	2015.2645	128	DO
2015.2645	2015.8545	318	OYSTERS
2015.8545	2016.1844999999998	253	MAKE
2016.1844999999998	2016.7935	320	PEARLS
2016.7935	2028.3788125	99999	sp
2028.3788125	2028.6988125	257	MAY
2028.6988125	2028.8388125	211	I
2028.8388125	2029.3788125	304	ORDER
2029.3788125	2029.4378125	1	A
2029.4378125	2030.1678125	319	PARFAIT
2030.1678125	2030.6488125	10	AFTER
2030.6488125	2030.7488125	211	I
2030.7488125	2031.0088125	134	EAT
2031.0088125	2031.3988125	124	DINNER
2031.3988125	2041.2154375	99999	sp
2041.2154375	2041.3554375	224	IS
2041.3554375	2041.5954375000001	375	SHE
2041.5954375000001	2041.9154375	187	GOING
2041.9154375	2042.1554375	487	WITH
2042.1554375	2042.3654375	495	YOU
2042.3654375	2053.567	99999	sp
2053.567	2053.886	76	CAN
2053.886	2054.076	434	THE
2054.076	2054.727	11	AGENCY
2054.727	2055.467	315	OVERTHROW
2055.467	2056.006	13	ALIEN
2056.006	2056.737	162	FORCES
2056.737	2068.7148703627686	99999	sp
2068.7148703627686	2068.7731594102574	1	A
2068.7731594102574	2069.613159410257	371	SCREWDRIVER
2069.613159410257	2069.8821594102574	224	IS
2069.8821594102574	2070.213159410257	252	MADE
2070.213159410257	2070.4731594102573	166	FROM
2070.4731594102573	2070.872159410257	469	VODKA
2070.872159410257	2071.2521594102573	20	AND
2071.2521594102573	2071.7031594102573	303	ORANGE
2071.7031594102573	2072.303159410257	230	JUICE
2072.303159410257	2081.9964375	99999	sp
2081.9964375	2082.2274374999997	210	HOW
2082.2274374999997	2082.5174374999997	269	MUCH
2082.5174374999997	2083.0674375	16	ALLOWANCE
2083.0674375	2083.1764375	128	DO
2083.1764375	2083.3764375	495	YOU
2083.3764375	2083.8374375	177	GET
2083.8374375	2094.9955625	99999	sp
2094.9955625	2095.6345624999994	115	CYCLICAL
2095.6345624999994	2096.2855624999997	346	PROGRAMS
2096.2855624999997	2096.4445624999994	485	WILL
2096.4445624999994	2096.8755624999994	281	NEVER
2096.8755624999994	2097.6555624999996	100	COMPILE
2097.6555624999996	2108.6216875	99999	sp
2108.6216875	2108.7516875	434	THE
2108.7516875	2109.3526875000002	61	BOSTON
2109.3526875000002	2109.8926875	45	BALLET
2109.8926875	2110.4916875	312	OVERCAME
2110.4916875	2110.6916875	435	THEIR
2110.6916875	2111.1916875	170	FUNDING
2111.1916875	2111.9126875	380	SHORTAGE
2111.9126875	2122.0915625	99999	sp
2122.0915625	2122.4705624999997	145	EVERY
2122.4705624999997	2122.8605625	74	CAB
2122.8605625	2123.2115624999997	280	NEEDS
2123.2115624999997	2123.9315625	364	REPAINTING
2123.9315625	2124.4705624999997	296	OFTEN
2124.4705624999997	2134.5045625	99999	sp
2134.5045625	2134.8345624999997	203	HELP
2134.8345624999997	2135.1835625	196	GREG
2135.1835625	2135.3035624999998	446	TO
2135.3035624999998	2135.5945625	325	PICK
2135.5945625	2135.6345625	1	A
2135.6345625	2135.9335625	321	PECK
2135.9335625	2136.0645624999997	294	OF
2136.0645624999997	2136.8845625	338	POTATOES
2136.8845625	2147.1876875	99999	sp
2147.1876875	2147.4576875	476	WE
2147.4576875	2147.7176875	241	LIKE
2147.7176875	2147.7276875	99999	sp
2147.7276875	2147.9976874999998	55	BLUE
2147.9976874999998	2148.5276875	88	CHEESE
2148.5276875	2148.6966875	70	BUT
2148.6966875	2149.1266874999997	466	VICTOR
2149.1266874999997	2149.4876875	242	LIKES
2149.4876875	2149.9676875	64	BRIE
2149.9676875	2161.647375	99999	sp
2161.647375	2162.028375	108	COUNT
2162.028375	2162.108375	434	THE
2162.108375	2162.548375	289	NUMBER
2162.548375	2162.647375	294	OF
2162.647375	2163.387375	429	TEASPOONS
2163.387375	2163.4473749999997	294	OF
2163.4473749999997	2164.2283749999997	395	SOYSAUCE
2164.2283749999997	2164.338375	433	THAT
2164.338375	2164.568375	495	YOU
2164.568375	2164.9383749999997	7	ADD
2164.9383749999997	2175.703625	99999	sp
2175.703625	2176.393625	44	BAGPIPES
2176.393625	2176.5436250000002	20	AND
2176.5436250000002	2177.243625	59	BONGOS
2177.243625	2177.413625	30	ARE
2177.413625	2177.993625	273	MUSICAL
2177.993625	2178.812625	220	INSTRUMENTS
2178.812625	2188.5846875	99999	sp
2188.5846875	2188.9236875	210	HOW
2188.9236875	2189.1546875000004	189	GOOD
2189.1546875000004	2189.2936875	224	IS
2189.2936875	2189.5436875	496	YOUR
2189.5436875	2190.3346875	138	ENDURANCE
2190.3346875	2218.44775	99999	sp
2951.7073101963597	2952.271642902378	354	READING
2952.271642902378	2952.5180416895128	217	IN
2952.5180416895128	2952.8033819419397	335	POOR
2952.8033819419397	2953.27238194194	240	LIGHT
2953.27238194194	2953.61238194194	181	GIVES
2953.61238194194	2953.8123819419397	495	YOU
2953.8123819419397	2954.6223819419397	150	EYESTRAIN
2954.6223819419397	2964.873375	99999	sp
2964.873375	2965.263375	142	EVEN
2965.263375	2965.643375	211	I
2965.643375	2966.3833750000003	293	OCCASIONALLY
2966.3833750000003	2966.594375	177	GET
2966.594375	2966.703375	434	THE
2966.703375	2967.1443750000003	265	MONDAY
2967.1443750000003	2967.7943750000004	56	BLUES
2967.7943750000004	2977.7719375	99999	sp
2977.7719375	2978.1209375000003	476	WE
2978.1209375000003	2978.3119375	30	ARE
2978.3119375	2978.7109375000005	301	OPEN
2978.7109375000005	2979.0919375000003	145	EVERY
2979.0919375000003	2979.5219375	265	MONDAY
2979.5219375	2980.2419375000004	143	EVENING
2980.2419375000004	2991.297125	99999	sp
2991.297125	2991.566125	226	IT'S
2991.566125	2991.886125	285	NOT
2991.886125	2992.306125	133	EASY
2992.306125	2992.466125	446	TO
2992.466125	2993.096125	113	CREATE
2993.096125	2993.836125	215	ILLUMINATING
2993.836125	2994.736125	146	EXAMPLES
2994.736125	3003.9665625	99999	sp
3003.9665625	3004.4065625	270	MUM
3004.4065625	3005.0175624999997	407	STRONGLY
3005.0175624999997	3005.6565625	126	DISLIKES
3005.6565625	3006.6365625	27	APPETIZERS
3006.6365625	3016.6563125	99999	sp
3016.6563125	3017.1363125	443	THOSE
3017.1363125	3017.2863124999994	484	WHO
3017.2863124999994	3017.6863124999995	427	TEACH
3017.6863124999995	3018.2663124999995	462	VALUES
3018.2663124999995	3018.2963124999997	99999	sp
3018.2963124999997	3018.7863124999994	156	FIRST
3018.7863124999994	3019.4363124999995	4	ABOLISH
3019.4363124999995	3019.4963124999995	99999	sp
3019.4963124999995	3019.9863124999997	87	CHEATING
3019.9863124999997	3030.49375	99999	sp
3030.49375	3030.69475	434	THE
3030.69475	3031.20375	165	FRIGHTENED
3031.20375	3031.74375	89	CHILD
3031.74375	3031.97475	472	WAS
3031.97475	3032.39475	176	GENTLY
3032.39475	3033.06375	410	SUBDUED
3033.06375	3033.27375	73	BY
3033.27375	3033.49375	208	HIS
3033.49375	3033.76375	52	BIG
3033.76375	3034.29375	66	BROTHER
3034.29375	3045.6316875	99999	sp
3045.6316875	3046.1226875	142	EVEN
3046.1226875	3046.1916875	1	A
3046.1916875	3046.6316875	383	SIMPLE
3046.6316875	3047.5216875000006	468	VOCABULARY
3047.5216875000006	3048.1616875000004	104	CONTAINS
3048.1616875000004	3048.9116875000004	422	SYMBOLS
3048.9116875000004	3059.8926875	99999	sp
3059.8926875	3060.0216875	1	A
3060.0216875	3060.4726875	110	CRAB
3060.4726875	3061.0116875000003	85	CHALLENGED
3061.0116875000003	3061.0516875000003	99999	sp
3061.0516875000003	3061.3516875	258	ME
3061.3516875	3061.6516875	70	BUT
3061.6516875	3061.7316875	1	A
3061.7316875	3062.0326875	350	QUICK
3062.0326875	3062.4816875	402	STAB
3062.4816875	3062.5116875000003	99999	sp
3062.5116875000003	3063.0916875000003	464	VANQUISHED
3063.0916875000003	3063.3416875000003	207	HIM
3063.3416875000003	3075.01525	99999	sp
3075.01525	3075.72525	183	GLUCOSE
3075.72525	3075.8952499999996	20	AND
3075.8952499999996	3076.61525	167	FRUCTOSE
3076.61525	3076.76525	30	ARE
3076.76525	3077.3352499999996	276	NATURAL
3077.3352499999996	3077.8862499999996	414	SUGARS
3077.8862499999996	3077.9362499999997	99999	sp
3077.9362499999997	3078.26525	163	FOUND
3078.26525	3078.40525	217	IN
3078.40525	3078.97525	168	FRUIT
3078.97525	3088.710875	99999	sp
3088.710875	3088.890875	30	ARE
3088.890875	3089.160875	495	YOU
3089.160875	3089.5108750000004	250	LOOKING
3089.5108750000004	3089.790875	161	FOR
3089.790875	3090.580875	136	EMPLOYMENT
3090.580875	3102.39325	99999	sp
3102.39325	3102.7332499999998	98	COFFEE
3102.7332499999998	3103.13325	224	IS
3103.13325	3103.5032499999998	198	GROWN
3103.5032499999998	3103.70325	297	ON
3103.70325	3104.21325	404	STEEP
3104.21325	3104.7532499999998	231	JUNGLE
3104.7532499999998	3104.97325	241	LIKE
3104.97325	3105.54225	390	SLOPES
3105.54225	3105.71325	217	IN
3105.71325	3106.15325	431	TEMPERATE
3106.15325	3106.83325	497	ZONES
3106.83325	3116.202	99999	sp
3116.202	3116.4010000000003	476	WE
3116.4010000000003	3116.9220000000005	480	WELCOME
3116.9220000000005	3117.1920000000005	256	MANY
3117.1920000000005	3117.492	282	NEW
3117.492	3118.0620000000004	408	STUDENTS
3118.0620000000004	3118.342	132	EACH
3118.342	3118.6620000000003	491	YEAR
3118.6620000000003	3127.750875	99999	sp
3127.750875	3128.100875	298	ONLY
3128.100875	3128.1908750000002	434	THE
3128.1908750000002	3128.6308750000003	51	BEST
3128.6308750000003	3129.120875	330	PLAYERS
3129.120875	3129.600875	139	ENJOY
3129.600875	3130.5108750000004	336	POPULARITY
3130.5108750000004	3139.5925625	99999	sp
3139.5925625	3140.2925625	75	CALCIUM
3140.2925625	3140.6115624999998	254	MAKES
3140.6115624999998	3141.0725625	58	BONES
3141.0725625	3141.3025625	20	AND
3141.3025625	3141.5625625	430	TEETH
3141.5625625	3142.2325625	406	STRONG
3142.2325625	3150.780875	99999	sp
3150.780875	3151.300875	286	NOTHING
3151.300875	3151.479875	224	IS
3151.479875	3151.660875	34	AS
3151.660875	3152.300875	295	OFFENSIVE
3152.300875	3152.500875	34	AS
3152.500875	3153.270875	219	INNOCENCE
3153.270875	3163.001125	99999	sp
3163.001125	3163.6211249999997	405	STEVE
3163.6211249999997	3163.651125	99999	sp
3163.651125	3163.941125	490	WORE
3163.941125	3163.9911249999996	1	A
3163.9911249999996	3164.5311249999995	65	BRIGHT
3164.5311249999995	3164.8401249999997	356	RED
3164.8401249999997	3165.4711249999996	78	CASHMERE
3165.4711249999996	3166.0211249999998	420	SWEATER
3166.0211249999998	3176.06375	99999	sp
3176.06375	3176.59375	46	BARB'S
3176.59375	3176.96375	188	GOLD
3176.96375	3177.6037499999998	63	BRACELET
3177.6037499999998	3177.7527499999997	472	WAS
3177.7527499999997	3177.83375	1	A
3177.83375	3178.61375	193	GRADUATION
3178.61375	3179.19375	339	PRESENT
3179.19375	3189.932	99999	sp
3189.932	3190.3219999999997	130	DRAW
3190.3219999999997	3190.7919999999995	145	EVERY
3190.7919999999995	3191.0919999999996	308	OUTER
3191.0919999999996	3191.4219999999996	244	LINE
3191.4219999999996	3192.0319999999997	156	FIRST
3192.0319999999997	3192.3719999999994	436	THEN
3192.3719999999994	3192.6719999999996	154	FILL
3192.6719999999996	3192.8419999999996	217	IN
3192.8419999999996	3193.0119999999997	434	THE
3193.0119999999997	3193.7919999999995	222	INTERIOR
3193.7919999999995	3203.7425	99999	sp
3203.7425	3203.8635	434	THE
3203.8635	3204.2735	475	WATER
3204.2735	3204.9435	103	CONTAINED
3204.9435	3205.1135	448	TOO
3205.1135	3205.4334999999996	269	MUCH
3205.4334999999996	3206.1535	90	CHLORINE
3206.1535	3206.3235	20	AND
3206.3235	3206.6335	409	STUNG
3206.6335	3206.8435	208	HIS
3206.8435	3207.4134999999997	149	EYES
3207.4134999999997	3217.939375	99999	sp
3217.939375	3218.350375	229	JOHN'S
3218.350375	3218.770375	66	BROTHER
3218.770375	3219.360375	363	REPAINTED
3219.360375	3219.439375	434	THE
3219.439375	3219.939375	173	GARAGE
3219.939375	3220.410375	129	DOOR
3220.410375	3230.2471875	99999	sp
3230.2471875	3230.8171875000003	84	CHALLENGE
3230.8171875000003	3231.2381875	132	EACH
3231.2381875	3231.8771875	175	GENERAL'S
3231.8771875	3232.8481875	221	INTELLIGENCE
3232.8481875	3243.5231875	99999	sp
3243.5231875	3244.4931875	17	AMBIDEXTROUS
3244.4931875	3245.1731875	327	PICKPOCKETS
3245.1731875	3245.7431875	6	ACCOMPLISH
3245.7431875	3246.1621875	267	MORE
3246.1621875	3255.963375	99999	sp
3255.963375	3256.0833749999997	1	A
3256.0833749999997	3256.7633749999995	271	MUSCULAR
3256.7633749999995	3257.3133749999997	2	ABDOMEN
3257.3133749999997	3257.5233749999998	224	IS
3257.5233749999998	3257.8043749999997	189	GOOD
3257.8043749999997	3257.8933749999997	161	FOR
3257.8933749999997	3258.1343749999996	496	YOUR
3258.1343749999996	3258.673375	43	BACK
3258.673375	3269.10475	99999	sp
3269.10475	3269.50375	438	THEY
3269.50375	3269.69375	317	OWN
3269.69375	3269.75375	1	A
3269.75375	3270.0947499999997	52	BIG
3270.0947499999997	3270.6147499999997	209	HOUSE
3270.6147499999997	3270.72475	217	IN
3270.72475	3270.78475	434	THE
3270.78475	3271.1547499999997	361	REMOTE
3271.1547499999997	3272.16475	109	COUNTRYSIDE
3272.16475	3281.784125	99999	sp
3281.784125	3281.9431250000002	434	THE
3281.9431250000002	3282.3831250000003	369	ROSE
3282.3831250000003	3283.2031250000005	106	CORSAGE
3283.2031250000005	3283.684125	393	SMELLED
3283.684125	3284.2141250000004	421	SWEET
3284.2141250000004	3293.051375	99999	sp
3293.051375	3293.4403749999997	433	THAT
3293.4403749999997	3294.111375	326	PICKPOCKET
3294.111375	3294.330375	472	WAS
3294.330375	3294.671375	80	CAUGHT
3294.671375	3294.9313749999997	356	RED
3294.9313749999997	3295.491375	199	HANDED
3295.491375	3307.6493125	99999	sp
3307.6493125	3307.8283125000003	19	AN
3307.8283125000003	3308.3183125	9	ADULT
3308.3183125	3308.6383125	255	MALE
3308.6383125	3309.3183125	42	BABOON'S
3309.3183125	3309.8693125	430	TEETH
3309.8693125	3309.9893125000003	30	ARE
3309.9893125000003	3310.2493125	285	NOT
3310.2493125	3310.8283125000003	415	SUITABLE
3310.8283125000003	3310.9693125000003	161	FOR
3310.9693125000003	3311.3183125	135	EATING
3311.3183125	3312.1093125	376	SHELLFISH
3312.1093125	3321.5246875	99999	sp
3321.5246875	3321.7956875	204	HER
3321.7956875	3322.4746875	470	WARDROBE
3322.4746875	3323.0946875	102	CONSISTS
3323.0946875	3323.3156875	294	OF
3323.3156875	3323.6956875	298	ONLY
3323.6956875	3324.2056875	385	SKIRTS
3324.2056875	3324.3556875	20	AND
3324.3556875	3325.0756874999997	54	BLOUSES
3325.0756874999997	3334.8226875	99999	sp
3334.8226875	3335.0326875	434	THE
3335.0326875	3335.4026875	453	TWO
3335.4026875	3336.0016875	33	ARTISTS
3336.0016875	3336.7226875	147	EXCHANGED
3336.7226875	3337.5726875	39	AUTOGRAPHS
3337.5726875	3347.70575	99999	sp
3347.70575	3348.3957499999997	71	BUTTERSCOTCH
3348.3957499999997	3348.45575	99999	sp
3348.45575	3348.91475	169	FUDGE
3348.91475	3349.24575	186	GOES
3349.24575	3349.60475	481	WELL
3349.60475	3349.77575	487	WITH
3349.77575	3350.22475	463	VANILLA
3350.22475	3350.48575	212	ICE
3350.48575	3350.8447499999997	112	CREAM
3350.8447499999997	3359.949875	99999	sp
3359.949875	3360.389875	366	RICH
3360.389875	3360.9108749999996	349	PURCHASED
3360.9108749999996	3361.4608749999998	374	SEVERAL
3361.4608749999998	3361.920875	382	SIGNED
3361.920875	3362.7908749999997	245	LITHOGRAPHS
3362.7908749999997	3374.05075	99999	sp
3374.05075	3374.35975	24	ANY
3374.35975	3375.37075	105	CONTRIBUTIONS
3375.37075	3375.4697499999997	485	WILL
3375.4697499999997	3375.62075	47	BE
3375.62075	3376.08075	195	GREATLY
3376.08075	3376.84075	28	APPRECIATED
3376.84075	3386.7694375	99999	sp
3386.7694375	3386.8994374999997	434	THE
3386.8994374999997	3387.5394375	111	CRANBERRY
3387.5394375	3387.9794375	57	BOG
3387.9794375	3388.2894375	178	GETS
3388.2894375	3388.7484375	465	VERY
3388.7484375	3389.1594375	340	PRETTY
3389.1594375	3389.3084375	217	IN
3389.3084375	3389.7694375	40	AUTUMN
3389.7694375	3398.460875	99999	sp
3398.460875	3398.760875	210	HOW
3398.760875	3399.010875	128	DO
3399.010875	3399.501875	318	OYSTERS
3399.501875	3399.721875	253	MAKE
3399.721875	3400.401875	320	PEARLS
3400.401875	3410.8235	99999	sp
3410.8235	3411.1445	257	MAY
3411.1445	3411.2745	211	I
3411.2745	3411.7445	304	ORDER
3411.7445	3411.8044999999997	1	A
3411.8044999999997	3412.4745	319	PARFAIT
3412.4745	3412.8644999999997	10	AFTER
3412.8644999999997	3412.9244999999996	211	I
3412.9244999999996	3413.1744999999996	134	EAT
3413.1744999999996	3413.5735	124	DINNER
3413.5735	3422.6520625	99999	sp
3422.6520625	3422.8130625	224	IS
3422.8130625	3423.0320625	375	SHE
3423.0320625	3423.4020625	187	GOING
3423.4020625	3423.5530624999997	487	WITH
3423.5530624999997	3423.8930625	495	YOU
3423.8930625	3434.413	99999	sp
3434.413	3434.6730000000002	76	CAN
3434.6730000000002	3434.832	434	THE
3434.832	3435.4230000000002	11	AGENCY
3435.4230000000002	3436.143	315	OVERTHROW
3436.143	3436.643	13	ALIEN
3436.643	3437.363	162	FORCES
3437.363	3446.7993938488485	99999	sp
3446.7993938488485	3446.8993938488484	1	A
3446.8993938488484	3447.7093938488483	371	SCREWDRIVER
3447.7093938488483	3447.9083938488484	224	IS
3447.9083938488484	3448.1893938488483	252	MADE
3448.1893938488483	3448.2393938488485	99999	sp
3448.2393938488485	3448.4493938488486	166	FROM
3448.4493938488486	3448.8693938488486	469	VODKA
3448.8693938488486	3449.1583938488484	20	AND
3449.1583938488484	3449.5593938488487	303	ORANGE
3449.5593938488487	3450.0493938488485	230	JUICE
3450.0493938488485	3458.4760625	99999	sp
3458.4760625	3458.6260625	210	HOW
3458.6260625	3458.8860624999998	269	MUCH
3458.8860624999998	3459.3950624999998	16	ALLOWANCE
3459.3950624999998	3459.5060624999996	128	DO
3459.5060624999996	3459.6560624999997	495	YOU
3459.6560624999997	3460.1060624999996	177	GET
3460.1060624999996	3469.7866875	99999	sp
3469.7866875	3470.3966875	115	CYCLICAL
3470.3966875	3471.0756874999997	346	PROGRAMS
3471.0756874999997	3471.2366875	485	WILL
3471.2366875	3471.5756874999997	281	NEVER
3471.5756874999997	3472.2766874999998	100	COMPILE
3472.2766874999998	3482.2225625	99999	sp
3482.2225625	3482.3715625	434	THE
3482.3715625	3482.9225625000004	61	BOSTON
3482.9225625000004	3483.4915625000003	45	BALLET
3483.4915625000003	3484.1415625000004	312	OVERCAME
3484.1415625000004	3484.3525625	435	THEIR
3484.3525625	3484.8125625000002	170	FUNDING
3484.8125625000002	3485.4915625000003	380	SHORTAGE
3485.4915625000003	3494.687875	99999	sp
3494.687875	3495.028875	145	EVERY
3495.028875	3495.3988750000003	74	CAB
3495.3988750000003	3495.738875	280	NEEDS
3495.738875	3496.408875	364	REPAINTING
3496.408875	3496.908875	296	OFTEN
3496.908875	3506.675875	99999	sp
3506.675875	3506.976875	203	HELP
3506.976875	3507.336875	196	GREG
3507.336875	3507.456875	446	TO
3507.456875	3507.775875	325	PICK
3507.775875	3507.8268749999997	1	A
3507.8268749999997	3508.1168749999997	321	PECK
3508.1168749999997	3508.266875	294	OF
3508.266875	3509.086875	338	POTATOES
3509.086875	3518.6768125	99999	sp
3518.6768125	3518.8958125	476	WE
3518.8958125	3519.1968125	241	LIKE
3519.1968125	3519.3858124999997	55	BLUE
3519.3858124999997	3519.8658124999997	88	CHEESE
3519.8658124999997	3520.0968125	70	BUT
3520.0968125	3520.4168124999997	466	VICTOR
3520.4168124999997	3520.7458125	242	LIKES
3520.7458125	3521.1968125	64	BRIE
3521.1968125	3531.55825	99999	sp
3531.55825	3532.0482500000003	108	COUNT
3532.0482500000003	3532.10725	434	THE
3532.10725	3532.5282500000003	289	NUMBER
3532.5282500000003	3532.60725	294	OF
3532.60725	3532.62825	99999	sp
3532.62825	3533.31725	429	TEASPOONS
3533.31725	3533.37825	294	OF
3533.37825	3534.12825	395	SOYSAUCE
3534.12825	3534.28825	433	THAT
3534.28825	3534.45725	495	YOU
3534.45725	3534.7582500000003	7	ADD
3534.7582500000003	3544.8403125	99999	sp
3544.8403125	3545.6703125	44	BAGPIPES
3545.6703125	3545.8203125	20	AND
3545.8203125	3546.5103125	59	BONGOS
3546.5103125	3546.6503125	30	ARE
3546.6503125	3547.2203125	273	MUSICAL
3547.2203125	3547.9993125	220	INSTRUMENTS
3547.9993125	3556.82625	99999	sp
3556.82625	3557.13625	210	HOW
3557.13625	3557.38625	189	GOOD
3557.38625	3557.54625	224	IS
3557.54625	3557.74625	496	YOUR
3557.74625	3558.58625	138	ENDURANCE
3558.58625	3580.875625	99999	sp
