756.412	756.582	30	ARE
756.582	756.812	495	YOUR
756.812	757.352	192	GRADES
757.352	757.922	206	HIGHER
757.922	758.072	301	OR
758.072	758.502	250	LOWER
758.502	758.762	431	THAN
758.762	759.562	274	NANCY'S
759.562	771.062	99999	sp
771.062	771.392	374	SHE
771.392	771.722	489	WORE
771.722	772.252	470	WARM
772.252	772.9010000000001	158	FLEECY
772.9010000000001	773.452	488	WOOLEN
773.452	774.4010000000001	310	OVERALLS
774.4010000000001	786.822	99999	sp
786.822	787.282	353	READING
787.282	787.452	217	IN
787.452	787.802	334	POOR
787.802	788.252	239	LIGHT
788.252	788.552	181	GIVES
788.552	788.762	494	YOU
788.762	789.562	150	EYESTRAIN
789.562	802.002	99999	sp
802.002	802.342	142	EVEN
802.342	802.742	211	I
802.742	803.512	292	OCCASIONALLY
803.512	803.752	177	GET
803.752	803.892	433	THE
803.892	804.332	264	MONDAY
804.332	805.072	56	BLUES
805.072	808.692	99999	sp
808.692	810.192	475	WE
810.192	816.322	99999	sp
816.322	816.752	30	ARE
816.752	817.112	300	OPEN
817.112	817.5219999999999	145	EVERY
817.5219999999999	818.032	264	MONDAY
818.032	818.722	143	EVENING
818.722	830.8820000000001	99999	sp
830.8820000000001	831.1320000000001	226	IT'S
831.1320000000001	831.3820000000001	284	NOT
831.3820000000001	831.852	133	EASY
831.852	832.002	445	TO
832.002	832.532	113	CREATE
832.532	833.222	215	ILLUMINATING
833.222	834.242	146	EXAMPLES
834.242	846.692	99999	sp
846.692	847.1220000000001	269	MUM
847.1220000000001	847.742	406	STRONGLY
847.742	848.4010000000001	126	DISLIKES
848.4010000000001	849.422	27	APPETIZERS
849.422	861.6510000000001	99999	sp
861.6510000000001	862.1510000000001	442	THOSE
862.1510000000001	862.2909999999999	483	WHO
862.2909999999999	862.692	426	TEACH
862.692	863.302	461	VALUES
863.302	863.7909999999999	156	FIRST
863.7909999999999	864.452	4	ABOLISH
864.452	865.002	87	CHEATING
865.002	877.822	99999	sp
877.822	877.952	433	THE
877.952	878.072	99999	sp
878.072	878.492	165	FRIGHTENED
878.492	879.0219999999999	89	CHILD
879.0219999999999	879.262	471	WAS
879.262	879.692	176	GENTLY
879.692	880.3820000000001	409	SUBDUED
880.3820000000001	880.6120000000001	73	BY
880.6120000000001	880.8820000000001	208	HIS
880.8820000000001	881.232	52	BIG
881.232	881.7909999999999	66	BROTHER
881.7909999999999	892.982	99999	sp
892.982	893.3620000000001	142	EVEN
893.3620000000001	893.442	1	A
893.442	893.952	382	SIMPLE
893.952	894.851	467	VOCABULARY
894.851	895.5409999999999	104	CONTAINS
895.5409999999999	896.2719999999999	421	SYMBOLS
896.2719999999999	906.492	99999	sp
906.492	906.552	1	A
906.552	907.0409999999999	110	CRAB
907.0409999999999	907.6120000000001	85	CHALLENGED
907.6120000000001	907.642	99999	sp
907.642	907.952	257	ME
907.952	908.192	70	BUT
908.192	908.252	1	A
908.252	908.6120000000001	349	QUICK
908.6120000000001	909.1220000000001	401	STAB
909.1220000000001	909.752	463	VANQUISHED
909.752	910.082	207	HIM
910.082	921.721	99999	sp
921.721	922.341	183	GLUCOSE
922.341	922.482	20	AND
922.482	923.1120000000001	167	FRUCTOSE
923.1120000000001	923.221	30	ARE
923.221	923.742	275	NATURAL
923.742	924.2909999999999	413	SUGARS
924.2909999999999	924.332	99999	sp
924.332	924.642	163	FOUND
924.642	924.802	217	IN
924.802	925.312	168	FRUIT
925.312	935.512	99999	sp
935.512	935.6610000000001	30	ARE
935.6610000000001	935.851	494	YOU
935.851	936.212	249	LOOKING
936.212	936.502	161	FOR
936.502	937.221	136	EMPLOYMENT
937.221	949.6510000000001	99999	sp
949.6510000000001	950.192	98	COFFEE
950.192	950.482	224	IS
950.482	950.822	198	GROWN
950.822	951.0219999999999	296	ON
951.0219999999999	951.672	403	STEEP
951.672	952.101	88888	JUNGLE
952.101	952.351	240	LIKE
952.351	952.942	389	SLOPES
952.942	953.1220000000001	217	IN
953.1220000000001	953.6120000000001	430	TEMPERATE
953.6120000000001	954.252	496	ZONES
954.252	965.721	99999	sp
965.721	965.922	475	WE
965.922	966.5219999999999	479	WELCOME
966.5219999999999	966.781	255	MANY
966.781	967.0219999999999	281	NEW
967.0219999999999	967.6510000000001	407	STUDENTS
967.6510000000001	967.971	132	EACH
967.971	968.322	490	YEAR
968.322	980.9110000000001	99999	sp
980.9110000000001	981.232	297	ONLY
981.232	981.341	433	THE
981.341	981.781	51	BEST
981.781	981.802	99999	sp
981.802	982.2909999999999	329	PLAYERS
982.2909999999999	982.781	139	ENJOY
982.781	983.732	335	POPULARITY
983.732	996.182	99999	sp
996.182	996.762	75	CALCIUM
996.762	997.172	253	MAKES
997.172	997.7719999999999	58	BONES
997.7719999999999	998.031	20	AND
998.031	998.351	429	TEETH
998.351	999.1220000000001	405	STRONG
999.1220000000001	1010.1510000000001	99999	sp
1010.1510000000001	1010.6320000000001	285	NOTHING
1010.6320000000001	1010.942	224	IS
1010.942	1011.1220000000001	34	AS
1011.1220000000001	1011.8820000000001	294	OFFENSIVE
1011.8820000000001	1012.2719999999999	34	AS
1012.2719999999999	1012.322	99999	sp
1012.322	1013.101	219	INNOCENCE
1013.101	1023.9110000000001	99999	sp
1023.9110000000001	1024.471	404	STEVE
1024.471	1024.512	99999	sp
1024.512	1024.942	489	WORE
1024.942	1025.002	1	A
1025.002	1025.452	65	BRIGHT
1025.452	1025.732	355	RED
1025.732	1026.362	78	CASHMERE
1026.362	1026.911	419	SWEATER
1026.911	1039.221	99999	sp
1039.221	1039.661	46	BARB'S
1039.661	1039.942	188	GOLD
1039.942	1040.541	63	BRACELET
1040.541	1040.762	471	WAS
1040.762	1040.8220000000001	1	A
1040.8220000000001	1041.601	193	GRADUATION
1041.601	1042.172	338	PRESENT
1042.172	1053.031	99999	sp
1053.031	1053.442	130	DRAW
1053.442	1053.911	145	EVERY
1053.911	1054.242	307	OUTER
1054.242	1054.632	243	LINE
1054.632	1054.682	99999	sp
1054.682	1055.281	156	FIRST
1055.281	1055.642	435	THEN
1055.642	1055.922	154	FILL
1055.922	1056.091	217	IN
1056.091	1056.252	433	THE
1056.252	1056.992	222	INTERIOR
1056.992	1067.5720000000001	99999	sp
1067.5720000000001	1067.692	433	THE
1067.692	1068.161	474	WATER
1068.161	1068.8020000000001	103	CONTAINED
1068.8020000000001	1068.992	447	TOO
1068.992	1069.281	268	MUCH
1069.281	1069.982	90	CHLORINE
1069.982	1070.221	20	AND
1070.221	1070.5720000000001	408	STUNG
1070.5720000000001	1070.791	208	HIS
1070.791	1071.362	149	EYES
1071.362	1082.5819999999999	99999	sp
1082.5819999999999	1082.982	229	JOHN'S
1082.982	1083.401	66	BROTHER
1083.401	1083.992	362	REPAINTED
1083.992	1084.0720000000001	433	THE
1084.0720000000001	1084.612	173	GARAGE
1084.612	1085.0819999999999	129	DOOR
1085.0819999999999	1097.281	99999	sp
1097.281	1097.882	84	CHALLENGE
1097.882	1098.312	132	EACH
1098.312	1099.041	175	GENERAL'S
1099.041	1100.151	221	INTELLIGENCE
1100.151	1111.121	99999	sp
1111.121	1112.121	17	AMBIDEXTROUS
1112.121	1112.871	326	PICKPOCKETS
1112.871	1113.452	6	ACCOMPLISH
1113.452	1113.841	266	MORE
1113.841	1125.152	99999	sp
1125.152	1125.261	1	A
1125.261	1125.922	270	MUSCULAR
1125.922	1126.5720000000001	2	ABDOMEN
1126.5720000000001	1126.8220000000001	224	IS
1126.8220000000001	1127.042	189	GOOD
1127.042	1127.231	161	FOR
1127.231	1127.462	495	YOUR
1127.462	1127.991	43	BACK
1127.991	1140.2820000000002	99999	sp
1140.2820000000002	1140.6109999999999	437	THEY
1140.6109999999999	1140.851	316	OWN
1140.851	1140.912	1	A
1140.912	1141.231	52	BIG
1141.231	1141.812	209	HOUSE
1141.812	1141.971	217	IN
1141.971	1142.0320000000002	433	THE
1142.0320000000002	1142.481	360	REMOTE
1142.481	1143.3020000000001	109	COUNTRYSIDE
1143.3020000000001	1154.731	99999	sp
1154.731	1154.8809999999999	433	THE
1154.8809999999999	1155.392	368	ROSE
1155.392	1156.261	106	CORSAGE
1156.261	1156.351	99999	sp
1156.351	1156.7820000000002	392	SMELLED
1156.7820000000002	1157.3319999999999	420	SWEET
1157.3319999999999	1167.942	99999	sp
1167.942	1168.3319999999999	432	THAT
1168.3319999999999	1169.022	325	PICKPOCKET
1169.022	1169.241	471	WAS
1169.241	1169.5720000000001	80	CAUGHT
1169.5720000000001	1169.871	355	RED
1169.871	1170.412	199	HANDED
1170.412	1178.0	99999	sp
1178.0	1182.551	99999	sp
1182.551	1182.682	19	AN
1182.682	1183.171	9	ADULT
1183.171	1183.652	254	MALE
1183.652	1184.392	42	BABOON'S
1184.392	1184.872	429	TEETH
1184.872	1185.082	30	ARE
1185.082	1185.362	284	NOT
1185.362	1185.942	414	SUITABLE
1185.942	1186.131	161	FOR
1186.131	1186.461	135	EATING
1186.461	1187.271	375	SHELLFISH
1187.271	1198.562	99999	sp
1198.562	1198.762	204	HER
1198.762	1199.431	469	WARDROBE
1199.431	1200.052	102	CONSISTS
1200.052	1200.162	293	OF
1200.162	1200.532	297	ONLY
1200.532	1201.032	384	SKIRTS
1201.032	1201.181	20	AND
1201.181	1201.982	54	BLOUSES
1201.982	1212.712	99999	sp
1212.712	1212.861	433	THE
1212.861	1213.201	452	TWO
1213.201	1213.8220000000001	33	ARTISTS
1213.8220000000001	1214.601	147	EXCHANGED
1214.601	1215.451	39	AUTOGRAPHS
1215.451	1226.341	99999	sp
1226.341	1227.091	71	BUTTERSCOTCH
1227.091	1227.561	169	FUDGE
1227.561	1227.911	186	GOES
1227.911	1228.231	480	WELL
1228.231	1228.381	486	WITH
1228.381	1228.441	99999	sp
1228.441	1228.851	462	VANILLA
1228.851	1229.241	212	ICE
1229.241	1229.611	112	CREAM
1229.611	1242.761	99999	sp
1242.761	1243.171	365	RICH
1243.171	1243.691	348	PURCHASED
1243.691	1244.3220000000001	373	SEVERAL
1244.3220000000001	1244.931	381	SIGNED
1244.931	1245.811	244	LITHOGRAPHS
1245.811	1257.171	99999	sp
1257.171	1257.511	24	ANY
1257.511	1258.412	105	CONTRIBUTIONS
1258.412	1258.531	484	WILL
1258.531	1258.671	47	BE
1258.671	1259.141	195	GREATLY
1259.141	1259.871	28	APPRECIATED
1259.871	1270.912	99999	sp
1270.912	1271.031	433	THE
1271.031	1271.731	111	CRANBERRY
1271.731	1272.181	57	BOG
1272.181	1272.5720000000001	178	GETS
1272.5720000000001	1273.102	464	VERY
1273.102	1273.561	339	PRETTY
1273.561	1273.691	217	IN
1273.691	1274.181	40	AUTUMN
1274.181	1285.431	99999	sp
1285.431	1285.681	210	HOW
1285.681	1285.891	128	DO
1285.891	1286.481	317	OYSTERS
1286.481	1286.791	252	MAKE
1286.791	1287.441	319	PEARLS
1287.441	1298.361	99999	sp
1298.361	1298.651	256	MAY
1298.651	1298.8220000000001	211	I
1298.8220000000001	1299.291	303	ORDER
1299.291	1299.361	1	A
1299.361	1300.0720000000001	318	PARFAIT
1300.0720000000001	1300.531	10	AFTER
1300.531	1300.641	211	I
1300.641	1300.921	134	EAT
1300.921	1301.391	124	DINNER
1301.391	1312.622	99999	sp
1312.622	1312.782	224	IS
1312.782	1312.992	374	SHE
1312.992	1313.352	187	GOING
1313.352	1313.512	486	WITH
1313.512	1313.812	494	YOU
1313.812	1327.192	99999	sp
1327.192	1327.452	76	CAN
1327.452	1327.622	433	THE
1327.622	1328.302	11	AGENCY
1328.302	1328.982	314	OVERTHROW
1328.982	1329.502	13	ALIEN
1329.502	1330.242	162	FORCES
1330.242	1340.782	99999	sp
1340.782	1340.862	1	A
1340.862	1341.662	370	SCREWDRIVER
1341.662	1341.931	224	IS
1341.931	1342.212	251	MADE
1342.212	1342.492	166	FROM
1342.492	1342.872	468	VODKA
1342.872	1343.202	20	AND
1343.202	1343.552	302	ORANGE
1343.552	1344.132	230	JUICE
1344.132	1355.422	99999	sp
1355.422	1355.722	210	HOW
1355.722	1356.012	268	MUCH
1356.012	1356.5720000000001	16	ALLOWANCE
1356.5720000000001	1356.702	128	DO
1356.702	1356.8319999999999	494	YOU
1356.8319999999999	1357.292	177	GET
1357.292	1370.0720000000001	99999	sp
1370.0720000000001	1370.792	115	CYCLICAL
1370.792	1371.502	345	PROGRAMS
1371.502	1371.681	484	WILL
1371.681	1372.0819999999999	280	NEVER
1372.0819999999999	1372.802	100	COMPILE
1372.802	1383.552	99999	sp
1383.552	1383.672	433	THE
1383.672	1384.282	61	BOSTON
1384.282	1384.931	45	BALLET
1384.931	1385.632	311	OVERCAME
1385.632	1385.931	434	THEIR
1385.931	1386.452	170	FUNDING
1386.452	1387.181	379	SHORTAGE
1387.181	1398.742	99999	sp
1398.742	1399.162	145	EVERY
1399.162	1399.212	99999	sp
1399.212	1399.592	74	CAB
1399.592	1399.952	279	NEEDS
1399.952	1400.622	363	REPAINTING
1400.622	1401.132	295	OFTEN
1401.132	1408.931	99999	sp
1408.931	1409.272	203	HELP
1409.272	1409.642	196	GREG
1409.642	1409.762	445	TO
1409.762	1410.042	324	PICK
1410.042	1410.0819999999999	1	A
1410.0819999999999	1410.401	320	PECK
1410.401	1410.562	293	OF
1410.562	1411.372	337	POTATOES
1411.372	1423.612	99999	sp
1423.612	1423.901	475	WE
1423.901	1424.222	240	LIKE
1424.222	1424.442	55	BLUE
1424.442	1424.962	88	CHEESE
1424.962	1425.132	70	BUT
1425.132	1425.5720000000001	465	VICTOR
1425.5720000000001	1425.942	241	LIKES
1425.942	1426.401	64	BRIE
1426.401	1437.132	99999	sp
1437.132	1437.452	108	COUNT
1437.452	1437.591	433	THE
1437.591	1438.012	288	NUMBER
1438.012	1438.122	293	OF
1438.122	1438.151	99999	sp
1438.151	1438.872	428	TEASPOONS
1438.872	1438.942	293	OF
1438.942	1439.712	394	SOYSAUCE
1439.712	1439.812	432	THAT
1439.812	1440.0520000000001	494	YOU
1440.0520000000001	1440.3020000000001	7	ADD
1440.3020000000001	1452.781	99999	sp
1452.781	1453.531	44	BAGPIPES
1453.531	1453.712	20	AND
1453.712	1454.392	59	BONGOS
1454.392	1454.5520000000001	30	ARE
1454.5520000000001	1455.252	272	MUSICAL
1455.252	1456.022	220	INSTRUMENTS
1456.022	1467.242	99999	sp
1467.242	1467.512	210	HOW
1467.512	1467.812	189	GOOD
1467.812	1467.952	224	IS
1467.952	1468.182	495	YOUR
1468.182	1469.022	138	ENDURANCE
1469.022	1496.622	99999	sp
2212.872	2213.062	30	ARE
2213.062	2213.221	495	YOUR
2213.221	2213.632	192	GRADES
2213.632	2214.132	206	HIGHER
2214.132	2214.302	301	OR
2214.302	2214.692	250	LOWER
2214.692	2214.911	431	THAN
2214.911	2215.661	274	NANCY'S
2215.661	2225.862	99999	sp
2225.862	2226.172	374	SHE
2226.172	2226.492	489	WORE
2226.492	2226.992	470	WARM
2226.992	2227.522	158	FLEECY
2227.522	2228.041	488	WOOLEN
2228.041	2228.062	99999	sp
2228.062	2228.911	310	OVERALLS
2228.911	2240.742	99999	sp
2240.742	2241.232	353	READING
2241.232	2241.422	217	IN
2241.422	2241.482	99999	sp
2241.482	2241.732	334	POOR
2241.732	2242.161	239	LIGHT
2242.161	2242.422	181	GIVES
2242.422	2242.601	494	YOU
2242.601	2243.401	150	EYESTRAIN
2243.401	2255.422	99999	sp
2255.422	2255.802	142	EVEN
2255.802	2256.112	211	I
2256.112	2256.791	292	OCCASIONALLY
2256.791	2257.052	177	GET
2257.052	2257.151	433	THE
2257.151	2257.622	264	MONDAY
2257.622	2258.272	56	BLUES
2258.272	2268.822	99999	sp
2268.822	2269.132	475	WE
2269.132	2269.351	30	ARE
2269.351	2269.721	300	OPEN
2269.721	2270.101	145	EVERY
2270.101	2270.531	264	MONDAY
2270.531	2271.382	143	EVENING
2271.382	2281.591	99999	sp
2281.591	2281.851	226	IT'S
2281.851	2282.101	284	NOT
2282.101	2282.562	133	EASY
2282.562	2282.702	445	TO
2282.702	2283.202	113	CREATE
2283.202	2283.871	215	ILLUMINATING
2283.871	2284.741	146	EXAMPLES
2284.741	2295.751	99999	sp
2295.751	2296.202	269	MUM
2296.202	2296.832	406	STRONGLY
2296.832	2297.452	126	DISLIKES
2297.452	2298.392	27	APPETIZERS
2298.392	2307.962	99999	sp
2307.962	2308.442	442	THOSE
2308.442	2308.552	483	WHO
2308.552	2308.922	426	TEACH
2308.922	2309.562	461	VALUES
2309.562	2309.591	99999	sp
2309.591	2310.282	156	FIRST
2310.282	2310.9120000000003	4	ABOLISH
2310.9120000000003	2311.471	87	CHEATING
2311.471	2323.091	99999	sp
2323.091	2323.282	433	THE
2323.282	2323.812	165	FRIGHTENED
2323.812	2324.282	89	CHILD
2324.282	2324.522	471	WAS
2324.522	2324.942	176	GENTLY
2324.942	2325.611	409	SUBDUED
2325.611	2325.832	73	BY
2325.832	2326.042	208	HIS
2326.042	2326.332	52	BIG
2326.332	2326.802	66	BROTHER
2326.802	2336.422	99999	sp
2336.422	2336.792	142	EVEN
2336.792	2336.841	1	A
2336.841	2337.332	382	SIMPLE
2337.332	2338.192	467	VOCABULARY
2338.192	2338.832	104	CONTAINS
2338.832	2339.562	421	SYMBOLS
2339.562	2348.962	99999	sp
2348.962	2349.121	1	A
2349.121	2349.631	110	CRAB
2349.631	2350.172	85	CHALLENGED
2350.172	2350.202	99999	sp
2350.202	2350.522	257	ME
2350.522	2350.591	99999	sp
2350.591	2350.861	70	BUT
2350.861	2350.952	1	A
2350.952	2351.251	349	QUICK
2351.251	2351.751	401	STAB
2351.751	2352.312	463	VANQUISHED
2352.312	2352.572	207	HIM
2352.572	2356.0	99999	sp
2356.0	2363.582	99999	sp
2363.582	2364.181	183	GLUCOSE
2364.181	2364.351	20	AND
2364.351	2365.071	167	FRUCTOSE
2365.071	2365.221	30	ARE
2365.221	2365.791	275	NATURAL
2365.791	2366.361	413	SUGARS
2366.361	2366.711	163	FOUND
2366.711	2366.841	217	IN
2366.841	2367.401	168	FRUIT
2367.401	2376.431	99999	sp
2376.431	2376.611	30	ARE
2376.611	2376.861	494	YOU
2376.861	2377.271	249	LOOKING
2377.271	2377.492	161	FOR
2377.492	2378.262	136	EMPLOYMENT
2378.262	2390.021	99999	sp
2390.021	2390.451	98	COFFEE
2390.451	2390.741	224	IS
2390.741	2391.181	198	GROWN
2391.181	2391.441	296	ON
2391.441	2392.031	403	STEEP
2392.031	2392.642	88888	JUNGLE
2392.642	2392.911	240	LIKE
2392.911	2393.481	389	SLOPES
2393.481	2393.642	217	IN
2393.642	2394.091	430	TEMPERATE
2394.091	2394.801	496	ZONES
2394.801	2405.231	99999	sp
2405.231	2405.521	475	WE
2405.521	2406.081	479	WELCOME
2406.081	2406.411	255	MANY
2406.411	2406.691	281	NEW
2406.691	2407.311	407	STUDENTS
2407.311	2407.601	132	EACH
2407.601	2407.931	490	YEAR
2407.931	2419.281	99999	sp
2419.281	2419.671	297	ONLY
2419.671	2419.771	433	THE
2419.771	2420.261	51	BEST
2420.261	2420.751	329	PLAYERS
2420.751	2421.212	139	ENJOY
2421.212	2422.151	335	POPULARITY
2422.151	2433.861	99999	sp
2433.861	2434.471	75	CALCIUM
2434.471	2434.852	253	MAKES
2434.852	2435.412	58	BONES
2435.412	2435.651	20	AND
2435.651	2435.931	429	TEETH
2435.931	2436.611	405	STRONG
2436.611	2447.331	99999	sp
2447.331	2447.861	285	NOTHING
2447.861	2448.111	224	IS
2448.111	2448.291	34	AS
2448.291	2449.031	294	OFFENSIVE
2449.031	2449.401	34	AS
2449.401	2450.251	219	INNOCENCE
2450.251	2460.322	99999	sp
2460.322	2460.901	404	STEVE
2460.901	2460.951	99999	sp
2460.951	2461.322	489	WORE
2461.322	2461.371	1	A
2461.371	2461.891	65	BRIGHT
2461.891	2462.2309999999998	355	RED
2462.2309999999998	2462.261	99999	sp
2462.261	2462.811	78	CASHMERE
2462.811	2463.401	419	SWEATER
2463.401	2474.791	99999	sp
2474.791	2475.371	46	BARB'S
2475.371	2475.662	188	GOLD
2475.662	2476.251	63	BRACELET
2476.251	2476.462	471	WAS
2476.462	2476.511	1	A
2476.511	2477.311	193	GRADUATION
2477.311	2477.871	338	PRESENT
2477.871	2487.562	99999	sp
2487.562	2488.072	130	DRAW
2488.072	2488.522	145	EVERY
2488.522	2488.872	307	OUTER
2488.872	2489.262	243	LINE
2489.262	2489.322	99999	sp
2489.322	2490.002	156	FIRST
2490.002	2490.352	435	THEN
2490.352	2490.612	154	FILL
2490.612	2490.772	217	IN
2490.772	2490.912	433	THE
2490.912	2491.602	222	INTERIOR
2491.602	2500.442	99999	sp
2500.442	2500.642	433	THE
2500.642	2501.022	474	WATER
2501.022	2501.692	103	CONTAINED
2501.692	2501.852	447	TOO
2501.852	2502.151	268	MUCH
2502.151	2502.892	90	CHLORINE
2502.892	2503.122	20	AND
2503.122	2503.412	408	STUNG
2503.412	2503.632	208	HIS
2503.632	2504.212	149	EYES
2504.212	2515.172	99999	{NS}
2515.172	2515.562	229	JOHN'S
2515.562	2515.942	66	BROTHER
2515.942	2516.512	362	REPAINTED
2516.512	2516.582	433	THE
2516.582	2517.072	173	GARAGE
2517.072	2517.552	129	DOOR
2517.552	2527.952	99999	sp
2527.952	2528.562	84	CHALLENGE
2528.562	2528.952	132	EACH
2528.952	2529.651	175	GENERAL'S
2529.651	2530.651	221	INTELLIGENCE
2530.651	2540.302	99999	sp
2540.302	2541.302	17	AMBIDEXTROUS
2541.302	2541.972	326	PICKPOCKETS
2541.972	2542.492	6	ACCOMPLISH
2542.492	2542.872	266	MORE
2542.872	2552.752	99999	sp
2552.752	2552.822	1	A
2552.822	2553.502	270	MUSCULAR
2553.502	2554.092	2	ABDOMEN
2554.092	2554.342	224	IS
2554.342	2554.622	189	GOOD
2554.622	2554.651	99999	sp
2554.651	2554.752	161	FOR
2554.752	2554.952	495	YOUR
2554.952	2555.382	43	BACK
2555.382	2566.412	99999	sp
2566.412	2566.892	437	THEY
2566.892	2567.142	316	OWN
2567.142	2567.262	1	A
2567.262	2567.562	52	BIG
2567.562	2568.102	209	HOUSE
2568.102	2568.202	217	IN
2568.202	2568.262	433	THE
2568.262	2568.712	360	REMOTE
2568.712	2569.632	109	COUNTRYSIDE
2569.632	2579.922	99999	sp
2579.922	2580.162	433	THE
2580.162	2580.642	368	ROSE
2580.642	2581.442	106	CORSAGE
2581.442	2581.532	99999	sp
2581.532	2582.002	392	SMELLED
2582.002	2582.602	420	SWEET
2582.602	2592.982	99999	sp
2592.982	2593.392	432	THAT
2593.392	2594.062	325	PICKPOCKET
2594.062	2594.302	471	WAS
2594.302	2594.692	80	CAUGHT
2594.692	2595.042	355	RED
2595.042	2595.651	199	HANDED
2595.651	2607.282	99999	sp
2607.282	2607.512	19	AN
2607.512	2607.982	9	ADULT
2607.982	2608.362	254	MALE
2608.362	2609.072	42	BABOON'S
2609.072	2609.582	429	TEETH
2609.582	2609.762	30	ARE
2609.762	2610.082	284	NOT
2610.082	2610.702	414	SUITABLE
2610.702	2610.882	161	FOR
2610.882	2611.262	135	EATING
2611.262	2612.122	375	SHELLFISH
2612.122	2622.392	99999	sp
2622.392	2622.672	204	HER
2622.672	2623.302	469	WARDROBE
2623.302	2623.952	102	CONSISTS
2623.952	2624.082	293	OF
2624.082	2624.422	297	ONLY
2624.422	2624.962	384	SKIRTS
2624.962	2625.112	20	AND
2625.112	2625.901	54	BLOUSES
2625.901	2636.322	99999	sp
2636.322	2636.591	433	THE
2636.591	2636.922	452	TWO
2636.922	2637.582	33	ARTISTS
2637.582	2638.372	147	EXCHANGED
2638.372	2639.192	39	AUTOGRAPHS
2639.192	2650.341	99999	sp
2650.341	2651.262	71	BUTTERSCOTCH
2651.262	2651.692	169	FUDGE
2651.692	2652.072	186	GOES
2652.072	2652.452	480	WELL
2652.452	2652.601	486	WITH
2652.601	2652.632	99999	sp
2652.632	2653.072	462	VANILLA
2653.072	2653.392	212	ICE
2653.392	2653.772	112	CREAM
2653.772	2665.712	99999	sp
2665.712	2666.221	365	RICH
2666.221	2666.732	348	PURCHASED
2666.732	2667.291	373	SEVERAL
2667.291	2667.772	381	SIGNED
2667.772	2668.692	244	LITHOGRAPHS
2668.692	2679.272	99999	sp
2679.272	2679.632	24	ANY
2679.632	2680.612	105	CONTRIBUTIONS
2680.612	2680.732	484	WILL
2680.732	2680.882	47	BE
2680.882	2681.341	195	GREATLY
2681.341	2682.192	28	APPRECIATED
2682.192	2692.601	99999	sp
2692.601	2692.822	433	THE
2692.822	2692.911	99999	sp
2692.911	2693.502	111	CRANBERRY
2693.502	2693.971	57	BOG
2693.971	2694.362	178	GETS
2694.362	2694.802	464	VERY
2694.802	2695.302	339	PRETTY
2695.302	2695.482	217	IN
2695.482	2695.992	40	AUTUMN
2695.992	2745.471	99999	{NS}
2745.471	2745.531	210	HOW
2745.531	2745.591	128	DO
2745.591	2745.742	317	OYSTERS
2745.742	2745.832	252	MAKE
2745.832	2745.952	319	PEARLS
2745.952	2746.012	256	MAY
2746.012	2746.041	211	I
2746.041	2746.161	303	ORDER
2746.161	2746.192	1	A
2746.192	2746.341	318	PARFAIT
2746.341	2746.372	99999	sp
2746.372	2746.492	10	AFTER
2746.492	2746.522	211	I
2746.522	2746.582	134	EAT
2746.582	2746.702	124	DINNER
2746.702	2746.762	224	IS
2746.762	2746.822	374	SHE
2746.822	2746.942	187	GOING
2746.942	2746.982	99999	sp
2746.982	2747.041	305	OUT
2747.041	2747.132	486	WITH
2747.132	2747.212	494	YOU
2747.212	2747.382	76	CAN
2747.382	2747.552	433	THE
2747.552	2748.212	11	AGENCY
2748.212	2748.952	314	OVERTHROW
2748.952	2749.522	13	ALIEN
2749.522	2749.541	99999	sp
2749.541	2750.242	162	FORCES
2750.242	2761.172	99999	sp
2761.172	2761.262	1	A
2761.262	2762.122	370	SCREWDRIVER
2762.122	2762.322	224	IS
2762.322	2762.661	251	MADE
2762.661	2762.971	166	FROM
2762.971	2763.531	468	VODKA
2763.531	2763.772	20	AND
2763.772	2764.182	302	ORANGE
2764.182	2764.742	230	JUICE
2764.742	2774.862	99999	sp
2774.862	2775.151	210	HOW
2775.151	2775.432	268	MUCH
2775.432	2775.971	16	ALLOWANCE
2775.971	2776.091	128	DO
2776.091	2776.281	494	YOU
2776.281	2776.752	177	GET
2776.752	2788.572	99999	sp
2788.572	2789.242	115	CYCLICAL
2789.242	2789.932	345	PROGRAMS
2789.932	2790.082	484	WILL
2790.082	2790.552	280	NEVER
2790.552	2791.302	100	COMPILE
2791.302	2801.031	99999	sp
2801.031	2801.142	433	THE
2801.142	2801.702	61	BOSTON
2801.702	2802.302	45	BALLET
2802.302	2802.992	311	OVERCAME
2802.992	2803.161	434	THEIR
2803.161	2803.651	170	FUNDING
2803.651	2804.302	379	SHORTAGE
2804.302	2815.082	99999	{NS}
2815.082	2816.512	99999	sp
2816.512	2816.901	145	EVERY
2816.901	2817.351	74	CAB
2817.351	2817.692	279	NEEDS
2817.692	2818.312	363	REPAINTING
2818.312	2818.862	295	OFTEN
2818.862	2829.341	99999	sp
2829.341	2829.661	203	HELP
2829.661	2830.012	196	GREG
2830.012	2830.112	445	TO
2830.112	2830.411	324	PICK
2830.411	2830.452	1	A
2830.452	2830.752	320	PECK
2830.752	2830.872	293	OF
2830.872	2831.702	337	POTATOES
2831.702	2842.752	99999	sp
2842.752	2843.062	475	WE
2843.062	2843.322	240	LIKE
2843.322	2843.582	55	BLUE
2843.582	2844.101	88	CHEESE
2844.101	2844.252	70	BUT
2844.252	2844.262	99999	sp
2844.262	2844.721	465	VICTOR
2844.721	2845.072	241	LIKES
2845.072	2845.562	64	BRIE
2845.562	2855.642	99999	sp
2855.642	2856.031	108	COUNT
2856.031	2856.151	433	THE
2856.151	2856.562	288	NUMBER
2856.562	2856.672	293	OF
2856.672	2856.682	99999	sp
2856.682	2857.411	428	TEASPOONS
2857.411	2857.482	293	OF
2857.482	2858.221	394	SOYSAUCE
2858.221	2858.312	432	THAT
2858.312	2858.502	494	YOU
2858.502	2858.932	7	ADD
2858.932	2870.4120000000003	99999	sp
2870.4120000000003	2871.2309999999998	44	BAGPIPES
2871.2309999999998	2871.442	20	AND
2871.442	2872.121	59	BONGOS
2872.121	2872.302	30	ARE
2872.302	2872.9120000000003	272	MUSICAL
2872.9120000000003	2873.692	220	INSTRUMENTS
2873.692	2873.751	210	HOW
2873.751	2873.841	189	GOOD
2873.841	2873.902	224	IS
2873.902	2873.991	495	YOUR
2873.991	2874.152	99999	sp
2874.152	2874.361	138	ENDURANCE
2874.361	2917.861	99999	{NS}
3574.591	3574.771	30	ARE
3574.771	3574.941	495	YOUR
3574.941	3575.451	192	GRADES
3575.451	3575.901	206	HIGHER
3575.901	3576.072	301	OR
3576.072	3576.451	250	LOWER
3576.451	3576.601	431	THAN
3576.601	3577.392	274	NANCY'S
3577.392	3587.651	99999	sp
3587.651	3587.962	374	SHE
3587.962	3588.271	489	WORE
3588.271	3588.791	470	WARM
3588.791	3588.871	99999	sp
3588.871	3589.311	158	FLEECY
3589.311	3589.752	488	WOOLEN
3589.752	3590.631	310	OVERALLS
3590.631	3601.431	99999	sp
3601.431	3601.921	353	READING
3601.921	3602.132	217	IN
3602.132	3602.181	99999	sp
3602.181	3602.401	334	POOR
3602.401	3602.822	239	LIGHT
3602.822	3603.091	181	GIVES
3603.091	3603.281	494	YOU
3603.281	3604.011	150	EYESTRAIN
3604.011	3615.281	99999	sp
3615.281	3615.651	142	EVEN
3615.651	3616.022	211	I
3616.022	3616.751	292	OCCASIONALLY
3616.751	3616.9809999999998	177	GET
3616.9809999999998	3617.091	433	THE
3617.091	3617.501	264	MONDAY
3617.501	3618.201	56	BLUES
3618.201	3627.651	99999	sp
3627.651	3627.861	475	WE
3627.861	3628.022	30	ARE
3628.022	3628.352	300	OPEN
3628.352	3628.662	145	EVERY
3628.662	3629.061	264	MONDAY
3629.061	3629.742	143	EVENING
3629.742	3640.022	99999	sp
3640.022	3640.291	226	IT'S
3640.291	3640.522	284	NOT
3640.522	3640.882	133	EASY
3640.882	3641.102	445	TO
3641.102	3641.591	113	CREATE
3641.591	3642.311	215	ILLUMINATING
3642.311	3643.151	146	EXAMPLES
3643.151	3653.121	99999	sp
3653.121	3653.611	269	MUM
3653.611	3654.201	406	STRONGLY
3654.201	3654.822	126	DISLIKES
3654.822	3655.751	27	APPETIZERS
3655.751	3665.192	99999	sp
3665.192	3665.622	442	THOSE
3665.622	3665.732	483	WHO
3665.732	3666.102	426	TEACH
3666.102	3666.692	461	VALUES
3666.692	3666.732	99999	sp
3666.732	3667.181	156	FIRST
3667.181	3667.782	4	ABOLISH
3667.782	3667.822	99999	sp
3667.822	3668.302	87	CHEATING
3668.302	3678.181	99999	sp
3678.181	3678.422	433	THE
3678.422	3678.482	99999	sp
3678.482	3678.892	165	FRIGHTENED
3678.892	3679.372	89	CHILD
3679.372	3679.612	471	WAS
3679.612	3680.012	176	GENTLY
3680.012	3680.642	409	SUBDUED
3680.642	3680.872	73	BY
3680.872	3681.102	208	HIS
3681.102	3681.372	52	BIG
3681.372	3681.842	66	BROTHER
3681.842	3690.602	99999	sp
3690.602	3690.962	142	EVEN
3690.962	3690.992	1	A
3690.992	3691.442	382	SIMPLE
3691.442	3692.302	467	VOCABULARY
3692.302	3692.862	104	CONTAINS
3692.862	3693.552	421	SYMBOLS
3693.552	3702.931	99999	sp
3702.931	3703.042	1	A
3703.042	3703.482	110	CRAB
3703.482	3704.022	85	CHALLENGED
3704.022	3704.401	257	ME
3704.401	3704.552	70	BUT
3704.552	3704.612	1	A
3704.612	3704.901	349	QUICK
3704.901	3705.302	401	STAB
3705.302	3705.912	463	VANQUISHED
3705.912	3706.122	207	HIM
3706.122	3715.372	99999	sp
3715.372	3716.082	183	GLUCOSE
3716.082	3716.232	20	AND
3716.232	3716.892	167	FRUCTOSE
3716.892	3716.962	30	ARE
3716.962	3717.552	275	NATURAL
3717.552	3718.082	413	SUGARS
3718.082	3718.112	99999	sp
3718.112	3718.431	163	FOUND
3718.431	3718.552	217	IN
3718.552	3719.072	168	FRUIT
3719.072	3727.412	99999	sp
3727.412	3727.602	30	ARE
3727.602	3727.782	494	YOU
3727.782	3728.132	249	LOOKING
3728.132	3728.362	161	FOR
3728.362	3729.102	136	EMPLOYMENT
3729.102	3739.102	99999	sp
3739.102	3739.542	98	COFFEE
3739.542	3739.742	224	IS
3739.742	3740.142	198	GROWN
3740.142	3740.332	296	ON
3740.332	3740.842	403	STEEP
3740.842	3741.372	88888	JUNGLE
3741.372	3741.612	240	LIKE
3741.612	3742.122	389	SLOPES
3742.122	3742.272	217	IN
3742.272	3742.732	430	TEMPERATE
3742.732	3743.382	496	ZONES
3743.382	3753.522	99999	sp
3753.522	3753.732	475	WE
3753.732	3754.282	479	WELCOME
3754.282	3754.562	255	MANY
3754.562	3754.792	281	NEW
3754.792	3755.382	407	STUDENTS
3755.382	3755.642	132	EACH
3755.642	3755.982	490	YEAR
3755.982	3766.482	99999	sp
3766.482	3766.822	297	ONLY
3766.822	3766.942	433	THE
3766.942	3767.382	51	BEST
3767.382	3767.832	329	PLAYERS
3767.832	3768.262	139	ENJOY
3768.262	3769.132	335	POPULARITY
3769.132	3779.502	99999	sp
3779.502	3780.162	75	CALCIUM
3780.162	3780.482	253	MAKES
3780.482	3780.992	58	BONES
3780.992	3781.212	20	AND
3781.212	3781.442	429	TEETH
3781.442	3782.022	405	STRONG
3782.022	3791.772	99999	sp
3791.772	3792.232	285	NOTHING
3792.232	3792.401	224	IS
3792.401	3792.582	34	AS
3792.582	3793.221	294	OFFENSIVE
3793.221	3793.262	99999	sp
3793.262	3793.552	34	AS
3793.552	3794.432	219	INNOCENCE
3794.432	3803.971	99999	sp
3803.971	3804.502	404	STEVE
3804.502	3804.541	99999	sp
3804.541	3804.841	489	WORE
3804.841	3804.872	1	A
3804.872	3805.362	65	BRIGHT
3805.362	3805.632	355	RED
3805.632	3806.242	78	CASHMERE
3806.242	3806.772	419	SWEATER
3806.772	3816.622	99999	sp
3816.622	3817.151	46	BARB'S
3817.151	3817.432	188	GOLD
3817.432	3817.982	63	BRACELET
3817.982	3818.002	99999	sp
3818.002	3818.212	471	WAS
3818.212	3818.252	1	A
3818.252	3819.031	193	GRADUATION
3819.031	3819.591	338	PRESENT
3819.591	3828.281	99999	sp
3828.281	3828.702	130	DRAW
3828.702	3829.052	145	EVERY
3829.052	3829.392	307	OUTER
3829.392	3829.732	243	LINE
3829.732	3829.791	99999	sp
3829.791	3830.232	156	FIRST
3830.232	3830.682	435	THEN
3830.682	3830.992	154	FILL
3830.992	3831.112	217	IN
3831.112	3831.252	433	THE
3831.252	3831.952	222	INTERIOR
3831.952	3840.351	99999	sp
3840.351	3840.482	433	THE
3840.482	3840.872	474	WATER
3840.872	3841.492	103	CONTAINED
3841.492	3841.672	447	TOO
3841.672	3841.962	268	MUCH
3841.962	3842.572	90	CHLORINE
3842.572	3842.772	20	AND
3842.772	3843.072	408	STUNG
3843.072	3843.281	208	HIS
3843.281	3843.802	149	EYES
3843.802	3853.452	99999	sp
3853.452	3853.841	229	JOHN'S
3853.841	3854.312	66	BROTHER
3854.312	3854.872	362	REPAINTED
3854.872	3854.962	433	THE
3854.962	3855.442	173	GARAGE
3855.442	3855.901	129	DOOR
3855.901	3865.692	99999	sp
3865.692	3866.272	84	CHALLENGE
3866.272	3866.752	132	EACH
3866.752	3867.442	175	GENERAL'S
3867.442	3868.462	221	INTELLIGENCE
3868.462	3877.332	99999	sp
3877.332	3878.281	17	AMBIDEXTROUS
3878.281	3878.962	326	PICKPOCKETS
3878.962	3879.482	6	ACCOMPLISH
3879.482	3879.822	266	MORE
3879.822	3889.112	99999	sp
3889.112	3889.262	1	A
3889.262	3889.901	270	MUSCULAR
3889.901	3890.502	2	ABDOMEN
3890.502	3890.712	224	IS
3890.712	3890.911	189	GOOD
3890.911	3890.932	99999	sp
3890.932	3891.082	161	FOR
3891.082	3891.281	495	YOUR
3891.281	3891.762	43	BACK
3891.762	3901.702	99999	sp
3901.702	3902.132	437	THEY
3902.132	3902.312	316	OWN
3902.312	3902.372	1	A
3902.372	3902.682	52	BIG
3902.682	3903.212	209	HOUSE
3903.212	3903.322	217	IN
3903.322	3903.382	433	THE
3903.382	3903.791	360	REMOTE
3903.791	3904.721	109	COUNTRYSIDE
3904.721	3914.601	99999	sp
3914.601	3914.702	433	THE
3914.702	3915.132	368	ROSE
3915.132	3915.962	106	CORSAGE
3915.962	3916.362	392	SMELLED
3916.362	3916.942	420	SWEET
3916.942	3926.392	99999	sp
3926.392	3926.721	432	THAT
3926.721	3926.772	99999	sp
3926.772	3927.442	325	PICKPOCKET
3927.442	3927.851	471	WAS
3927.851	3928.161	80	CAUGHT
3928.161	3928.401	355	RED
3928.401	3928.901	199	HANDED
3928.901	3938.911	99999	sp
3938.911	3939.112	19	AN
3939.112	3939.522	9	ADULT
3939.522	3939.911	254	MALE
3939.911	3940.582	42	BABOON'S
3940.582	3941.062	429	TEETH
3941.062	3941.202	30	ARE
3941.202	3941.471	284	NOT
3941.471	3942.022	414	SUITABLE
3942.022	3942.202	161	FOR
3942.202	3942.541	135	EATING
3942.541	3943.322	375	SHELLFISH
3943.322	3952.651	99999	sp
3952.651	3952.822	204	HER
3952.822	3953.411	469	WARDROBE
3953.411	3954.091	102	CONSISTS
3954.091	3954.302	293	OF
3954.302	3954.642	297	ONLY
3954.642	3955.202	384	SKIRTS
3955.202	3955.442	20	AND
3955.442	3956.192	54	BLOUSES
3956.192	3965.221	99999	sp
3965.221	3965.411	433	THE
3965.411	3965.642	452	TWO
3965.642	3966.341	33	ARTISTS
3966.341	3966.422	99999	sp
3966.422	3967.161	147	EXCHANGED
3967.161	3967.971	39	AUTOGRAPHS
3967.971	3978.411	99999	sp
3978.411	3979.161	71	BUTTERSCOTCH
3979.161	3979.182	99999	sp
3979.182	3979.622	169	FUDGE
3979.622	3979.922	186	GOES
3979.922	3980.252	480	WELL
3980.252	3980.392	486	WITH
3980.392	3980.411	99999	sp
3980.411	3980.772	462	VANILLA
3980.772	3981.091	212	ICE
3981.091	3981.392	112	CREAM
3981.392	3993.172	99999	sp
3993.172	3993.682	365	RICH
3993.682	3994.212	348	PURCHASED
3994.212	3994.781	373	SEVERAL
3994.781	3995.242	381	SIGNED
3995.242	3996.182	244	LITHOGRAPHS
3996.182	4005.762	99999	sp
4005.762	4006.062	24	ANY
4006.062	4006.971	105	CONTRIBUTIONS
4006.971	4007.082	484	WILL
4007.082	4007.232	47	BE
4007.232	4007.682	195	GREATLY
4007.682	4008.471	28	APPRECIATED
4008.471	4018.682	99999	sp
4018.682	4018.802	433	THE
4018.802	4019.411	111	CRANBERRY
4019.411	4019.851	57	BOG
4019.851	4020.151	178	GETS
4020.151	4020.512	464	VERY
4020.512	4020.932	339	PRETTY
4020.932	4021.041	217	IN
4021.041	4021.492	40	AUTUMN
4021.492	4031.802	99999	sp
4031.802	4032.101	210	HOW
4032.101	4032.332	128	DO
4032.332	4032.851	317	OYSTERS
4032.851	4033.052	252	MAKE
4033.052	4033.072	99999	sp
4033.072	4033.732	319	PEARLS
4033.732	4042.841	99999	sp
4042.841	4043.091	256	MAY
4043.091	4043.192	211	I
4043.192	4043.632	303	ORDER
4043.632	4043.682	1	A
4043.682	4044.291	318	PARFAIT
4044.291	4044.721	10	AFTER
4044.721	4044.791	211	I
4044.791	4045.002	134	EAT
4045.002	4045.442	124	DINNER
4045.442	4055.591	99999	sp
4055.591	4055.7309999999998	224	IS
4055.7309999999998	4055.932	374	SHE
4055.932	4056.272	187	GOING
4056.272	4056.432	486	WITH
4056.432	4056.7309999999998	494	YOU
4056.7309999999998	4068.932	99999	sp
4068.932	4069.202	76	CAN
4069.202	4069.392	433	THE
4069.392	4069.991	11	AGENCY
4069.991	4070.652	314	OVERTHROW
4070.652	4071.152	13	ALIEN
4071.152	4071.212	99999	sp
4071.212	4071.902	162	FORCES
4071.902	4081.932	99999	sp
4081.932	4082.022	1	A
4082.022	4082.832	370	SCREWDRIVER
4082.832	4083.042	224	IS
4083.042	4083.361	251	MADE
4083.361	4083.611	166	FROM
4083.611	4084.011	468	VODKA
4084.011	4084.361	20	AND
4084.361	4084.721	302	ORANGE
4084.721	4085.261	230	JUICE
4085.261	4095.432	99999	sp
4095.432	4095.652	210	HOW
4095.652	4095.922	268	MUCH
4095.922	4096.392	16	ALLOWANCE
4096.392	4096.511	128	DO
4096.511	4096.652	494	YOU
4096.652	4097.101	177	GET
4097.101	4108.121	99999	sp
4108.121	4108.782	115	CYCLICAL
4108.782	4109.452	345	PROGRAMS
4109.452	4109.601	484	WILL
4109.601	4109.912	280	NEVER
4109.912	4110.572	100	COMPILE
4110.572	4119.601	99999	sp
4119.601	4119.761	433	THE
4119.761	4120.312	61	BOSTON
4120.312	4120.881	45	BALLET
4120.881	4121.501	311	OVERCAME
4121.501	4121.662	434	THEIR
4121.662	4123.0	170	FUNDING
4123.0	4123.291	99999	sp
4123.291	4124.651	61	BOSTON
4124.651	4124.772	45	BALLET
4124.772	4124.972	311	OVERCAME
4124.972	4130.171	99999	sp
4130.171	4130.261	434	THEIR
4130.261	4132.541	99999	sp
4132.541	4132.721	170	FUNDING
4132.721	4132.931	379	SHORTAGE
4132.931	4133.291	145	EVERY
4133.291	4133.681	74	CAB
4133.681	4133.992	279	NEEDS
4133.992	4134.021	99999	sp
4134.021	4134.662	363	REPAINTING
4134.662	4135.162	295	OFTEN
4135.162	4145.952	99999	sp
4145.952	4146.271	203	HELP
4146.271	4146.611	196	GREG
4146.611	4146.732	445	TO
4146.732	4147.002	324	PICK
4147.002	4147.032	1	A
4147.032	4147.302	320	PECK
4147.302	4147.452	293	OF
4147.452	4148.232	337	POTATOES
4148.232	4158.021	99999	sp
4158.021	4158.311	475	WE
4158.311	4158.551	240	LIKE
4158.551	4158.801	55	BLUE
4158.801	4159.241	88	CHEESE
4159.241	4159.401	70	BUT
4159.401	4159.811	465	VICTOR
4159.811	4160.151	241	LIKES
4160.151	4160.521	64	BRIE
4160.521	4171.031	99999	sp
4171.031	4171.331	108	COUNT
4171.331	4171.431	433	THE
4171.431	4171.841	288	NUMBER
4171.841	4171.921	293	OF
4171.921	4171.962	99999	sp
4171.962	4172.601	428	TEASPOONS
4172.601	4172.691	293	OF
4172.691	4173.381	394	SOYSAUCE
4173.381	4173.561	432	THAT
4173.561	4173.712	494	YOU
4173.712	4174.061	7	ADD
4174.061	4185.671	99999	sp
4185.671	4186.441	44	BAGPIPES
4186.441	4186.651	20	AND
4186.651	4187.382	59	BONGOS
4187.382	4187.581	30	ARE
4187.581	4188.121	272	MUSICAL
4188.121	4188.882	220	INSTRUMENTS
4188.882	4198.341	99999	sp
4198.341	4198.641	210	HOW
4198.641	4198.882	189	GOOD
4198.882	4199.031	224	IS
4199.031	4199.242	495	YOUR
4199.242	4200.052	138	ENDURANCE
4200.052	4214.891	99999	sp
