21.1698120	21.5408130	375	SHE
21.5408125	21.9608125	490	WORE
21.9608125	22.4398125	471	WARM
22.4398125	23.100812499999996	158	FLEECY
23.100812499999996	23.6598125	489	WOOLEN
23.6598125	24.5108125	311	OVERALLS
24.5108125	36.2158125	99999	sp
36.2158125	36.6758125	354	READING
36.6758125	36.985812499999994	217	IN
36.985812499999994	37.3358125	335	POOR
37.3358125	37.7458125	240	LIGHT
37.7458125	38.0858125	181	GIVES
38.0858125	38.2758125	495	YOU
38.2758125	39.07481249999999	150	EYESTRAIN
39.07481249999999	51.098	99999	sp
51.098	51.467999999999996	142	EVEN
51.467999999999996	51.928	211	I
51.928	52.678	293	OCCASIONALLY
52.678	52.948	177	GET
52.948	52.967999999999996	99999	sp
52.967999999999996	53.079	434	THE
53.079	53.509	265	MONDAY
53.509	54.227999999999994	56	BLUES
54.227999999999994	65.5060625	99999	sp
65.5060625	65.6760625	476	WE
65.6760625	65.8360625	30	ARE
65.8360625	66.23706250000001	301	OPEN
66.23706250000001	66.6670625	145	EVERY
66.6670625	67.0660625	265	MONDAY
67.0660625	67.7860625	143	EVENING
67.7860625	80.4133125	99999	sp
80.4133125	80.65331250000001	226	IT'S
80.65331250000001	80.9333125	285	NOT
80.9333125	81.3533125	133	EASY
81.3533125	81.50431250000001	446	TO
81.50431250000001	82.05431250000001	113	CREATE
82.05431250000001	82.79331250000001	215	ILLUMINATING
82.79331250000001	83.7433125	146	EXAMPLES
83.7433125	95.636375	99999	sp
95.636375	96.077375	270	MUM
96.077375	96.687375	407	STRONGLY
96.687375	97.357375	126	DISLIKES
97.357375	98.357375	27	APPETIZERS
98.357375	110.5800625	99999	sp
110.5800625	111.0000625	443	THOSE
111.0000625	111.12006249999999	484	WHO
111.12006249999999	111.5210625	427	TEACH
111.5210625	112.1700625	462	VALUES
112.1700625	112.20006249999999	99999	sp
112.20006249999999	112.73006249999999	156	FIRST
112.73006249999999	113.3810625	4	ABOLISH
113.3810625	114.0210625	87	CHEATING
114.0210625	127.643	99999	sp
127.643	127.77199999999999	434	THE
127.77199999999999	127.863	99999	sp
127.863	128.313	165	FRIGHTENED
128.313	128.34300000000002	99999	sp
128.34300000000002	128.832	89	CHILD
128.832	129.072	472	WAS
129.072	129.542	176	GENTLY
129.542	130.212	410	SUBDUED
130.212	130.462	73	BY
130.462	130.732	208	HIS
130.732	131.012	52	BIG
131.012	131.582	66	BROTHER
131.582	144.093125	99999	sp
144.093125	144.473125	142	EVEN
144.473125	144.573125	1	A
144.573125	145.06312499999999	383	SIMPLE
145.06312499999999	145.963125	468	VOCABULARY
145.963125	146.653125	104	CONTAINS
146.653125	147.443125	422	SYMBOLS
147.443125	160.212375	99999	sp
160.212375	160.35237500000002	1	A
160.35237500000002	160.88237500000002	110	CRAB
160.88237500000002	161.502375	85	CHALLENGED
161.502375	161.92237500000002	258	ME
161.92237500000002	162.002375	99999	sp
162.002375	162.16237500000003	70	BUT
162.16237500000003	162.252375	1	A
162.252375	162.552375	350	QUICK
162.552375	162.962375	402	STAB
162.962375	163.61237500000001	464	VANQUISHED
163.61237500000001	163.88237500000002	207	HIM
163.88237500000002	175.8643125	99999	sp
175.8643125	176.4943125	183	GLUCOSE
176.4943125	176.65331250000003	20	AND
176.65331250000003	176.72431250000002	99999	sp
176.72431250000002	177.32431250000002	167	FRUCTOSE
177.32431250000002	177.44431250000002	30	ARE
177.44431250000002	177.9643125	276	NATURAL
177.9643125	178.5243125	414	SUGARS
178.5243125	178.91431250000002	163	FOUND
178.91431250000002	179.07431250000002	217	IN
179.07431250000002	179.56431250000003	168	FRUIT
179.56431250000003	189.80275	99999	sp
189.80275	189.92275	30	ARE
189.92275	190.20275	495	YOU
190.20275	190.57275	250	LOOKING
190.57275	190.84275	161	FOR
190.84275	191.54275	136	EMPLOYMENT
191.54275	205.1359375	99999	sp
205.1359375	205.6059375	98	COFFEE
205.6059375	205.90593750000002	224	IS
205.90593750000002	206.34593750000002	198	GROWN
206.34593750000002	206.61593750000003	297	ON
206.61593750000003	207.24593750000003	404	STEEP
207.24593750000003	207.73593750000003	231	JUNGLE
207.73593750000003	208.00593750000002	241	LIKE
208.00593750000002	208.65593750000002	390	SLOPES
208.65593750000002	208.86593750000003	217	IN
208.86593750000003	209.3559375	431	TEMPERATE
209.3559375	210.11593750000003	497	ZONES
210.11593750000003	220.9653125	99999	sp
220.9653125	221.1453125	476	WE
221.1453125	221.7253125	480	WELCOME
221.7253125	222.0053125	256	MANY
222.0053125	222.2443125	282	NEW
222.2443125	222.80531249999999	408	STUDENTS
222.80531249999999	223.1353125	132	EACH
223.1353125	223.4353125	491	YEAR
223.4353125	235.362875	99999	sp
235.362875	235.70387499999998	298	ONLY
235.70387499999998	235.79387499999999	434	THE
235.79387499999999	236.183875	51	BEST
236.183875	236.743875	330	PLAYERS
236.743875	237.20387499999998	139	ENJOY
237.20387499999998	238.142875	336	POPULARITY
238.142875	249.94475	99999	sp
249.94475	250.63475	75	CALCIUM
250.63475	250.93375	254	MAKES
250.93375	251.52474999999998	58	BONES
251.52474999999998	251.74474999999998	20	AND
251.74474999999998	252.00475	430	TEETH
252.00475	252.69475	406	STRONG
252.69475	264.7545	99999	sp
264.7545	265.2145	286	NOTHING
265.2145	265.4845	224	IS
265.4845	265.6535	34	AS
265.6535	266.4035	295	OFFENSIVE
266.4035	266.8045	34	AS
266.8045	267.6535	219	INNOCENCE
267.6535	278.946625	99999	sp
278.946625	279.477625	405	STEVE
279.477625	279.516625	99999	sp
279.516625	279.907625	490	WORE
279.907625	279.956625	1	A
279.956625	280.43762499999997	65	BRIGHT
280.43762499999997	280.467625	99999	sp
280.467625	280.737625	356	RED
280.737625	281.386625	78	CASHMERE
281.386625	281.917625	420	SWEATER
281.917625	293.9475	99999	sp
293.9475	294.5175	46	BARB'S
294.5175	294.8675	188	GOLD
294.8675	295.4475	63	BRACELET
295.4475	295.6975	472	WAS
295.6975	295.7575	1	A
295.7575	296.5475	193	GRADUATION
296.5475	297.0965	339	PRESENT
297.0965	309.60075	99999	sp
309.60075	309.98075	130	DRAW
309.98075	310.50075	145	EVERY
310.50075	310.85075	308	OUTER
310.85075	311.24075	244	LINE
311.24075	311.29075	99999	sp
311.29075	311.86075	156	FIRST
311.86075	312.32975	436	THEN
312.32975	312.35075	99999	sp
312.35075	312.62075	154	FILL
312.62075	312.81075	217	IN
312.81075	312.97075	434	THE
312.97075	313.69975	222	INTERIOR
313.69975	325.8280625	99999	sp
325.8280625	325.9990625	434	THE
325.9990625	326.3880625	475	WATER
326.3880625	327.0690625	103	CONTAINED
327.0690625	327.2490625	448	TOO
327.2490625	327.5690625	269	MUCH
327.5690625	327.5880625	99999	sp
327.5880625	328.2680625	90	CHLORINE
328.2680625	328.4790625	20	AND
328.4790625	328.8790625	409	STUNG
328.8790625	329.0990625	208	HIS
329.0990625	329.7080625	149	EYES
329.7080625	341.6116875	99999	sp
341.6116875	342.0616875	229	JOHN'S
342.0616875	342.4706875	66	BROTHER
342.4706875	343.1006875	363	REPAINTED
343.1006875	343.1916875	434	THE
343.1916875	343.7016875	173	GARAGE
343.7016875	344.2016875	129	DOOR
344.2016875	355.8094375	99999	sp
355.8094375	356.4004375	84	CHALLENGE
356.4004375	356.7904375	132	EACH
356.7904375	357.4394375	175	GENERAL'S
357.4394375	358.4394375	221	INTELLIGENCE
358.4394375	369.703875	99999	sp
369.703875	370.673875	17	AMBIDEXTROUS
370.673875	371.412875	327	PICKPOCKETS
371.412875	372.013875	6	ACCOMPLISH
372.013875	372.443875	267	MORE
372.443875	383.8709375	99999	sp
383.8709375	383.96093750000006	1	A
383.96093750000006	384.6209375	271	MUSCULAR
384.6209375	385.29093750000004	2	ABDOMEN
385.29093750000004	385.5009375	224	IS
385.5009375	385.78093750000005	189	GOOD
385.78093750000005	385.8109375	99999	sp
385.8109375	385.92093750000004	161	FOR
385.92093750000004	386.1209375	496	YOUR
386.1209375	386.67093750000004	43	BACK
386.67093750000004	399.2368125	99999	sp
399.2368125	399.62681249999997	438	THEY
399.62681249999997	399.8668125	317	OWN
399.8668125	399.90581249999997	1	A
399.90581249999997	400.25681249999997	52	BIG
400.25681249999997	400.8068125	209	HOUSE
400.8068125	400.9768125	217	IN
400.9768125	401.0368125	434	THE
401.0368125	401.44681249999996	361	REMOTE
401.44681249999996	402.4558125	109	COUNTRYSIDE
402.4558125	413.7226875	99999	sp
413.7226875	413.8916875	434	THE
413.8916875	414.3916875	369	ROSE
414.3916875	415.2926875	106	CORSAGE
415.2926875	415.8026875	393	SMELLED
415.8026875	416.4326875	421	SWEET
416.4326875	427.2325	99999	sp
427.2325	427.5225	433	THAT
427.5225	428.2215	326	PICKPOCKET
428.2215	428.4615	472	WAS
428.4615	428.8125	80	CAUGHT
428.8125	429.0825	356	RED
429.0825	429.7325	199	HANDED
429.7325	444.2408125	99999	sp
444.2408125	444.4408125	19	AN
444.4408125	444.8498125	9	ADULT
444.8498125	445.2508125	255	MALE
445.2508125	445.9308125	42	BABOON'S
445.9308125	446.4208125	430	TEETH
446.4208125	446.5408125	30	ARE
446.5408125	446.8108125	285	NOT
446.8108125	447.3998125	415	SUITABLE
447.3998125	447.6108125	161	FOR
447.6108125	447.9508125	135	EATING
447.9508125	448.8008125	376	SHELLFISH
448.8008125	460.4294375	99999	sp
460.4294375	460.6294375	204	HER
460.6294375	461.3484375	470	WARDROBE
461.3484375	462.0284375	102	CONSISTS
462.0284375	462.1684375	294	OF
462.1684375	462.5794375	298	ONLY
462.5794375	463.1094375	385	SKIRTS
463.1094375	463.2594375	20	AND
463.2594375	464.0694375	54	BLOUSES
464.0694375	475.1070625	99999	sp
475.1070625	475.2460625	434	THE
475.2460625	475.5660625	453	TWO
475.5660625	476.2570625	33	ARTISTS
476.2570625	477.0770625	147	EXCHANGED
477.0770625	477.9770625	39	AUTOGRAPHS
477.9770625	490.6416875	99999	sp
490.6416875	491.35168749999997	71	BUTTERSCOTCH
491.35168749999997	491.3916875	99999	sp
491.3916875	491.91168749999997	169	FUDGE
491.91168749999997	492.2406875	186	GOES
492.2406875	492.5816875	481	WELL
492.5816875	492.75068749999997	487	WITH
492.75068749999997	492.80168749999996	99999	sp
492.80168749999996	493.2406875	463	VANILLA
493.2406875	493.5316875	212	ICE
493.5316875	493.92168749999996	112	CREAM
493.92168749999996	506.093625	99999	sp
506.093625	506.55362499999995	366	RICH
506.55362499999995	507.143625	349	PURCHASED
507.143625	507.80362499999995	374	SEVERAL
507.80362499999995	508.63262499999996	382	SIGNED
508.63262499999996	509.54362499999996	245	LITHOGRAPHS
509.54362499999996	520.9760000000001	99999	sp
520.9760000000001	521.285	24	ANY
521.285	522.2329675744336	105	CONTRIBUTIONS
522.2329675744336	522.4173552206615	485	WILL
522.4173552206615	522.5460000000003	47	BE
522.5460000000003	523.0060000000003	195	GREATLY
523.0060000000003	523.7660000000001	28	APPRECIATED
523.7660000000001	535.7633125	99999	sp
535.7633125	535.8733125	434	THE
535.8733125	536.6033125	111	CRANBERRY
536.6033125	537.1233125	57	BOG
537.1233125	537.5033125	178	GETS
537.5033125	537.9733125	465	VERY
537.9733125	538.4533125	340	PRETTY
538.4533125	538.6033125	217	IN
538.6033125	539.1033125	40	AUTUMN
539.1033125	550.1166875	99999	sp
550.1166875	550.4666875	210	HOW
550.4666875	550.6166875	128	DO
550.6166875	551.2366875	318	OYSTERS
551.2366875	551.6266875	253	MAKE
551.6266875	552.3076875	320	PEARLS
552.3076875	563.93625	99999	sp
563.93625	564.21625	257	MAY
564.21625	564.36525	211	I
564.36525	564.8462499999999	304	ORDER
564.8462499999999	564.91625	1	A
564.91625	565.6352499999999	319	PARFAIT
565.6352499999999	566.08625	10	AFTER
566.08625	566.17625	211	I
566.17625	566.4762499999999	134	EAT
566.4762499999999	566.9862499999999	124	DINNER
566.9862499999999	577.809375	99999	sp
577.809375	577.9803750000001	224	IS
577.9803750000001	578.189375	375	SHE
578.189375	578.589375	187	GOING
578.589375	578.7703750000001	487	WITH
578.7703750000001	579.0003750000001	495	YOU
579.0003750000001	591.2351875	99999	sp
591.2351875	591.4761875	76	CAN
591.4761875	591.6351875	434	THE
591.6351875	592.2551875	11	AGENCY
592.2551875	592.9661875	315	OVERTHROW
592.9661875	593.5251875	13	ALIEN
593.5251875	594.3061875000001	162	FORCES
594.3061875000001	605.8505146501984	99999	sp
605.8505146501984	605.9295146501985	1	A
605.9295146501985	606.7895146501985	371	SCREWDRIVER
606.7895146501985	607.0205146501985	224	IS
607.0205146501985	607.3395146501985	252	MADE
607.3395146501985	607.6495146501985	166	FROM
607.6495146501985	608.2295146501984	469	VODKA
608.2295146501984	608.4695146501984	20	AND
608.4695146501984	608.8505146501984	303	ORANGE
608.8505146501984	609.4495146501985	230	JUICE
609.4495146501985	620.2159375	99999	sp
620.2159375	620.4059374999999	210	HOW
620.4059374999999	620.7259375	269	MUCH
620.7259375	621.3649375	16	ALLOWANCE
621.3649375	621.4859375	128	DO
621.4859375	621.6959375	495	YOU
621.6959375	622.2049375	177	GET
622.2049375	634.026125	99999	sp
634.026125	634.676125	115	CYCLICAL
634.676125	635.3561249999999	346	PROGRAMS
635.3561249999999	635.5061249999999	485	WILL
635.5061249999999	635.8761249999999	281	NEVER
635.8761249999999	636.6061249999999	100	COMPILE
636.6061249999999	649.2349375	99999	sp
649.2349375	649.3749375	434	THE
649.3749375	650.0359374999999	61	BOSTON
650.0359374999999	650.6249375	45	BALLET
650.6249375	651.3749375	312	OVERCAME
651.3749375	651.5849375	435	THEIR
651.5849375	652.1059375	170	FUNDING
652.1059375	652.8349375	380	SHORTAGE
652.8349375	664.853	99999	sp
664.853	665.2629999999999	145	EVERY
665.2629999999999	665.752	74	CAB
665.752	666.1829999999999	280	NEEDS
666.1829999999999	666.8919999999999	364	REPAINTING
666.8919999999999	667.4329999999999	296	OFTEN
667.4329999999999	678.9730625	99999	sp
678.9730625	679.2940625	203	HELP
679.2940625	679.7030625	196	GREG
679.7030625	679.8930624999999	446	TO
679.8930624999999	680.2030625	325	PICK
680.2030625	680.3130624999999	1	A
680.3130624999999	680.6840625	321	PECK
680.6840625	680.8240625	294	OF
680.8240625	681.6430624999999	338	POTATOES
681.6430624999999	692.993125	99999	sp
692.993125	693.232125	476	WE
693.232125	693.472125	241	LIKE
693.472125	693.482125	99999	sp
693.482125	693.7921249999999	55	BLUE
693.7921249999999	694.353125	88	CHEESE
694.353125	694.523125	70	BUT
694.523125	694.982125	466	VICTOR
694.982125	695.372125	242	LIKES
695.372125	695.862125	64	BRIE
695.862125	708.820875	99999	sp
708.820875	709.210875	108	COUNT
709.210875	709.269875	434	THE
709.269875	709.6898749999999	289	NUMBER
709.6898749999999	709.779875	294	OF
709.779875	709.7998749999999	99999	sp
709.7998749999999	710.5498749999999	429	TEASPOONS
710.5498749999999	710.629875	294	OF
710.629875	711.4008749999999	395	SOYSAUCE
711.4008749999999	711.5498749999999	433	THAT
711.5498749999999	711.7298749999999	495	YOU
711.7298749999999	712.029875	7	ADD
712.029875	724.265375	99999	sp
724.265375	725.0253749999999	44	BAGPIPES
725.0253749999999	725.184375	20	AND
725.184375	725.875375	59	BONGOS
725.875375	726.065375	30	ARE
726.065375	726.625375	273	MUSICAL
726.625375	727.475375	220	INSTRUMENTS
727.475375	738.017375	99999	sp
738.017375	738.267375	210	HOW
738.267375	738.6173749999999	189	GOOD
738.6173749999999	738.837375	224	IS
738.837375	739.1173749999999	496	YOUR
739.1173749999999	739.957375	138	ENDURANCE
739.957375	762.996125	99999	sp
762.996125	763.366125	142	EVEN
763.366125	763.826125	211	I
763.826125	764.576125	293	OCCASIONALLY
764.576125	764.846125	177	GET
764.846125	764.866125	99999	sp
764.866125	764.977125	434	THE
764.977125	765.4071250000001	265	MONDAY
765.4071250000001	766.126125	56	BLUES
766.126125	777.7154375	99999	sp
777.7154375	778.0954375	130	DRAW
778.0954375	778.6154375	145	EVERY
778.6154375	778.9654375	308	OUTER
778.9654375	779.3554375	244	LINE
779.3554375	779.4054375000001	99999	sp
779.4054375000001	779.9754375	156	FIRST
779.9754375	780.4444375	436	THEN
780.4444375	780.4654375	99999	sp
780.4654375	780.7354375	154	FILL
780.7354375	780.9254375	217	IN
780.9254375	781.0854375	434	THE
781.0854375	781.8144374999999	222	INTERIOR
781.8144374999999	793.0621875000002	99999	sp
793.0621875000002	793.6921875	183	GLUCOSE
793.6921875	793.8511875000002	20	AND
793.8511875000002	793.9221875000001	99999	sp
793.9221875000001	794.5221875000001	167	FRUCTOSE
794.5221875000001	794.6421875000001	30	ARE
794.6421875000001	795.1621875000001	276	NATURAL
795.1621875000001	795.7221875000001	414	SUGARS
795.7221875000001	796.1121875000001	163	FOUND
796.1121875000001	796.2721875000001	217	IN
796.2721875000001	796.7621875000001	168	FRUIT
796.7621875000001	808.62775	99999	sp
808.62775	808.71775	1	A
808.71775	809.37775	271	MUSCULAR
809.37775	810.04775	2	ABDOMEN
810.04775	810.25775	224	IS
810.25775	810.53775	189	GOOD
810.53775	810.5677499999999	99999	sp
810.5677499999999	810.6777500000001	161	FOR
810.6777500000001	810.87775	496	YOUR
810.87775	811.4277500000001	43	BACK
811.4277500000001	822.4103124999999	99999	sp
822.4103124999999	822.9803125	46	BARB'S
822.9803125	823.3303125	188	GOLD
823.3303125	823.9103124999999	63	BRACELET
823.9103124999999	824.1603124999999	472	WAS
824.1603124999999	824.2203125	1	A
824.2203125	825.0103125	193	GRADUATION
825.0103125	825.5593125	339	PRESENT
825.5593125	837.6195	99999	sp
837.6195	837.7595	1	A
837.7595	838.2895	110	CRAB
838.2895	838.9095	85	CHALLENGED
838.9095	839.3295	258	ME
839.3295	839.4095	99999	sp
839.4095	839.5695000000001	70	BUT
839.5695000000001	839.6595	1	A
839.6595	839.9594999999999	350	QUICK
839.9594999999999	840.3695	402	STAB
840.3695	841.0195	464	VANQUISHED
841.0195	841.2895	207	HIM
841.2895	853.14825	99999	sp
853.14825	853.46925	203	HELP
853.46925	853.87825	196	GREG
853.87825	854.0682499999999	446	TO
854.0682499999999	854.37825	325	PICK
854.37825	854.4882499999999	1	A
854.4882499999999	854.85925	321	PECK
854.85925	854.99925	294	OF
854.99925	855.8182499999999	338	POTATOES
855.8182499999999	868.9984375	99999	sp
868.9984375	869.1384375	434	THE
869.1384375	869.7994375	61	BOSTON
869.7994375	870.3884375	45	BALLET
870.3884375	871.1384375	312	OVERCAME
871.1384375	871.3484375	435	THEIR
871.3484375	871.8694375	170	FUNDING
871.8694375	872.5984375	380	SHORTAGE
872.5984375	885.58625	99999	sp
885.58625	885.93625	210	HOW
885.93625	886.08625	128	DO
886.08625	886.70625	318	OYSTERS
886.70625	887.0962499999999	253	MAKE
887.0962499999999	887.77725	320	PEARLS
887.77725	899.706875	99999	sp
899.706875	899.826875	30	ARE
899.826875	900.106875	495	YOU
900.106875	900.476875	250	LOOKING
900.476875	900.7468749999999	161	FOR
900.7468749999999	901.446875	136	EMPLOYMENT
901.446875	913.85925	99999	sp
913.85925	914.50925	115	CYCLICAL
914.50925	915.1892499999999	346	PROGRAMS
915.1892499999999	915.3392499999999	485	WILL
915.3392499999999	915.7092499999999	281	NEVER
915.7092499999999	916.4392499999999	100	COMPILE
916.4392499999999	929.1086875	99999	sp
929.1086875	929.2796875	224	IS
929.2796875	929.4886875	375	SHE
929.4886875	929.8886875	187	GOING
929.8886875	930.0696875	487	WITH
930.0696875	930.2996875	495	YOU
930.2996875	941.2304375	99999	sp
941.2304375	941.6904374999999	366	RICH
941.6904374999999	942.2804375000001	349	PURCHASED
942.2804375000001	942.9404374999999	374	SEVERAL
942.9404374999999	943.7694375	382	SIGNED
943.7694375	944.6804374999999	245	LITHOGRAPHS
944.6804374999999	957.75175	99999	sp
957.75175	958.14175	438	THEY
958.14175	958.38175	317	OWN
958.38175	958.42075	1	A
958.42075	958.77175	52	BIG
958.77175	959.3217500000001	209	HOUSE
959.3217500000001	959.49175	217	IN
959.49175	959.5517500000001	434	THE
959.5517500000001	959.9617499999999	361	REMOTE
959.9617499999999	960.97075	109	COUNTRYSIDE
960.97075	972.02775	99999	sp
972.02775	972.4477499999999	443	THOSE
972.4477499999999	972.5677499999999	484	WHO
972.5677499999999	972.96875	427	TEACH
972.96875	973.61775	462	VALUES
973.61775	973.64775	99999	sp
973.64775	974.17775	156	FIRST
974.17775	974.8287499999999	4	ABOLISH
974.8287499999999	975.46875	87	CHEATING
975.46875	987.586375	99999	sp
987.586375	987.826375	226	IT'S
987.826375	988.106375	285	NOT
988.106375	988.5263749999999	133	EASY
988.5263749999999	988.677375	446	TO
988.677375	989.2273749999999	113	CREATE
989.2273749999999	989.966375	215	ILLUMINATING
989.966375	990.9163749999999	146	EXAMPLES
990.9163749999999	1002.7498125	99999	sp
1002.7498125	1003.1998125	229	JOHN'S
1003.1998125	1003.6088124999999	66	BROTHER
1003.6088124999999	1004.2388125	363	REPAINTED
1004.2388125	1004.3298124999999	434	THE
1004.3298124999999	1004.8398124999999	173	GARAGE
1004.8398124999999	1005.3398124999999	129	DOOR
1005.3398124999999	1016.169875	99999	sp
1016.169875	1016.700875	405	STEVE
1016.700875	1016.739875	99999	sp
1016.739875	1017.1308750000001	490	WORE
1017.1308750000001	1017.179875	1	A
1017.179875	1017.660875	65	BRIGHT
1017.660875	1017.690875	99999	sp
1017.690875	1017.960875	356	RED
1017.960875	1018.609875	78	CASHMERE
1018.609875	1019.140875	420	SWEATER
1019.140875	1030.9905	99999	sp
1030.9905	1031.3805000000002	108	COUNT
1031.3805000000002	1031.4395	434	THE
1031.4395	1031.8595	289	NUMBER
1031.8595	1031.9495000000002	294	OF
1031.9495000000002	1031.9695000000002	99999	sp
1031.9695000000002	1032.7195000000002	429	TEASPOONS
1032.7195000000002	1032.7995	294	OF
1032.7995	1033.5705	395	SOYSAUCE
1033.5705	1033.7195000000002	433	THAT
1033.7195000000002	1033.8995	495	YOU
1033.8995	1034.1995000000002	7	ADD
1034.1995000000002	1045.933125	99999	sp
1045.933125	1046.223125	433	THAT
1046.223125	1046.922125	326	PICKPOCKET
1046.922125	1047.162125	472	WAS
1047.162125	1047.513125	80	CAUGHT
1047.513125	1047.783125	356	RED
1047.783125	1048.433125	199	HANDED
1048.433125	1060.5055	99999	sp
1060.5055	1060.6954999999998	210	HOW
1060.6954999999998	1061.0155	269	MUCH
1061.0155	1061.6545	16	ALLOWANCE
1061.6545	1061.7755	128	DO
1061.7755	1061.9855	495	YOU
1061.9855	1062.4945	177	GET
1062.4945	1074.6503125	99999	sp
1074.6503125	1074.8503125	204	HER
1074.8503125	1075.5693124999998	470	WARDROBE
1075.5693124999998	1076.2493124999999	102	CONSISTS
1076.2493124999999	1076.3893125	294	OF
1076.3893125	1076.8003125	298	ONLY
1076.8003125	1077.3303125	385	SKIRTS
1077.3303125	1077.4803124999999	20	AND
1077.4803124999999	1078.2903124999998	54	BLOUSES
1078.2903124999998	1089.0733125	99999	sp
1089.0733125	1089.8333125	44	BAGPIPES
1089.8333125	1089.9923125	20	AND
1089.9923125	1090.6833124999998	59	BONGOS
1090.6833124999998	1090.8733124999999	30	ARE
1090.8733124999999	1091.4333124999998	273	MUSICAL
1091.4333124999998	1092.2833125	220	INSTRUMENTS
1092.2833125	1103.567625	99999	sp
1103.567625	1104.008625	270	MUM
1104.008625	1104.6186249999998	407	STRONGLY
1104.6186249999998	1105.288625	126	DISLIKES
1105.288625	1106.288625	27	APPETIZERS
1106.288625	1117.560625	99999	sp
1117.560625	1117.729625	434	THE
1117.729625	1118.229625	369	ROSE
1118.229625	1119.130625	106	CORSAGE
1119.130625	1119.640625	393	SMELLED
1119.640625	1120.270625	421	SWEET
1120.270625	1131.728125	99999	sp
1131.728125	1132.4381250000001	71	BUTTERSCOTCH
1132.4381250000001	1132.478125	99999	sp
1132.478125	1132.998125	169	FUDGE
1132.998125	1133.327125	186	GOES
1133.327125	1133.6681250000001	481	WELL
1133.6681250000001	1133.837125	487	WITH
1133.837125	1133.888125	99999	sp
1133.888125	1134.327125	463	VANILLA
1134.327125	1134.618125	212	ICE
1134.618125	1135.008125	112	CREAM
1135.008125	1146.710375	99999	sp
1146.710375	1147.081375	375	SHE
1147.081375	1147.501375	490	WORE
1147.501375	1147.980375	471	WARM
1147.980375	1148.641375	158	FLEECY
1148.641375	1149.2003750000001	489	WOOLEN
1149.2003750000001	1150.051375	311	OVERALLS
1150.051375	1160.56375	99999	sp
1160.56375	1160.7437499999999	476	WE
1160.7437499999999	1161.32375	480	WELCOME
1161.32375	1161.60375	256	MANY
1161.60375	1161.84275	282	NEW
1161.84275	1162.40375	408	STUDENTS
1162.40375	1162.7337499999999	132	EACH
1162.7337499999999	1163.03375	491	YEAR
1163.03375	1174.3661875	99999	sp
1174.3661875	1174.4761875	434	THE
1174.4761875	1175.2061875	111	CRANBERRY
1175.2061875	1175.7261875	57	BOG
1175.7261875	1176.1061875	178	GETS
1176.1061875	1176.5761875	465	VERY
1176.5761875	1177.0561875	340	PRETTY
1177.0561875	1177.2061875	217	IN
1177.2061875	1177.7061875	40	AUTUMN
1177.7061875	1190.8919375	99999	sp
1190.8919375	1191.1309375	476	WE
1191.1309375	1191.3709375	241	LIKE
1191.3709375	1191.3809375	99999	sp
1191.3809375	1191.6909375	55	BLUE
1191.6909375	1192.2519375000002	88	CHEESE
1192.2519375000002	1192.4219375000002	70	BUT
1192.4219375000002	1192.8809375	466	VICTOR
1192.8809375	1193.2709375	242	LIKES
1193.2709375	1193.7609375000002	64	BRIE
1193.7609375000002	1205.3045625	99999	sp
1205.3045625	1205.7645625	286	NOTHING
1205.7645625	1206.0345625	224	IS
1206.0345625	1206.2035625	34	AS
1206.2035625	1206.9535625	295	OFFENSIVE
1206.9535625	1207.3545625000002	34	AS
1207.3545625000002	1208.2035625	219	INNOCENCE
1208.2035625	1218.9289375000003	99999	sp
1218.9289375000003	1219.2379375	24	ANY
1219.2379375	1220.2189375000003	105	CONTRIBUTIONS
1220.2189375000003	1220.3479375000002	485	WILL
1220.3479375000002	1220.4989375000005	47	BE
1220.4989375000005	1220.9589375000005	195	GREATLY
1220.9589375000005	1221.7189375000003	28	APPRECIATED
1221.7189375000003	1233.6570625	99999	sp
1233.6570625	1233.8570625	19	AN
1233.8570625	1234.2660624999999	9	ADULT
1234.2660624999999	1234.6670625	255	MALE
1234.6670625	1235.3470625	42	BABOON'S
1235.3470625	1235.8370625	430	TEETH
1235.8370625	1235.9570625	30	ARE
1235.9570625	1236.2270624999999	285	NOT
1236.2270624999999	1236.8160625	415	SUITABLE
1236.8160625	1237.0270624999998	161	FOR
1237.0270624999998	1237.3670625	135	EATING
1237.3670625	1238.2170624999999	376	SHELLFISH
1238.2170624999999	1249.1895	99999	sp
1249.1895	1249.5304999999998	298	ONLY
1249.5304999999998	1249.6205	434	THE
1249.6205	1250.0104999999999	51	BEST
1250.0104999999999	1250.5704999999998	330	PLAYERS
1250.5704999999998	1251.0304999999998	139	ENJOY
1251.0304999999998	1251.9695	336	POPULARITY
1251.9695	1263.5536875	99999	sp
1263.5536875	1264.5236875	17	AMBIDEXTROUS
1264.5236875	1265.2626875	327	PICKPOCKETS
1265.2626875	1265.8636875	6	ACCOMPLISH
1265.8636875	1266.2936875	267	MORE
1266.2936875	1277.4636875	99999	sp
1277.4636875	1277.7436875	257	MAY
1277.7436875	1277.8926875000002	211	I
1277.8926875000002	1278.3736875	304	ORDER
1278.3736875	1278.4436875000001	1	A
1278.4436875000001	1279.1626875000002	319	PARFAIT
1279.1626875000002	1279.6136875000002	10	AFTER
1279.6136875000002	1279.7036875000001	211	I
1279.7036875000001	1280.0036875	134	EAT
1280.0036875	1280.5136875	124	DINNER
1280.5136875	1291.1540625	99999	sp
1291.1540625	1291.5640625	145	EVERY
1291.5640625	1292.0530625000001	74	CAB
1292.0530625000001	1292.4840625	280	NEEDS
1292.4840625	1293.1930625	364	REPAINTING
1293.1930625	1293.7340625	296	OFTEN
1293.7340625	1304.943875	99999	sp
1304.943875	1305.403875	354	READING
1305.403875	1305.713875	217	IN
1305.713875	1306.0638749999998	335	POOR
1306.0638749999998	1306.473875	240	LIGHT
1306.473875	1306.8138749999998	181	GIVES
1306.8138749999998	1307.0038749999999	495	YOU
1307.0038749999999	1307.8028749999999	150	EYESTRAIN
1307.8028749999999	1317.4925625	99999	sp
1317.4925625	1317.9625625	98	COFFEE
1317.9625625	1318.2625625	224	IS
1318.2625625	1318.7025625	198	GROWN
1318.7025625	1318.9725625	297	ON
1318.9725625	1319.6025625000002	404	STEEP
1319.6025625000002	1320.0925625000002	231	JUNGLE
1320.0925625000002	1320.3625625000002	241	LIKE
1320.3625625000002	1321.0125625	390	SLOPES
1321.0125625	1321.2225625	217	IN
1321.2225625	1321.7125625	431	TEMPERATE
1321.7125625	1322.4725625	497	ZONES
1322.4725625	1333.9145	99999	sp
1333.9145	1334.5055000000002	84	CHALLENGE
1334.5055000000002	1334.8955	132	EACH
1334.8955	1335.5445000000002	175	GENERAL'S
1335.5445000000002	1336.5445000000002	221	INTELLIGENCE
1336.5445000000002	1347.77225	99999	sp
1347.77225	1348.01325	76	CAN
1348.01325	1348.17225	434	THE
1348.17225	1348.79225	11	AGENCY
1348.79225	1349.50325	315	OVERTHROW
1349.50325	1350.06225	13	ALIEN
1350.06225	1350.84325	162	FORCES
1350.84325	1361.253	99999	sp
1361.253	1361.3819999999998	434	THE
1361.3819999999998	1361.473	99999	sp
1361.473	1361.9229999999998	165	FRIGHTENED
1361.9229999999998	1361.9529999999997	99999	sp
1361.9529999999997	1362.4419999999998	89	CHILD
1362.4419999999998	1362.6819999999998	472	WAS
1362.6819999999998	1363.1519999999998	176	GENTLY
1363.1519999999998	1363.822	410	SUBDUED
1363.822	1364.072	73	BY
1364.072	1364.3419999999999	208	HIS
1364.3419999999999	1364.6219999999998	52	BIG
1364.6219999999998	1365.1919999999998	66	BROTHER
1365.1919999999998	1376.504125	99999	sp
1376.504125	1376.754125	210	HOW
1376.754125	1377.1041249999998	189	GOOD
1377.1041249999998	1377.3241249999999	224	IS
1377.3241249999999	1377.6041249999998	496	YOUR
1377.6041249999998	1378.444125	138	ENDURANCE
1378.444125	1390.138125	99999	sp
1390.138125	1390.309125	434	THE
1390.309125	1390.698125	475	WATER
1390.698125	1391.379125	103	CONTAINED
1391.379125	1391.559125	448	TOO
1391.559125	1391.879125	269	MUCH
1391.879125	1391.898125	99999	sp
1391.898125	1392.578125	90	CHLORINE
1392.578125	1392.789125	20	AND
1392.789125	1393.1891249999999	409	STUNG
1393.1891249999999	1393.4091250000001	208	HIS
1393.4091250000001	1394.018125	149	EYES
1394.018125	1415.0903271501984	99999	sp
1415.0903271501984	1415.1693271501986	1	A
1415.1693271501986	1416.0293271501987	371	SCREWDRIVER
1416.0293271501987	1416.2603271501985	224	IS
1416.2603271501985	1416.5793271501984	252	MADE
1416.5793271501984	1416.8893271501986	166	FROM
1416.8893271501986	1417.4693271501985	469	VODKA
1417.4693271501985	1417.7093271501985	20	AND
1417.7093271501985	1418.0903271501984	303	ORANGE
1418.0903271501984	1418.6893271501986	230	JUICE
1418.6893271501986	1429.784125	99999	sp
1429.784125	1429.954125	476	WE
1429.954125	1430.114125	30	ARE
1430.114125	1430.515125	301	OPEN
1430.515125	1430.945125	145	EVERY
1430.945125	1431.344125	265	MONDAY
1431.344125	1432.064125	143	EVENING
1432.064125	1444.1699375	99999	sp
1444.1699375	1444.5499375000002	142	EVEN
1444.5499375000002	1444.6499375	1	A
1444.6499375	1445.1399375	383	SIMPLE
1445.1399375	1446.0399375000002	468	VOCABULARY
1446.0399375000002	1446.7299375	104	CONTAINS
1446.7299375	1447.5199375000002	422	SYMBOLS
1447.5199375000002	1459.5689375	99999	sp
1459.5689375	1460.2589375	75	CALCIUM
1460.2589375	1460.5579375	254	MAKES
1460.5579375	1461.1489374999999	58	BONES
1461.1489374999999	1461.3689375	20	AND
1461.3689375	1461.6289375	430	TEETH
1461.6289375	1462.3189375	406	STRONG
1462.3189375	1472.413625	99999	sp
1472.413625	1472.5526249999998	434	THE
1472.5526249999998	1472.872625	453	TWO
1472.872625	1473.563625	33	ARTISTS
1473.563625	1474.383625	147	EXCHANGED
1474.383625	1475.283625	39	AUTOGRAPHS
1475.283625	1502.9929375	99999	sp
1502.9929375	1503.1519374999998	30	ARE
1503.1519374999998	1503.3629374999998	496	YOUR
1503.3629374999998	1503.8529374999998	192	GRADES
1503.8529374999998	1504.3729374999998	206	HIGHER
1504.3729374999998	1504.5129375	302	OR
1504.5129375	1504.9329374999998	251	LOWER
1504.9329374999998	1505.1829374999998	432	THAN
1505.1829374999998	1505.9619374999997	275	NANCY'S
1505.9619374999997	1516.640125	99999	sp
1516.640125	1516.9991249999998	375	SHE
1516.9991249999998	1517.4291249999999	490	WORE
1517.4291249999999	1517.9501249999998	471	WARM
1517.9501249999998	1518.5491249999998	158	FLEECY
1518.5491249999998	1519.070125	489	WOOLEN
1519.070125	1519.9291249999999	311	OVERALLS
1519.9291249999999	1530.41525	99999	sp
1530.41525	1530.89525	354	READING
1530.89525	1531.16525	217	IN
1531.16525	1531.50425	335	POOR
1531.50425	1531.97525	240	LIGHT
1531.97525	1532.33525	181	GIVES
1532.33525	1532.5452500000001	495	YOU
1532.5452500000001	1533.35525	150	EYESTRAIN
1533.35525	1544.161	99999	sp
1544.161	1544.591	142	EVEN
1544.591	1544.991	211	I
1544.991	1545.731	293	OCCASIONALLY
1545.731	1545.971	177	GET
1545.971	1546.101	434	THE
1546.101	1546.541	265	MONDAY
1546.541	1547.271	56	BLUES
1547.271	1557.800875	99999	sp
1557.800875	1558.080875	476	WE
1558.080875	1558.249875	30	ARE
1558.249875	1558.6198749999999	301	OPEN
1558.6198749999999	1559.020875	145	EVERY
1559.020875	1559.439875	265	MONDAY
1559.439875	1560.240875	143	EVENING
1560.240875	1571.19175	99999	sp
1571.19175	1571.45175	226	IT'S
1571.45175	1571.70175	285	NOT
1571.70175	1572.0917499999998	133	EASY
1572.0917499999998	1572.24175	446	TO
1572.24175	1572.8017499999999	113	CREATE
1572.8017499999999	1573.5817499999998	215	ILLUMINATING
1573.5817499999998	1574.49175	146	EXAMPLES
1574.49175	1585.599875	99999	sp
1585.599875	1586.119875	270	MUM
1586.119875	1586.758875	407	STRONGLY
1586.758875	1587.429875	126	DISLIKES
1587.429875	1588.419875	27	APPETIZERS
1588.419875	1600.133875	99999	sp
1600.133875	1600.553875	443	THOSE
1600.553875	1600.683875	484	WHO
1600.683875	1601.043875	427	TEACH
1601.043875	1601.623875	462	VALUES
1601.623875	1601.7228750000002	99999	sp
1601.7228750000002	1602.1738750000002	156	FIRST
1602.1738750000002	1602.782875	4	ABOLISH
1602.782875	1603.363875	87	CHEATING
1603.363875	1615.88525	99999	sp
1615.88525	1616.03425	434	THE
1616.03425	1616.14525	99999	sp
1616.14525	1616.52525	165	FRIGHTENED
1616.52525	1617.04425	89	CHILD
1617.04425	1617.26525	472	WAS
1617.26525	1617.71525	176	GENTLY
1617.71525	1618.41425	410	SUBDUED
1618.41425	1618.63525	73	BY
1618.63525	1618.90425	208	HIS
1618.90425	1619.25525	52	BIG
1619.25525	1619.73525	66	BROTHER
1619.73525	1631.1115	99999	sp
1631.1115	1631.4805	142	EVEN
1631.4805	1631.5515	1	A
1631.5515	1632.0405	383	SIMPLE
1632.0405	1632.9315	468	VOCABULARY
1632.9315	1633.5905	104	CONTAINS
1633.5905	1634.2804999999998	422	SYMBOLS
1634.2804999999998	1645.936	99999	sp
1645.936	1646.046	1	A
1646.046	1646.135	99999	sp
1646.135	1646.466	110	CRAB
1646.466	1647.0649999999998	85	CHALLENGED
1647.0649999999998	1647.445	258	ME
1647.445	1647.5359999999998	99999	sp
1647.5359999999998	1647.706	70	BUT
1647.706	1647.7359999999999	1	A
1647.7359999999999	1648.0559999999998	350	QUICK
1648.0559999999998	1648.5359999999998	402	STAB
1648.5359999999998	1649.135	464	VANQUISHED
1649.135	1649.156	99999	sp
1649.156	1649.396	207	HIM
1649.396	1661.330375	99999	sp
1661.330375	1662.001375	183	GLUCOSE
1662.001375	1662.140375	20	AND
1662.140375	1662.950375	167	FRUCTOSE
1662.950375	1663.140375	30	ARE
1663.140375	1663.6913749999999	276	NATURAL
1663.6913749999999	1664.260375	414	SUGARS
1664.260375	1664.571375	163	FOUND
1664.571375	1664.710375	217	IN
1664.710375	1665.251375	168	FRUIT
1665.251375	1675.14	99999	sp
1675.14	1675.291	30	ARE
1675.291	1675.51	495	YOU
1675.51	1675.88	250	LOOKING
1675.88	1676.14	161	FOR
1676.14	1676.901	136	EMPLOYMENT
1676.901	1690.0724375	99999	sp
1690.0724375	1690.4224375	98	COFFEE
1690.4224375	1690.8024375	224	IS
1690.8024375	1691.2424375	198	GROWN
1691.2424375	1691.5214375	297	ON
1691.5214375	1692.0024375	404	STEEP
1692.0024375	1692.2924375	99999	sp
1692.2924375	1692.7424375	231	JUNGLE
1692.7424375	1692.9824375	241	LIKE
1692.9824375	1693.5924375	390	SLOPES
1693.5924375	1693.8224375	217	IN
1693.8224375	1694.3524375	431	TEMPERATE
1694.3524375	1694.9614375	497	ZONES
1694.9614375	1705.7695	99999	sp
1705.7695	1706.0195	476	WE
1706.0195	1706.6395	480	WELCOME
1706.6395	1706.9895000000001	256	MANY
1706.9895000000001	1707.3005	282	NEW
1707.3005	1707.9105000000002	408	STUDENTS
1707.9105000000002	1708.2595000000001	132	EACH
1708.2595000000001	1708.6095000000003	491	YEAR
1708.6095000000003	1719.27925	99999	sp
1719.27925	1719.6492500000002	298	ONLY
1719.6492500000002	1719.74025	434	THE
1719.74025	1720.1202500000002	51	BEST
1720.1202500000002	1720.6492500000002	330	PLAYERS
1720.6492500000002	1721.13025	139	ENJOY
1721.13025	1722.01025	336	POPULARITY
1722.01025	1732.373875	99999	sp
1732.373875	1733.0038749999999	75	CALCIUM
1733.0038749999999	1733.4038749999997	254	MAKES
1733.4038749999997	1733.993875	58	BONES
1733.993875	1734.1628749999998	99999	sp
1734.1628749999998	1734.442875	20	AND
1734.442875	1734.713875	430	TEETH
1734.713875	1735.3128749999998	406	STRONG
1735.3128749999998	1746.2955	99999	sp
1746.2955	1746.7755	286	NOTHING
1746.7755	1747.0355	224	IS
1747.0355	1747.1944999999998	34	AS
1747.1944999999998	1747.8445	295	OFFENSIVE
1747.8445	1748.1555	34	AS
1748.1555	1748.9255	219	INNOCENCE
1748.9255	1760.1571875	99999	sp
1760.1571875	1760.7161875000002	405	STEVE
1760.7161875000002	1760.7471875	99999	sp
1760.7471875	1761.0661875	490	WORE
1761.0661875	1761.0961875	1	A
1761.0961875	1761.5861875	65	BRIGHT
1761.5861875	1761.9071875	356	RED
1761.9071875	1762.4971875	78	CASHMERE
1762.4971875	1763.0471875	420	SWEATER
1763.0471875	1773.4399158363296	99999	sp
1773.4399158363296	1773.9935611994233	46	BARBS
1773.9935611994233	1774.282107728865	188	GOLD
1774.282107728865	1774.8631077288649	63	BRACELET
1774.8631077288649	1775.0931077288649	472	WAS
1775.0931077288649	1775.1331077288648	1	A
1775.1331077288648	1775.9421077288648	193	GRADUATION
1775.9421077288648	1776.542107728865	339	PRESENT
1776.542107728865	1788.6278125	99999	sp
1788.6278125	1789.0378124999997	130	DRAW
1789.0378124999997	1789.4578124999998	145	EVERY
1789.4578124999998	1789.7778124999998	308	OUTER
1789.7778124999998	1790.1278125	244	LINE
1790.1278125	1790.7588124999997	156	FIRST
1790.7588124999997	1791.2788124999997	436	THEN
1791.2788124999997	1791.4978124999998	154	FILL
1791.4978124999998	1791.6488124999998	217	IN
1791.6488124999998	1791.8288125	434	THE
1791.8288125	1792.5388124999997	222	INTERIOR
1792.5388124999997	1804.4816875	99999	sp
1804.4816875	1804.6306874999998	434	THE
1804.6306874999998	1805.0916874999998	475	WATER
1805.0916874999998	1805.8416874999998	103	CONTAINED
1805.8416874999998	1806.0316874999999	448	TOO
1806.0316874999999	1806.3216874999998	269	MUCH
1806.3216874999998	1807.1306874999998	90	CHLORINE
1807.1306874999998	1807.3906874999998	20	AND
1807.3906874999998	1807.7906874999999	409	STUNG
1807.7906874999999	1808.0106875	208	HIS
1808.0106875	1808.6206874999998	149	EYES
1808.6206874999998	1819.309	99999	sp
1819.309	1819.7189999999998	229	JOHN'S
1819.7189999999998	1820.2189999999998	66	BROTHER
1820.2189999999998	1820.809	363	REPAINTED
1820.809	1820.879	434	THE
1820.879	1821.379	173	GARAGE
1821.379	1821.889	129	DOOR
1821.889	1833.0144375	99999	sp
1833.0144375	1833.6454375	84	CHALLENGE
1833.6454375	1834.0644375	132	EACH
1834.0644375	1834.7154375	175	GENERAL'S
1834.7154375	1835.7444375	221	INTELLIGENCE
1835.7444375	1847.304125	99999	sp
1847.304125	1848.2931250000001	17	AMBIDEXTROUS
1848.2931250000001	1849.0331250000002	327	PICKPOCKETS
1849.0331250000002	1849.583125	6	ACCOMPLISH
1849.583125	1849.973125	267	MORE
1849.973125	1860.4666875	99999	sp
1860.4666875	1860.5276875000002	1	A
1860.5276875000002	1861.1976875	271	MUSCULAR
1861.1976875	1861.7666875	2	ABDOMEN
1861.7666875	1862.0166875	224	IS
1862.0166875	1862.3076875000002	189	GOOD
1862.3076875000002	1862.3966875	161	FOR
1862.3966875	1862.6376875	496	YOUR
1862.6376875	1863.1766875	43	BACK
1863.1766875	1874.568125	99999	sp
1874.568125	1874.9581249999999	438	THEY
1874.9581249999999	1875.188125	317	OWN
1875.188125	1875.2481249999998	1	A
1875.2481249999998	1875.608125	52	BIG
1875.608125	1875.628125	99999	sp
1875.628125	1876.158125	209	HOUSE
1876.158125	1876.2681249999998	217	IN
1876.2681249999998	1876.328125	434	THE
1876.328125	1876.7681249999998	361	REMOTE
1876.7681249999998	1877.6991249999999	109	COUNTRYSIDE
1877.6991249999999	1887.774375	99999	sp
1887.774375	1887.944375	434	THE
1887.944375	1888.405375	369	ROSE
1888.405375	1889.274375	106	CORSAGE
1889.274375	1889.714375	393	SMELLED
1889.714375	1890.364375	421	SWEET
1890.364375	1900.4109375	99999	sp
1900.4109375	1900.7419375000002	433	THAT
1900.7419375000002	1901.3819375	326	PICKPOCKET
1901.3819375	1901.6319375	472	WAS
1901.6319375	1901.9819375	80	CAUGHT
1901.9819375	1902.3219375	356	RED
1902.3219375	1902.8619375	199	HANDED
1902.8619375	1903.0119375000002	19	AN
1903.0119375000002	1915.2467366941737	99999	sp
1915.2467366941737	1915.8667366941736	9	ADULT
1915.8667366941736	1916.2557366941737	255	MALE
1916.2557366941737	1916.9267366941738	42	BABOON'S
1916.9267366941738	1917.4067366941736	430	TEETH
1917.4067366941736	1917.5567366941737	30	ARE
1917.5567366941737	1917.8167366941736	285	NOT
1917.8167366941736	1918.3567366941736	415	SUITABLE
1918.3567366941736	1918.5367366941737	161	FOR
1918.5367366941737	1918.9167366941738	135	EATING
1918.9167366941738	1919.7257366941737	376	SHELLFISH
1919.7257366941737	1930.6150625	99999	sp
1930.6150625	1930.8550625	204	HER
1930.8550625	1931.4750625	470	WARDROBE
1931.4750625	1932.2050625	102	CONSISTS
1932.2050625	1932.4040625	294	OF
1932.4040625	1932.7950625	298	ONLY
1932.7950625	1933.3050624999998	385	SKIRTS
1933.3050624999998	1933.4550625	20	AND
1933.4550625	1934.2050625	54	BLOUSES
1934.2050625	1944.1903125	99999	sp
1944.1903125	1944.3203125	434	THE
1944.3203125	1944.7003124999999	453	TWO
1944.7003124999999	1945.3503125	33	ARTISTS
1945.3503125	1946.1503125	147	EXCHANGED
1946.1503125	1947.0493125	39	AUTOGRAPHS
1947.0493125	1958.21125	99999	sp
1958.21125	1959.1112500000002	71	BUTTERSCOTCH
1959.1112500000002	1959.6312500000001	169	FUDGE
1959.6312500000001	1959.98125	186	GOES
1959.98125	1960.3712500000001	481	WELL
1960.3712500000001	1960.5312500000002	487	WITH
1960.5312500000002	1960.9912500000003	463	VANILLA
1960.9912500000003	1961.3112500000002	212	ICE
1961.3112500000002	1961.66125	112	CREAM
1961.66125	1972.745375	99999	sp
1972.745375	1973.205375	366	RICH
1973.205375	1973.7353750000002	349	PURCHASED
1973.7353750000002	1974.355375	374	SEVERAL
1974.355375	1974.8053750000001	382	SIGNED
1974.8053750000001	1975.745375	245	LITHOGRAPHS
1975.745375	1986.880625	99999	sp
1986.880625	1987.2396250000002	24	ANY
1987.2396250000002	1988.1806250000002	105	CONTRIBUTIONS
1988.1806250000002	1988.290625	485	WILL
1988.290625	1988.4406250000002	47	BE
1988.4406250000002	1988.9106250000002	195	GREATLY
1988.9106250000002	1989.790625	28	APPRECIATED
1989.790625	2001.399875	99999	sp
2001.399875	2001.5598750000001	434	THE
2001.5598750000001	2002.2898750000002	111	CRANBERRY
2002.2898750000002	2002.8398750000001	57	BOG
2002.8398750000001	2003.109875	178	GETS
2003.109875	2003.5798750000001	465	VERY
2003.5798750000001	2004.0498750000002	340	PRETTY
2004.0498750000002	2004.2488750000002	217	IN
2004.2488750000002	2004.7598750000002	40	AUTUMN
2004.7598750000002	2014.7645	99999	sp
2014.7645	2015.0245	210	HOW
2015.0245	2015.2645	128	DO
2015.2645	2015.8545	318	OYSTERS
2015.8545	2016.1844999999998	253	MAKE
2016.1844999999998	2016.7935	320	PEARLS
2016.7935	2028.3788125	99999	sp
2028.3788125	2028.6988125	257	MAY
2028.6988125	2028.8388125	211	I
2028.8388125	2029.3788125	304	ORDER
2029.3788125	2029.4378125	1	A
2029.4378125	2030.1678125	319	PARFAIT
2030.1678125	2030.6488125	10	AFTER
2030.6488125	2030.7488125	211	I
2030.7488125	2031.0088125	134	EAT
2031.0088125	2031.3988125	124	DINNER
2031.3988125	2041.2154375	99999	sp
2041.2154375	2041.3554375	224	IS
2041.3554375	2041.5954375000001	375	SHE
2041.5954375000001	2041.9154375	187	GOING
2041.9154375	2042.1554375	487	WITH
2042.1554375	2042.3654375	495	YOU
2042.3654375	2053.567	99999	sp
2053.567	2053.886	76	CAN
2053.886	2054.076	434	THE
2054.076	2054.727	11	AGENCY
2054.727	2055.467	315	OVERTHROW
2055.467	2056.006	13	ALIEN
2056.006	2056.737	162	FORCES
2056.737	2068.7148703627686	99999	sp
2068.7148703627686	2068.7731594102574	1	A
2068.7731594102574	2069.613159410257	371	SCREWDRIVER
2069.613159410257	2069.8821594102574	224	IS
2069.8821594102574	2070.213159410257	252	MADE
2070.213159410257	2070.4731594102573	166	FROM
2070.4731594102573	2070.872159410257	469	VODKA
2070.872159410257	2071.2521594102573	20	AND
2071.2521594102573	2071.7031594102573	303	ORANGE
2071.7031594102573	2072.303159410257	230	JUICE
2072.303159410257	2081.9964375	99999	sp
2081.9964375	2082.2274374999997	210	HOW
2082.2274374999997	2082.5174374999997	269	MUCH
2082.5174374999997	2083.0674375	16	ALLOWANCE
2083.0674375	2083.1764375	128	DO
2083.1764375	2083.3764375	495	YOU
2083.3764375	2083.8374375	177	GET
2083.8374375	2094.9955625	99999	sp
2094.9955625	2095.6345624999994	115	CYCLICAL
2095.6345624999994	2096.2855624999997	346	PROGRAMS
2096.2855624999997	2096.4445624999994	485	WILL
2096.4445624999994	2096.8755624999994	281	NEVER
2096.8755624999994	2097.6555624999996	100	COMPILE
2097.6555624999996	2108.6216875	99999	sp
2108.6216875	2108.7516875	434	THE
2108.7516875	2109.3526875000002	61	BOSTON
2109.3526875000002	2109.8926875	45	BALLET
2109.8926875	2110.4916875	312	OVERCAME
2110.4916875	2110.6916875	435	THEIR
2110.6916875	2111.1916875	170	FUNDING
2111.1916875	2111.9126875	380	SHORTAGE
2111.9126875	2122.0915625	99999	sp
2122.0915625	2122.4705624999997	145	EVERY
2122.4705624999997	2122.8605625	74	CAB
2122.8605625	2123.2115624999997	280	NEEDS
2123.2115624999997	2123.9315625	364	REPAINTING
2123.9315625	2124.4705624999997	296	OFTEN
2124.4705624999997	2134.5045625	99999	sp
2134.5045625	2134.8345624999997	203	HELP
2134.8345624999997	2135.1835625	196	GREG
2135.1835625	2135.3035624999998	446	TO
2135.3035624999998	2135.5945625	325	PICK
2135.5945625	2135.6345625	1	A
2135.6345625	2135.9335625	321	PECK
2135.9335625	2136.0645624999997	294	OF
2136.0645624999997	2136.8845625	338	POTATOES
2136.8845625	2147.1876875	99999	sp
2147.1876875	2147.4576875	476	WE
2147.4576875	2147.7176875	241	LIKE
2147.7176875	2147.7276875	99999	sp
2147.7276875	2147.9976874999998	55	BLUE
2147.9976874999998	2148.5276875	88	CHEESE
2148.5276875	2148.6966875	70	BUT
2148.6966875	2149.1266874999997	466	VICTOR
2149.1266874999997	2149.4876875	242	LIKES
2149.4876875	2149.9676875	64	BRIE
2149.9676875	2161.647375	99999	sp
2161.647375	2162.028375	108	COUNT
2162.028375	2162.108375	434	THE
2162.108375	2162.548375	289	NUMBER
2162.548375	2162.647375	294	OF
2162.647375	2163.387375	429	TEASPOONS
2163.387375	2163.4473749999997	294	OF
2163.4473749999997	2164.2283749999997	395	SOYSAUCE
2164.2283749999997	2164.338375	433	THAT
2164.338375	2164.568375	495	YOU
2164.568375	2164.9383749999997	7	ADD
2164.9383749999997	2175.703625	99999	sp
2175.703625	2176.393625	44	BAGPIPES
2176.393625	2176.5436250000002	20	AND
2176.5436250000002	2177.243625	59	BONGOS
2177.243625	2177.413625	30	ARE
2177.413625	2177.993625	273	MUSICAL
2177.993625	2178.812625	220	INSTRUMENTS
2178.812625	2188.5846875	99999	sp
2188.5846875	2188.9236875	210	HOW
2188.9236875	2189.1546875000004	189	GOOD
2189.1546875000004	2189.2936875	224	IS
2189.2936875	2189.5436875	496	YOUR
2189.5436875	2190.3346875	138	ENDURANCE
2190.3346875	2218.44775	99999	sp
2218.44775	2218.8777499999997	142	EVEN
2218.8777499999997	2219.2777499999997	211	I
2219.2777499999997	2220.01775	293	OCCASIONALLY
2220.01775	2220.2577499999998	177	GET
2220.2577499999998	2220.38775	434	THE
2220.38775	2220.8277499999995	265	MONDAY
2220.8277499999995	2221.55775	56	BLUES
2221.55775	2232.3778125	99999	sp
2232.3778125	2232.7878124999997	130	DRAW
2232.7878124999997	2233.2078125	145	EVERY
2233.2078125	2233.5278124999995	308	OUTER
2233.5278124999995	2233.8778125	244	LINE
2233.8778125	2234.5088124999997	156	FIRST
2234.5088124999997	2235.0288124999997	436	THEN
2235.0288124999997	2235.2478125	154	FILL
2235.2478125	2235.3988124999996	217	IN
2235.3988124999996	2235.5788125	434	THE
2235.5788125	2236.2888125	222	INTERIOR
2236.2888125	2246.6431875	99999	sp
2246.6431875	2247.3141875	183	GLUCOSE
2247.3141875	2247.4531875	20	AND
2247.4531875	2248.2631874999997	167	FRUCTOSE
2248.2631874999997	2248.4531875	30	ARE
2248.4531875	2249.0041874999997	276	NATURAL
2249.0041874999997	2249.5731875	414	SUGARS
2249.5731875	2249.8841875	163	FOUND
2249.8841875	2250.0231875	217	IN
2250.0231875	2250.5641875	168	FRUIT
2250.5641875	2261.183875	99999	sp
2261.183875	2261.2448750000003	1	A
2261.2448750000003	2261.9148750000004	271	MUSCULAR
2261.9148750000004	2262.483875	2	ABDOMEN
2262.483875	2262.733875	224	IS
2262.733875	2263.024875	189	GOOD
2263.024875	2263.113875	161	FOR
2263.113875	2263.354875	496	YOUR
2263.354875	2263.893875	43	BACK
2263.893875	2274.252508672635	99999	sp
2274.252508672635	2274.769422649891	46	BARBS
2274.769422649891	2275.1188975724167	188	GOLD
2275.1188975724167	2275.665357728865	63	BRACELET
2275.665357728865	2275.895357728865	472	WAS
2275.895357728865	2275.935357728865	1	A
2275.935357728865	2276.744357728865	193	GRADUATION
2276.744357728865	2277.344357728865	339	PRESENT
2277.344357728865	2287.83675	99999	sp
2287.83675	2287.94675	1	A
2287.94675	2288.03575	99999	sp
2288.03575	2288.36675	110	CRAB
2288.36675	2288.96575	85	CHALLENGED
2288.96575	2289.34575	258	ME
2289.34575	2289.43675	99999	sp
2289.43675	2289.60675	70	BUT
2289.60675	2289.6367499999997	1	A
2289.6367499999997	2289.95675	350	QUICK
2289.95675	2290.43675	402	STAB
2290.43675	2291.03575	464	VANQUISHED
2291.03575	2291.0567499999997	99999	sp
2291.0567499999997	2291.29675	207	HIM
2291.29675	2301.163875	99999	sp
2301.163875	2301.493875	203	HELP
2301.493875	2301.8428750000003	196	GREG
2301.8428750000003	2301.962875	446	TO
2301.962875	2302.2538750000003	325	PICK
2302.2538750000003	2302.2938750000003	1	A
2302.2938750000003	2302.5928750000003	321	PECK
2302.5928750000003	2302.723875	294	OF
2302.723875	2303.5438750000003	338	POTATOES
2303.5438750000003	2315.4589375	99999	sp
2315.4589375	2315.5889375	434	THE
2315.5889375	2316.1899375000003	61	BOSTON
2316.1899375000003	2316.7299375000002	45	BALLET
2316.7299375000002	2317.3289375	312	OVERCAME
2317.3289375	2317.5289375	435	THEIR
2317.5289375	2318.0289375	170	FUNDING
2318.0289375	2318.7499375	380	SHORTAGE
2318.7499375	2329.9730625	99999	sp
2329.9730625	2330.2330625000004	210	HOW
2330.2330625000004	2330.4730625	128	DO
2330.4730625	2331.0630625000003	318	OYSTERS
2331.0630625000003	2331.3930625000003	253	MAKE
2331.3930625000003	2332.0020625	320	PEARLS
2332.0020625	2342.5261875	99999	sp
2342.5261875	2342.6771875	30	ARE
2342.6771875	2342.8961875	495	YOU
2342.8961875	2343.2661875000003	250	LOOKING
2343.2661875000003	2343.5261875	161	FOR
2343.5261875	2344.2871875	136	EMPLOYMENT
2344.2871875	2356.1925625	99999	sp
2356.1925625	2356.8315624999996	115	CYCLICAL
2356.8315624999996	2357.4825625	346	PROGRAMS
2357.4825625	2357.6415624999995	485	WILL
2357.6415624999995	2358.0725624999995	281	NEVER
2358.0725624999995	2358.8525624999997	100	COMPILE
2358.8525624999997	2370.44325	99999	sp
2370.44325	2370.5832499999997	224	IS
2370.5832499999997	2370.82325	375	SHE
2370.82325	2371.14325	187	GOING
2371.14325	2371.38325	487	WITH
2371.38325	2371.59325	495	YOU
2371.59325	2381.5166875	99999	sp
2381.5166875	2381.9766875	366	RICH
2381.9766875	2382.5066875	349	PURCHASED
2382.5066875	2383.1266875	374	SEVERAL
2383.1266875	2383.5766875	382	SIGNED
2383.5766875	2384.5166875	245	LITHOGRAPHS
2384.5166875	2397.8193125	99999	sp
2397.8193125	2398.2093124999997	438	THEY
2398.2093124999997	2398.4393124999997	317	OWN
2398.4393124999997	2398.4993124999996	1	A
2398.4993124999996	2398.8593124999998	52	BIG
2398.8593124999998	2398.8793124999997	99999	sp
2398.8793124999997	2399.4093125	209	HOUSE
2399.4093125	2399.5193124999996	217	IN
2399.5193124999996	2399.5793125	434	THE
2399.5793125	2400.0193124999996	361	REMOTE
2400.0193124999996	2400.9503124999997	109	COUNTRYSIDE
2400.9503124999997	2411.2456875	99999	sp
2411.2456875	2411.6656875	443	THOSE
2411.6656875	2411.7956875	484	WHO
2411.7956875	2412.1556874999997	427	TEACH
2412.1556874999997	2412.7356874999996	462	VALUES
2412.7356874999996	2412.8346874999997	99999	sp
2412.8346874999997	2413.2856874999998	156	FIRST
2413.2856874999998	2413.8946875	4	ABOLISH
2413.8946875	2414.4756875	87	CHEATING
2414.4756875	2425.62175	99999	sp
2425.62175	2425.8817499999996	226	IT'S
2425.8817499999996	2426.1317499999996	285	NOT
2426.1317499999996	2426.52175	133	EASY
2426.52175	2426.6717499999995	446	TO
2426.6717499999995	2427.23175	113	CREATE
2427.23175	2428.0117499999997	215	ILLUMINATING
2428.0117499999997	2428.9217499999995	146	EXAMPLES
2428.9217499999995	2439.838125	99999	sp
2439.838125	2440.248125	229	JOHN'S
2440.248125	2440.748125	66	BROTHER
2440.748125	2441.338125	363	REPAINTED
2441.338125	2441.408125	434	THE
2441.408125	2441.908125	173	GARAGE
2441.908125	2442.418125	129	DOOR
2442.418125	2453.313	99999	sp
2453.313	2453.8720000000003	405	STEVE
2453.8720000000003	2453.9030000000002	99999	sp
2453.9030000000002	2454.222	490	WORE
2454.222	2454.2520000000004	1	A
2454.2520000000004	2454.742	65	BRIGHT
2454.742	2455.063	356	RED
2455.063	2455.6530000000002	78	CASHMERE
2455.6530000000002	2456.2030000000004	420	SWEATER
2456.2030000000004	2466.6719375	99999	sp
2466.6719375	2467.0529374999996	108	COUNT
2467.0529374999996	2467.1329374999996	434	THE
2467.1329374999996	2467.5729374999996	289	NUMBER
2467.5729374999996	2467.6719375	294	OF
2467.6719375	2468.4119374999996	429	TEASPOONS
2468.4119374999996	2468.4719374999995	294	OF
2468.4719374999995	2469.2529374999995	395	SOYSAUCE
2469.2529374999995	2469.3629374999996	433	THAT
2469.3629374999996	2469.5929374999996	495	YOU
2469.5929374999996	2469.9629374999995	7	ADD
2469.9629374999995	2480.87825	99999	sp
2480.87825	2481.2092500000003	433	THAT
2481.2092500000003	2481.84925	326	PICKPOCKET
2481.84925	2482.09925	472	WAS
2482.09925	2482.44925	80	CAUGHT
2482.44925	2482.7892500000003	356	RED
2482.7892500000003	2483.3292500000002	199	HANDED
2483.3292500000002	2483.4792500000003	19	AN
2483.4792500000003	2494.5334375	99999	sp
2494.5334375	2494.7644375	210	HOW
2494.7644375	2495.0544375	269	MUCH
2495.0544375	2495.6044375	16	ALLOWANCE
2495.6044375	2495.7134375	128	DO
2495.7134375	2495.9134375000003	495	YOU
2495.9134375000003	2496.3744375	177	GET
2496.3744375	2507.15975	99999	sp
2507.15975	2507.3997499999996	204	HER
2507.3997499999996	2508.0197499999995	470	WARDROBE
2508.0197499999995	2508.74975	102	CONSISTS
2508.74975	2508.9487499999996	294	OF
2508.9487499999996	2509.33975	298	ONLY
2509.33975	2509.8497499999994	385	SKIRTS
2509.8497499999994	2509.99975	20	AND
2509.99975	2510.74975	54	BLOUSES
2510.74975	2520.81325	99999	sp
2520.81325	2521.50325	44	BAGPIPES
2521.50325	2521.6532500000003	20	AND
2521.6532500000003	2522.35325	59	BONGOS
2522.35325	2522.52325	30	ARE
2522.52325	2523.10325	273	MUSICAL
2523.10325	2523.92225	220	INSTRUMENTS
2523.92225	2533.494375	99999	sp
2533.494375	2534.014375	270	MUM
2534.014375	2534.653375	407	STRONGLY
2534.653375	2535.324375	126	DISLIKES
2535.324375	2536.314375	27	APPETIZERS
2536.314375	2545.92825	99999	sp
2545.92825	2546.09825	434	THE
2546.09825	2546.5592500000002	369	ROSE
2546.5592500000002	2547.42825	106	CORSAGE
2547.42825	2547.86825	393	SMELLED
2547.86825	2548.51825	421	SWEET
2548.51825	2558.7326875	99999	sp
2558.7326875	2559.6326875	71	BUTTERSCOTCH
2559.6326875	2560.1526875	169	FUDGE
2560.1526875	2560.5026875	186	GOES
2560.5026875	2560.8926874999997	481	WELL
2560.8926874999997	2561.0526875	487	WITH
2561.0526875	2561.5126875	463	VANILLA
2561.5126875	2561.8326875000002	212	ICE
2561.8326875000002	2562.1826874999997	112	CREAM
2562.1826874999997	2572.47175	99999	sp
2572.47175	2572.83075	375	SHE
2572.83075	2573.2607500000004	490	WORE
2573.2607500000004	2573.78175	471	WARM
2573.78175	2574.3807500000003	158	FLEECY
2574.3807500000003	2574.90175	489	WOOLEN
2574.90175	2575.7607500000004	311	OVERALLS
2575.7607500000004	2585.5634375	99999	sp
2585.5634375	2585.8134375	476	WE
2585.8134375	2586.4334375	480	WELCOME
2586.4334375	2586.7834375	256	MANY
2586.7834375	2587.0944375	282	NEW
2587.0944375	2587.7044375	408	STUDENTS
2587.7044375	2588.0534374999997	132	EACH
2588.0534374999997	2588.4034375	491	YEAR
2588.4034375	2599.2288125	99999	sp
2599.2288125	2599.3888125000003	434	THE
2599.3888125000003	2600.1188125	111	CRANBERRY
2600.1188125	2600.6688125	57	BOG
2600.6688125	2600.9388125	178	GETS
2600.9388125	2601.4088125	465	VERY
2601.4088125	2601.8788125	340	PRETTY
2601.8788125	2602.0778125	217	IN
2602.0778125	2602.5888125	40	AUTUMN
2602.5888125	2615.3378125	99999	sp
2615.3378125	2615.6078125	476	WE
2615.6078125	2615.8678125	241	LIKE
2615.8678125	2615.8778125	99999	sp
2615.8778125	2616.1478125	55	BLUE
2616.1478125	2616.6778125	88	CHEESE
2616.6778125	2616.8468125	70	BUT
2616.8468125	2617.2768125	466	VICTOR
2617.2768125	2617.6378125	242	LIKES
2617.6378125	2618.1178125	64	BRIE
2618.1178125	2629.1996875	99999	sp
2629.1996875	2629.6796875	286	NOTHING
2629.6796875	2629.9396875	224	IS
2629.9396875	2630.0986875	34	AS
2630.0986875	2630.7486875	295	OFFENSIVE
2630.7486875	2631.0596875	34	AS
2631.0596875	2631.8296875	219	INNOCENCE
2631.8296875	2642.7830625	99999	sp
2642.7830625	2643.1420625	24	ANY
2643.1420625	2644.0830625000003	105	CONTRIBUTIONS
2644.0830625000003	2644.1930625000005	485	WILL
2644.1930625000005	2644.3430625	47	BE
2644.3430625	2644.8130625000003	195	GREATLY
2644.8130625000003	2645.6930625000005	28	APPRECIATED
2645.6930625000005	2657.1219866941738	99999	sp
2657.1219866941738	2657.7419866941736	9	ADULT
2657.7419866941736	2658.1309866941738	255	MALE
2658.1309866941738	2658.801986694174	42	BABOON'S
2658.801986694174	2659.2819866941736	430	TEETH
2659.2819866941736	2659.4319866941737	30	ARE
2659.4319866941737	2659.6919866941735	285	NOT
2659.6919866941735	2660.2319866941734	415	SUITABLE
2660.2319866941734	2660.4119866941737	161	FOR
2660.4119866941737	2660.791986694174	135	EATING
2660.791986694174	2661.600986694174	376	SHELLFISH
2661.600986694174	2672.1408125	99999	sp
2672.1408125	2672.5108124999997	298	ONLY
2672.5108124999997	2672.6018125	434	THE
2672.6018125	2672.9818125	51	BEST
2672.9818125	2673.5108124999997	330	PLAYERS
2673.5108124999997	2673.9918124999995	139	ENJOY
2673.9918124999995	2674.8718124999996	336	POPULARITY
2674.8718124999996	2685.736375	99999	sp
2685.736375	2686.725375	17	AMBIDEXTROUS
2686.725375	2687.4653749999998	327	PICKPOCKETS
2687.4653749999998	2688.015375	6	ACCOMPLISH
2688.015375	2688.405375	267	MORE
2688.405375	2699.577125	99999	sp
2699.577125	2699.8971249999995	257	MAY
2699.8971249999995	2700.037125	211	I
2700.037125	2700.577125	304	ORDER
2700.577125	2700.636125	1	A
2700.636125	2701.3661249999996	319	PARFAIT
2701.3661249999996	2701.847125	10	AFTER
2701.847125	2701.9471249999997	211	I
2701.9471249999997	2702.207125	134	EAT
2702.207125	2702.597125	124	DINNER
2702.597125	2712.307375	99999	sp
2712.307375	2712.6863749999998	145	EVERY
2712.6863749999998	2713.076375	74	CAB
2713.076375	2713.4273749999998	280	NEEDS
2713.4273749999998	2714.147375	364	REPAINTING
2714.147375	2714.6863749999998	296	OFTEN
2714.6863749999998	2725.1403125	99999	sp
2725.1403125	2725.6203125	354	READING
2725.6203125	2725.8903125	217	IN
2725.8903125	2726.2293125	335	POOR
2726.2293125	2726.7003125	240	LIGHT
2726.7003125	2727.0603125000002	181	GIVES
2727.0603125000002	2727.2703125000003	495	YOU
2727.2703125000003	2728.0803125	150	EYESTRAIN
2728.0803125	2737.7965625	99999	sp
2737.7965625	2738.1465625	98	COFFEE
2738.1465625	2738.5265625	224	IS
2738.5265625	2738.9665625000002	198	GROWN
2738.9665625000002	2739.2455625000002	297	ON
2739.2455625000002	2739.7265625	404	STEEP
2739.7265625	2740.0165625	99999	sp
2740.0165625	2740.4665625000002	231	JUNGLE
2740.4665625000002	2740.7065625000005	241	LIKE
2740.7065625000005	2741.3165625	390	SLOPES
2741.3165625	2741.5465625	217	IN
2741.5465625	2742.0765625000004	431	TEMPERATE
2742.0765625000004	2742.6855625000003	497	ZONES
2742.6855625000003	2753.70575	99999	sp
2753.70575	2754.3367500000004	84	CHALLENGE
2754.3367500000004	2754.7557500000003	132	EACH
2754.7557500000003	2755.40675	175	GENERAL'S
2755.40675	2756.43575	221	INTELLIGENCE
2756.43575	2767.6255	99999	sp
2767.6255	2767.9445	76	CAN
2767.9445	2768.1345	434	THE
2768.1345	2768.7855	11	AGENCY
2768.7855	2769.5255	315	OVERTHROW
2769.5255	2770.0645	13	ALIEN
2770.0645	2770.7955	162	FORCES
2770.7955	2780.4990625	99999	sp
2780.4990625	2780.6480625	434	THE
2780.6480625	2780.7590625000003	99999	sp
2780.7590625000003	2781.1390625	165	FRIGHTENED
2781.1390625	2781.6580624999997	89	CHILD
2781.6580624999997	2781.8790625	472	WAS
2781.8790625	2782.3290625	176	GENTLY
2782.3290625	2783.0280625	410	SUBDUED
2783.0280625	2783.2490625	73	BY
2783.2490625	2783.5180625000003	208	HIS
2783.5180625000003	2783.8690625	52	BIG
2783.8690625	2784.3490625	66	BROTHER
2784.3490625	2794.5838125	99999	sp
2794.5838125	2794.9228125	210	HOW
2794.9228125	2795.1538125	189	GOOD
2795.1538125	2795.2928125	224	IS
2795.2928125	2795.5428125	496	YOUR
2795.5428125	2796.3338125	138	ENDURANCE
2796.3338125	2807.571375	99999	sp
2807.571375	2807.720375	434	THE
2807.720375	2808.181375	475	WATER
2808.181375	2808.931375	103	CONTAINED
2808.931375	2809.1213749999997	448	TOO
2809.1213749999997	2809.4113749999997	269	MUCH
2809.4113749999997	2810.220375	90	CHLORINE
2810.220375	2810.480375	20	AND
2810.480375	2810.8803749999997	409	STUNG
2810.8803749999997	2811.100375	208	HIS
2811.100375	2811.7103749999997	149	EYES
2811.7103749999997	2822.26725	99999	sp
2822.26725	2822.4262499999995	30	ARE
2822.4262499999995	2822.6372499999998	496	YOUR
2822.6372499999998	2823.1272499999995	192	GRADES
2823.1272499999995	2823.64725	206	HIGHER
2823.64725	2823.78725	302	OR
2823.78725	2824.2072499999995	251	LOWER
2824.2072499999995	2824.4572499999995	432	THAN
2824.4572499999995	2825.23625	275	NANCY'S
2825.23625	2834.8569094102577	99999	sp
2834.8569094102577	2834.926909410258	1	A
2834.926909410258	2835.7669094102575	371	SCREWDRIVER
2835.7669094102575	2836.035909410258	224	IS
2836.035909410258	2836.3669094102574	252	MADE
2836.3669094102574	2836.6269094102577	166	FROM
2836.6269094102577	2837.0259094102576	469	VODKA
2837.0259094102576	2837.4059094102577	20	AND
2837.4059094102577	2837.8569094102577	303	ORANGE
2837.8569094102577	2838.4569094102576	230	JUICE
2838.4569094102576	2848.7348125	99999	sp
2848.7348125	2849.0148125	476	WE
2849.0148125	2849.1838125	30	ARE
2849.1838125	2849.5538125	301	OPEN
2849.5538125	2849.9548125	145	EVERY
2849.9548125	2850.3738125	265	MONDAY
2850.3738125	2851.1748125	143	EVENING
2851.1748125	2862.3635	99999	sp
2862.3635	2862.7325	142	EVEN
2862.7325	2862.8035	1	A
2862.8035	2863.2925	383	SIMPLE
2863.2925	2864.1835	468	VOCABULARY
2864.1835	2864.8424999999997	104	CONTAINS
2864.8424999999997	2865.5325	422	SYMBOLS
2865.5325	2876.8174375	99999	sp
2876.8174375	2877.4474375	75	CALCIUM
2877.4474375	2877.8474374999996	254	MAKES
2877.8474374999996	2878.4374374999998	58	BONES
2878.4374374999998	2878.6064374999996	99999	sp
2878.6064374999996	2878.8864375	20	AND
2878.8864375	2879.1574375	430	TEETH
2879.1574375	2879.7564374999997	406	STRONG
2879.7564374999997	2889.4386875	99999	sp
2889.4386875	2889.5686875	434	THE
2889.5686875	2889.9486875000002	453	TWO
2889.9486875000002	2890.5986875	33	ARTISTS
2890.5986875	2891.3986875	147	EXCHANGED
2891.3986875	2892.2976875000004	39	AUTOGRAPHS
2892.2976875000004	2924.966875	99999	sp
2924.966875	2925.147875	30	ARE
2925.147875	2925.3568750000004	496	YOUR
2925.3568750000004	2925.9278750000003	192	GRADES
2925.9278750000003	2926.486875	206	HIGHER
2926.486875	2926.667875	302	OR
2926.667875	2927.116875	251	LOWER
2927.116875	2927.346875	432	THAN
2927.346875	2928.147875	275	NANCY'S
2928.147875	2938.00725	99999	sp
2938.00725	2938.2962500000003	375	SHE
2938.2962500000003	2938.66625	490	WORE
2938.66625	2939.2072500000004	471	WARM
2939.2072500000004	2939.2962500000003	99999	sp
2939.2962500000003	2939.76625	158	FLEECY
2939.76625	2940.3672500000002	489	WOOLEN
2940.3672500000002	2941.27625	311	OVERALLS
2941.27625	2951.7073101963597	99999	sp
2951.7073101963597	2952.271642902378	354	READING
2952.271642902378	2952.5180416895128	217	IN
2952.5180416895128	2952.8033819419397	335	POOR
2952.8033819419397	2953.27238194194	240	LIGHT
2953.27238194194	2953.61238194194	181	GIVES
2953.61238194194	2953.8123819419397	495	YOU
2953.8123819419397	2954.6223819419397	150	EYESTRAIN
2954.6223819419397	2964.873375	99999	sp
2964.873375	2965.263375	142	EVEN
2965.263375	2965.643375	211	I
2965.643375	2966.3833750000003	293	OCCASIONALLY
2966.3833750000003	2966.594375	177	GET
2966.594375	2966.703375	434	THE
2966.703375	2967.1443750000003	265	MONDAY
2967.1443750000003	2967.7943750000004	56	BLUES
2967.7943750000004	2977.7719375	99999	sp
2977.7719375	2978.1209375000003	476	WE
2978.1209375000003	2978.3119375	30	ARE
2978.3119375	2978.7109375000005	301	OPEN
2978.7109375000005	2979.0919375000003	145	EVERY
2979.0919375000003	2979.5219375	265	MONDAY
2979.5219375	2980.2419375000004	143	EVENING
2980.2419375000004	2991.297125	99999	sp
2991.297125	2991.566125	226	IT'S
2991.566125	2991.886125	285	NOT
2991.886125	2992.306125	133	EASY
2992.306125	2992.466125	446	TO
2992.466125	2993.096125	113	CREATE
2993.096125	2993.836125	215	ILLUMINATING
2993.836125	2994.736125	146	EXAMPLES
2994.736125	3003.9665625	99999	sp
3003.9665625	3004.4065625	270	MUM
3004.4065625	3005.0175624999997	407	STRONGLY
3005.0175624999997	3005.6565625	126	DISLIKES
3005.6565625	3006.6365625	27	APPETIZERS
3006.6365625	3016.6563125	99999	sp
3016.6563125	3017.1363125	443	THOSE
3017.1363125	3017.2863124999994	484	WHO
3017.2863124999994	3017.6863124999995	427	TEACH
3017.6863124999995	3018.2663124999995	462	VALUES
3018.2663124999995	3018.2963124999997	99999	sp
3018.2963124999997	3018.7863124999994	156	FIRST
3018.7863124999994	3019.4363124999995	4	ABOLISH
3019.4363124999995	3019.4963124999995	99999	sp
3019.4963124999995	3019.9863124999997	87	CHEATING
3019.9863124999997	3030.49375	99999	sp
3030.49375	3030.69475	434	THE
3030.69475	3031.20375	165	FRIGHTENED
3031.20375	3031.74375	89	CHILD
3031.74375	3031.97475	472	WAS
3031.97475	3032.39475	176	GENTLY
3032.39475	3033.06375	410	SUBDUED
3033.06375	3033.27375	73	BY
3033.27375	3033.49375	208	HIS
3033.49375	3033.76375	52	BIG
3033.76375	3034.29375	66	BROTHER
3034.29375	3045.6316875	99999	sp
3045.6316875	3046.1226875	142	EVEN
3046.1226875	3046.1916875	1	A
3046.1916875	3046.6316875	383	SIMPLE
3046.6316875	3047.5216875000006	468	VOCABULARY
3047.5216875000006	3048.1616875000004	104	CONTAINS
3048.1616875000004	3048.9116875000004	422	SYMBOLS
3048.9116875000004	3059.8926875	99999	sp
3059.8926875	3060.0216875	1	A
3060.0216875	3060.4726875	110	CRAB
3060.4726875	3061.0116875000003	85	CHALLENGED
3061.0116875000003	3061.0516875000003	99999	sp
3061.0516875000003	3061.3516875	258	ME
3061.3516875	3061.6516875	70	BUT
3061.6516875	3061.7316875	1	A
3061.7316875	3062.0326875	350	QUICK
3062.0326875	3062.4816875	402	STAB
3062.4816875	3062.5116875000003	99999	sp
3062.5116875000003	3063.0916875000003	464	VANQUISHED
3063.0916875000003	3063.3416875000003	207	HIM
3063.3416875000003	3075.01525	99999	sp
3075.01525	3075.72525	183	GLUCOSE
3075.72525	3075.8952499999996	20	AND
3075.8952499999996	3076.61525	167	FRUCTOSE
3076.61525	3076.76525	30	ARE
3076.76525	3077.3352499999996	276	NATURAL
3077.3352499999996	3077.8862499999996	414	SUGARS
3077.8862499999996	3077.9362499999997	99999	sp
3077.9362499999997	3078.26525	163	FOUND
3078.26525	3078.40525	217	IN
3078.40525	3078.97525	168	FRUIT
3078.97525	3088.710875	99999	sp
3088.710875	3088.890875	30	ARE
3088.890875	3089.160875	495	YOU
3089.160875	3089.5108750000004	250	LOOKING
3089.5108750000004	3089.790875	161	FOR
3089.790875	3090.580875	136	EMPLOYMENT
3090.580875	3102.39325	99999	sp
3102.39325	3102.7332499999998	98	COFFEE
3102.7332499999998	3103.13325	224	IS
3103.13325	3103.5032499999998	198	GROWN
3103.5032499999998	3103.70325	297	ON
3103.70325	3104.21325	404	STEEP
3104.21325	3104.7532499999998	231	JUNGLE
3104.7532499999998	3104.97325	241	LIKE
3104.97325	3105.54225	390	SLOPES
3105.54225	3105.71325	217	IN
3105.71325	3106.15325	431	TEMPERATE
3106.15325	3106.83325	497	ZONES
3106.83325	3116.202	99999	sp
3116.202	3116.4010000000003	476	WE
3116.4010000000003	3116.9220000000005	480	WELCOME
3116.9220000000005	3117.1920000000005	256	MANY
3117.1920000000005	3117.492	282	NEW
3117.492	3118.0620000000004	408	STUDENTS
3118.0620000000004	3118.342	132	EACH
3118.342	3118.6620000000003	491	YEAR
3118.6620000000003	3127.750875	99999	sp
3127.750875	3128.100875	298	ONLY
3128.100875	3128.1908750000002	434	THE
3128.1908750000002	3128.6308750000003	51	BEST
3128.6308750000003	3129.120875	330	PLAYERS
3129.120875	3129.600875	139	ENJOY
3129.600875	3130.5108750000004	336	POPULARITY
3130.5108750000004	3139.5925625	99999	sp
3139.5925625	3140.2925625	75	CALCIUM
3140.2925625	3140.6115624999998	254	MAKES
3140.6115624999998	3141.0725625	58	BONES
3141.0725625	3141.3025625	20	AND
3141.3025625	3141.5625625	430	TEETH
3141.5625625	3142.2325625	406	STRONG
3142.2325625	3150.780875	99999	sp
3150.780875	3151.300875	286	NOTHING
3151.300875	3151.479875	224	IS
3151.479875	3151.660875	34	AS
3151.660875	3152.300875	295	OFFENSIVE
3152.300875	3152.500875	34	AS
3152.500875	3153.270875	219	INNOCENCE
3153.270875	3163.001125	99999	sp
3163.001125	3163.6211249999997	405	STEVE
3163.6211249999997	3163.651125	99999	sp
3163.651125	3163.941125	490	WORE
3163.941125	3163.9911249999996	1	A
3163.9911249999996	3164.5311249999995	65	BRIGHT
3164.5311249999995	3164.8401249999997	356	RED
3164.8401249999997	3165.4711249999996	78	CASHMERE
3165.4711249999996	3166.0211249999998	420	SWEATER
3166.0211249999998	3176.06375	99999	sp
3176.06375	3176.59375	46	BARB'S
3176.59375	3176.96375	188	GOLD
3176.96375	3177.6037499999998	63	BRACELET
3177.6037499999998	3177.7527499999997	472	WAS
3177.7527499999997	3177.83375	1	A
3177.83375	3178.61375	193	GRADUATION
3178.61375	3179.19375	339	PRESENT
3179.19375	3189.932	99999	sp
3189.932	3190.3219999999997	130	DRAW
3190.3219999999997	3190.7919999999995	145	EVERY
3190.7919999999995	3191.0919999999996	308	OUTER
3191.0919999999996	3191.4219999999996	244	LINE
3191.4219999999996	3192.0319999999997	156	FIRST
3192.0319999999997	3192.3719999999994	436	THEN
3192.3719999999994	3192.6719999999996	154	FILL
3192.6719999999996	3192.8419999999996	217	IN
3192.8419999999996	3193.0119999999997	434	THE
3193.0119999999997	3193.7919999999995	222	INTERIOR
3193.7919999999995	3203.7425	99999	sp
3203.7425	3203.8635	434	THE
3203.8635	3204.2735	475	WATER
3204.2735	3204.9435	103	CONTAINED
3204.9435	3205.1135	448	TOO
3205.1135	3205.4334999999996	269	MUCH
3205.4334999999996	3206.1535	90	CHLORINE
3206.1535	3206.3235	20	AND
3206.3235	3206.6335	409	STUNG
3206.6335	3206.8435	208	HIS
3206.8435	3207.4134999999997	149	EYES
3207.4134999999997	3217.939375	99999	sp
3217.939375	3218.350375	229	JOHN'S
3218.350375	3218.770375	66	BROTHER
3218.770375	3219.360375	363	REPAINTED
3219.360375	3219.439375	434	THE
3219.439375	3219.939375	173	GARAGE
3219.939375	3220.410375	129	DOOR
3220.410375	3230.2471875	99999	sp
3230.2471875	3230.8171875000003	84	CHALLENGE
3230.8171875000003	3231.2381875	132	EACH
3231.2381875	3231.8771875	175	GENERAL'S
3231.8771875	3232.8481875	221	INTELLIGENCE
3232.8481875	3243.5231875	99999	sp
3243.5231875	3244.4931875	17	AMBIDEXTROUS
3244.4931875	3245.1731875	327	PICKPOCKETS
3245.1731875	3245.7431875	6	ACCOMPLISH
3245.7431875	3246.1621875	267	MORE
3246.1621875	3255.963375	99999	sp
3255.963375	3256.0833749999997	1	A
3256.0833749999997	3256.7633749999995	271	MUSCULAR
3256.7633749999995	3257.3133749999997	2	ABDOMEN
3257.3133749999997	3257.5233749999998	224	IS
3257.5233749999998	3257.8043749999997	189	GOOD
3257.8043749999997	3257.8933749999997	161	FOR
3257.8933749999997	3258.1343749999996	496	YOUR
3258.1343749999996	3258.673375	43	BACK
3258.673375	3269.10475	99999	sp
3269.10475	3269.50375	438	THEY
3269.50375	3269.69375	317	OWN
3269.69375	3269.75375	1	A
3269.75375	3270.0947499999997	52	BIG
3270.0947499999997	3270.6147499999997	209	HOUSE
3270.6147499999997	3270.72475	217	IN
3270.72475	3270.78475	434	THE
3270.78475	3271.1547499999997	361	REMOTE
3271.1547499999997	3272.16475	109	COUNTRYSIDE
3272.16475	3281.784125	99999	sp
3281.784125	3281.9431250000002	434	THE
3281.9431250000002	3282.3831250000003	369	ROSE
3282.3831250000003	3283.2031250000005	106	CORSAGE
3283.2031250000005	3283.684125	393	SMELLED
3283.684125	3284.2141250000004	421	SWEET
3284.2141250000004	3293.051375	99999	sp
3293.051375	3293.4403749999997	433	THAT
3293.4403749999997	3294.111375	326	PICKPOCKET
3294.111375	3294.330375	472	WAS
3294.330375	3294.671375	80	CAUGHT
3294.671375	3294.9313749999997	356	RED
3294.9313749999997	3295.491375	199	HANDED
3295.491375	3307.6493125	99999	sp
3307.6493125	3307.8283125000003	19	AN
3307.8283125000003	3308.3183125	9	ADULT
3308.3183125	3308.6383125	255	MALE
3308.6383125	3309.3183125	42	BABOON'S
3309.3183125	3309.8693125	430	TEETH
3309.8693125	3309.9893125000003	30	ARE
3309.9893125000003	3310.2493125	285	NOT
3310.2493125	3310.8283125000003	415	SUITABLE
3310.8283125000003	3310.9693125000003	161	FOR
3310.9693125000003	3311.3183125	135	EATING
3311.3183125	3312.1093125	376	SHELLFISH
3312.1093125	3321.5246875	99999	sp
3321.5246875	3321.7956875	204	HER
3321.7956875	3322.4746875	470	WARDROBE
3322.4746875	3323.0946875	102	CONSISTS
3323.0946875	3323.3156875	294	OF
3323.3156875	3323.6956875	298	ONLY
3323.6956875	3324.2056875	385	SKIRTS
3324.2056875	3324.3556875	20	AND
3324.3556875	3325.0756874999997	54	BLOUSES
3325.0756874999997	3334.8226875	99999	sp
3334.8226875	3335.0326875	434	THE
3335.0326875	3335.4026875	453	TWO
3335.4026875	3336.0016875	33	ARTISTS
3336.0016875	3336.7226875	147	EXCHANGED
3336.7226875	3337.5726875	39	AUTOGRAPHS
3337.5726875	3347.70575	99999	sp
3347.70575	3348.3957499999997	71	BUTTERSCOTCH
3348.3957499999997	3348.45575	99999	sp
3348.45575	3348.91475	169	FUDGE
3348.91475	3349.24575	186	GOES
3349.24575	3349.60475	481	WELL
3349.60475	3349.77575	487	WITH
3349.77575	3350.22475	463	VANILLA
3350.22475	3350.48575	212	ICE
3350.48575	3350.8447499999997	112	CREAM
3350.8447499999997	3359.949875	99999	sp
3359.949875	3360.389875	366	RICH
3360.389875	3360.9108749999996	349	PURCHASED
3360.9108749999996	3361.4608749999998	374	SEVERAL
3361.4608749999998	3361.920875	382	SIGNED
3361.920875	3362.7908749999997	245	LITHOGRAPHS
3362.7908749999997	3374.05075	99999	sp
3374.05075	3374.35975	24	ANY
3374.35975	3375.37075	105	CONTRIBUTIONS
3375.37075	3375.4697499999997	485	WILL
3375.4697499999997	3375.62075	47	BE
3375.62075	3376.08075	195	GREATLY
3376.08075	3376.84075	28	APPRECIATED
3376.84075	3386.7694375	99999	sp
3386.7694375	3386.8994374999997	434	THE
3386.8994374999997	3387.5394375	111	CRANBERRY
3387.5394375	3387.9794375	57	BOG
3387.9794375	3388.2894375	178	GETS
3388.2894375	3388.7484375	465	VERY
3388.7484375	3389.1594375	340	PRETTY
3389.1594375	3389.3084375	217	IN
3389.3084375	3389.7694375	40	AUTUMN
3389.7694375	3398.460875	99999	sp
3398.460875	3398.760875	210	HOW
3398.760875	3399.010875	128	DO
3399.010875	3399.501875	318	OYSTERS
3399.501875	3399.721875	253	MAKE
3399.721875	3400.401875	320	PEARLS
3400.401875	3410.8235	99999	sp
3410.8235	3411.1445	257	MAY
3411.1445	3411.2745	211	I
3411.2745	3411.7445	304	ORDER
3411.7445	3411.8044999999997	1	A
3411.8044999999997	3412.4745	319	PARFAIT
3412.4745	3412.8644999999997	10	AFTER
3412.8644999999997	3412.9244999999996	211	I
3412.9244999999996	3413.1744999999996	134	EAT
3413.1744999999996	3413.5735	124	DINNER
3413.5735	3422.6520625	99999	sp
3422.6520625	3422.8130625	224	IS
3422.8130625	3423.0320625	375	SHE
3423.0320625	3423.4020625	187	GOING
3423.4020625	3423.5530624999997	487	WITH
3423.5530624999997	3423.8930625	495	YOU
3423.8930625	3434.413	99999	sp
3434.413	3434.6730000000002	76	CAN
3434.6730000000002	3434.832	434	THE
3434.832	3435.4230000000002	11	AGENCY
3435.4230000000002	3436.143	315	OVERTHROW
3436.143	3436.643	13	ALIEN
3436.643	3437.363	162	FORCES
3437.363	3446.7993938488485	99999	sp
3446.7993938488485	3446.8993938488484	1	A
3446.8993938488484	3447.7093938488483	371	SCREWDRIVER
3447.7093938488483	3447.9083938488484	224	IS
3447.9083938488484	3448.1893938488483	252	MADE
3448.1893938488483	3448.2393938488485	99999	sp
3448.2393938488485	3448.4493938488486	166	FROM
3448.4493938488486	3448.8693938488486	469	VODKA
3448.8693938488486	3449.1583938488484	20	AND
3449.1583938488484	3449.5593938488487	303	ORANGE
3449.5593938488487	3450.0493938488485	230	JUICE
3450.0493938488485	3458.4760625	99999	sp
3458.4760625	3458.6260625	210	HOW
3458.6260625	3458.8860624999998	269	MUCH
3458.8860624999998	3459.3950624999998	16	ALLOWANCE
3459.3950624999998	3459.5060624999996	128	DO
3459.5060624999996	3459.6560624999997	495	YOU
3459.6560624999997	3460.1060624999996	177	GET
3460.1060624999996	3469.7866875	99999	sp
3469.7866875	3470.3966875	115	CYCLICAL
3470.3966875	3471.0756874999997	346	PROGRAMS
3471.0756874999997	3471.2366875	485	WILL
3471.2366875	3471.5756874999997	281	NEVER
3471.5756874999997	3472.2766874999998	100	COMPILE
3472.2766874999998	3482.2225625	99999	sp
3482.2225625	3482.3715625	434	THE
3482.3715625	3482.9225625000004	61	BOSTON
3482.9225625000004	3483.4915625000003	45	BALLET
3483.4915625000003	3484.1415625000004	312	OVERCAME
3484.1415625000004	3484.3525625	435	THEIR
3484.3525625	3484.8125625000002	170	FUNDING
3484.8125625000002	3485.4915625000003	380	SHORTAGE
3485.4915625000003	3494.687875	99999	sp
3494.687875	3495.028875	145	EVERY
3495.028875	3495.3988750000003	74	CAB
3495.3988750000003	3495.738875	280	NEEDS
3495.738875	3496.408875	364	REPAINTING
3496.408875	3496.908875	296	OFTEN
3496.908875	3506.675875	99999	sp
3506.675875	3506.976875	203	HELP
3506.976875	3507.336875	196	GREG
3507.336875	3507.456875	446	TO
3507.456875	3507.775875	325	PICK
3507.775875	3507.8268749999997	1	A
3507.8268749999997	3508.1168749999997	321	PECK
3508.1168749999997	3508.266875	294	OF
3508.266875	3509.086875	338	POTATOES
3509.086875	3518.6768125	99999	sp
3518.6768125	3518.8958125	476	WE
3518.8958125	3519.1968125	241	LIKE
3519.1968125	3519.3858124999997	55	BLUE
3519.3858124999997	3519.8658124999997	88	CHEESE
3519.8658124999997	3520.0968125	70	BUT
3520.0968125	3520.4168124999997	466	VICTOR
3520.4168124999997	3520.7458125	242	LIKES
3520.7458125	3521.1968125	64	BRIE
3521.1968125	3531.55825	99999	sp
3531.55825	3532.0482500000003	108	COUNT
3532.0482500000003	3532.10725	434	THE
3532.10725	3532.5282500000003	289	NUMBER
3532.5282500000003	3532.60725	294	OF
3532.60725	3532.62825	99999	sp
3532.62825	3533.31725	429	TEASPOONS
3533.31725	3533.37825	294	OF
3533.37825	3534.12825	395	SOYSAUCE
3534.12825	3534.28825	433	THAT
3534.28825	3534.45725	495	YOU
3534.45725	3534.7582500000003	7	ADD
3534.7582500000003	3544.8403125	99999	sp
3544.8403125	3545.6703125	44	BAGPIPES
3545.6703125	3545.8203125	20	AND
3545.8203125	3546.5103125	59	BONGOS
3546.5103125	3546.6503125	30	ARE
3546.6503125	3547.2203125	273	MUSICAL
3547.2203125	3547.9993125	220	INSTRUMENTS
3547.9993125	3556.82625	99999	sp
3556.82625	3557.13625	210	HOW
3557.13625	3557.38625	189	GOOD
3557.38625	3557.54625	224	IS
3557.54625	3557.74625	496	YOUR
3557.74625	3558.58625	138	ENDURANCE
3558.58625	3580.875625	99999	sp
3580.875625	3581.265625	142	EVEN
3581.265625	3581.645625	211	I
3581.645625	3582.3856250000003	293	OCCASIONALLY
3582.3856250000003	3582.596625	177	GET
3582.596625	3582.705625	434	THE
3582.705625	3583.1466250000003	265	MONDAY
3583.1466250000003	3583.7966250000004	56	BLUES
3583.7966250000004	3593.20725	99999	sp
3593.20725	3593.59725	130	DRAW
3593.59725	3594.0672499999996	145	EVERY
3594.0672499999996	3594.36725	308	OUTER
3594.36725	3594.6972499999997	244	LINE
3594.6972499999997	3595.30725	156	FIRST
3595.30725	3595.6472499999995	436	THEN
3595.6472499999995	3595.9472499999997	154	FILL
3595.9472499999997	3596.11725	217	IN
3596.11725	3596.28725	434	THE
3596.28725	3597.0672499999996	222	INTERIOR
3597.0672499999996	3607.2729375	99999	sp
3607.2729375	3607.9829375	183	GLUCOSE
3607.9829375	3608.1529374999996	20	AND
3608.1529374999996	3608.8729375	167	FRUCTOSE
3608.8729375	3609.0229375	30	ARE
3609.0229375	3609.5929374999996	276	NATURAL
3609.5929374999996	3610.1439374999995	414	SUGARS
3610.1439374999995	3610.1939374999997	99999	sp
3610.1939374999997	3610.5229375	163	FOUND
3610.5229375	3610.6629374999998	217	IN
3610.6629374999998	3611.2329375	168	FRUIT
3611.2329375	3620.871125	99999	sp
3620.871125	3620.991125	1	A
3620.991125	3621.671125	271	MUSCULAR
3621.671125	3622.221125	2	ABDOMEN
3622.221125	3622.431125	224	IS
3622.431125	3622.640125	189	GOOD
3622.640125	3622.791125	161	FOR
3622.791125	3623.0011250000002	496	YOUR
3623.0011250000002	3623.580125	43	BACK
3623.580125	3632.93275	99999	sp
3632.93275	3633.46275	46	BARB'S
3633.46275	3633.83275	188	GOLD
3633.83275	3634.47275	63	BRACELET
3634.47275	3634.62175	472	WAS
3634.62175	3634.70275	1	A
3634.70275	3635.48275	193	GRADUATION
3635.48275	3636.06275	339	PRESENT
3636.06275	3645.744125	99999	sp
3645.744125	3645.873125	1	A
3645.873125	3646.324125	110	CRAB
3646.324125	3646.8631250000003	85	CHALLENGED
3646.8631250000003	3646.9031250000003	99999	sp
3646.9031250000003	3647.203125	258	ME
3647.203125	3647.503125	70	BUT
3647.503125	3647.583125	1	A
3647.583125	3647.884125	350	QUICK
3647.884125	3648.333125	402	STAB
3648.333125	3648.3631250000003	99999	sp
3648.3631250000003	3648.9431250000002	464	VANQUISHED
3648.9431250000002	3649.1931250000002	207	HIM
3649.1931250000002	3658.694125	99999	sp
3658.694125	3658.995125	203	HELP
3658.995125	3659.355125	196	GREG
3659.355125	3659.475125	446	TO
3659.475125	3659.794125	325	PICK
3659.794125	3659.845125	1	A
3659.845125	3660.135125	321	PECK
3660.135125	3660.285125	294	OF
3660.285125	3661.105125	338	POTATOES
3661.105125	3671.1691875	99999	sp
3671.1691875	3671.3181875	434	THE
3671.3181875	3671.8691875000004	61	BOSTON
3671.8691875000004	3672.4381875000004	45	BALLET
3672.4381875000004	3673.0881875000005	312	OVERCAME
3673.0881875000005	3673.2991875000002	435	THEIR
3673.2991875000002	3673.7591875000003	170	FUNDING
3673.7591875000003	3674.4381875000004	380	SHORTAGE
3674.4381875000004	3684.4055	99999	sp
3684.4055	3684.7054999999996	210	HOW
3684.7054999999996	3684.9554999999996	128	DO
3684.9554999999996	3685.4464999999996	318	OYSTERS
3685.4464999999996	3685.6665	253	MAKE
3685.6665	3686.3464999999997	320	PEARLS
3686.3464999999997	3697.030375	99999	sp
3697.030375	3697.2103749999997	30	ARE
3697.2103749999997	3697.4803749999996	495	YOU
3697.4803749999996	3697.830375	250	LOOKING
3697.830375	3698.1103749999997	161	FOR
3698.1103749999997	3698.9003749999997	136	EMPLOYMENT
3698.9003749999997	3708.8223125	99999	sp
3708.8223125	3709.4323125	115	CYCLICAL
3709.4323125	3710.1113124999997	346	PROGRAMS
3710.1113124999997	3710.2723124999998	485	WILL
3710.2723124999998	3710.6113124999997	281	NEVER
3710.6113124999997	3711.3123124999997	100	COMPILE
3711.3123124999997	3721.8733125	99999	sp
3721.8733125	3722.0343125	224	IS
3722.0343125	3722.2533125	375	SHE
3722.2533125	3722.6233125	187	GOING
3722.6233125	3722.7743124999997	487	WITH
3722.7743124999997	3723.1143125	495	YOU
3723.1143125	3732.2386875	99999	sp
3732.2386875	3732.6786875000003	366	RICH
3732.6786875000003	3733.1996875	349	PURCHASED
3733.1996875	3733.7496875	374	SEVERAL
3733.7496875	3734.2096875	382	SIGNED
3734.2096875	3735.0796875	245	LITHOGRAPHS
3735.0796875	3746.5385	99999	sp
3746.5385	3746.9375	438	THEY
3746.9375	3747.1275	317	OWN
3747.1275	3747.1875	1	A
3747.1875	3747.5285	52	BIG
3747.5285	3748.0485	209	HOUSE
3748.0485	3748.1585	217	IN
3748.1585	3748.2185	434	THE
3748.2185	3748.5885	361	REMOTE
3748.5885	3749.5985	109	COUNTRYSIDE
3749.5985	3759.041375	99999	sp
3759.041375	3759.521375	443	THOSE
3759.521375	3759.6713749999994	484	WHO
3759.6713749999994	3760.0713749999995	427	TEACH
3760.0713749999995	3760.6513749999995	462	VALUES
3760.6513749999995	3760.6813749999997	99999	sp
3760.6813749999997	3761.1713749999994	156	FIRST
3761.1713749999994	3761.8213749999995	4	ABOLISH
3761.8213749999995	3761.8813749999995	99999	sp
3761.8813749999995	3762.3713749999997	87	CHEATING
3762.3713749999997	3772.1425625	99999	sp
3772.1425625	3772.4115625	226	IT'S
3772.4115625	3772.7315625	285	NOT
3772.7315625	3773.1515625	133	EASY
3773.1515625	3773.3115625	446	TO
3773.3115625	3773.9415625	113	CREATE
3773.9415625	3774.6815625	215	ILLUMINATING
3774.6815625	3775.5815625	146	EXAMPLES
3775.5815625	3785.2453125	99999	sp
3785.2453125	3785.6563125000002	229	JOHN'S
3785.6563125000002	3786.0763125000003	66	BROTHER
3786.0763125000003	3786.6663125000005	363	REPAINTED
3786.6663125000005	3786.7453125	434	THE
3786.7453125	3787.2453125	173	GARAGE
3787.2453125	3787.7163125	129	DOOR
3787.7163125	3797.2703125	99999	sp
3797.2703125	3797.8903124999997	405	STEVE
3797.8903124999997	3797.9203125	99999	sp
3797.9203125	3798.2103125	490	WORE
3798.2103125	3798.2603124999996	1	A
3798.2603124999996	3798.8003124999996	65	BRIGHT
3798.8003124999996	3799.1093124999998	356	RED
3799.1093124999998	3799.7403124999996	78	CASHMERE
3799.7403124999996	3800.2903125	420	SWEATER
3800.2903125	3809.6111875	99999	sp
3809.6111875	3810.1011875000004	108	COUNT
3810.1011875000004	3810.1601875	434	THE
3810.1601875	3810.5811875000004	289	NUMBER
3810.5811875000004	3810.6601875	294	OF
3810.6601875	3810.6811875000003	99999	sp
3810.6811875000003	3811.3701875	429	TEASPOONS
3811.3701875	3811.4311875000003	294	OF
3811.4311875000003	3812.1811875000003	395	SOYSAUCE
3812.1811875000003	3812.3411875	433	THAT
3812.3411875	3812.5101875	495	YOU
3812.5101875	3812.8111875000004	7	ADD
3812.8111875000004	3822.2684375	99999	sp
3822.2684375	3822.6574374999996	433	THAT
3822.6574374999996	3823.3284375	326	PICKPOCKET
3823.3284375	3823.5474375	472	WAS
3823.5474375	3823.8884375	80	CAUGHT
3823.8884375	3824.1484374999995	356	RED
3824.1484374999995	3824.7084375	199	HANDED
3824.7084375	3834.896375	99999	sp
3834.896375	3835.046375	210	HOW
3835.046375	3835.3063749999997	269	MUCH
3835.3063749999997	3835.8153749999997	16	ALLOWANCE
3835.8153749999997	3835.9263749999996	128	DO
3835.9263749999996	3836.0763749999996	495	YOU
3836.0763749999996	3836.5263749999995	177	GET
3836.5263749999995	3846.4710625	99999	sp
3846.4710625	3846.7420625	204	HER
3846.7420625	3847.4210625	470	WARDROBE
3847.4210625	3848.0410625	102	CONSISTS
3848.0410625	3848.2620625	294	OF
3848.2620625	3848.6420625	298	ONLY
3848.6420625	3849.1520625	385	SKIRTS
3849.1520625	3849.3020625	20	AND
3849.3020625	3850.0220624999997	54	BLOUSES
3850.0220624999997	3858.87	99999	sp
3858.87	3859.7	44	BAGPIPES
3859.7	3859.85	20	AND
3859.85	3860.54	59	BONGOS
3860.54	3860.68	30	ARE
3860.68	3861.25	273	MUSICAL
3861.25	3862.029	220	INSTRUMENTS
3862.029	3870.8544375	99999	sp
3870.8544375	3871.2944375	270	MUM
3871.2944375	3871.9054375	407	STRONGLY
3871.9054375	3872.5444375	126	DISLIKES
3872.5444375	3873.5244375	27	APPETIZERS
3873.5244375	3882.931375	99999	sp
3882.931375	3883.090375	434	THE
3883.090375	3883.5303750000003	369	ROSE
3883.5303750000003	3884.3503750000004	106	CORSAGE
3884.3503750000004	3884.831375	393	SMELLED
3884.831375	3885.3613750000004	421	SWEET
3885.3613750000004	3894.86475	99999	sp
3894.86475	3895.55475	71	BUTTERSCOTCH
3895.55475	3895.61475	99999	sp
3895.61475	3896.07375	169	FUDGE
3896.07375	3896.40475	186	GOES
3896.40475	3896.76375	481	WELL
3896.76375	3896.93475	487	WITH
3896.93475	3897.38375	463	VANILLA
3897.38375	3897.64475	212	ICE
3897.64475	3898.00375	112	CREAM
3898.00375	3907.301125	99999	sp
3907.301125	3907.590125	375	SHE
3907.590125	3907.960125	490	WORE
3907.960125	3908.5011250000002	471	WARM
3908.5011250000002	3908.590125	99999	sp
3908.590125	3909.060125	158	FLEECY
3909.060125	3909.661125	489	WOOLEN
3909.661125	3910.5701249999997	311	OVERALLS
3910.5701249999997	3919.8635625	99999	sp
3919.8635625	3920.0625625000002	476	WE
3920.0625625000002	3920.5835625000004	480	WELCOME
3920.5835625000004	3920.8535625000004	256	MANY
3920.8535625000004	3921.1535625	282	NEW
3921.1535625	3921.7235625000003	408	STUDENTS
3921.7235625000003	3922.0035625	132	EACH
3922.0035625	3922.3235625	491	YEAR
3922.3235625	3932.0019375	99999	sp
3932.0019375	3932.1319375	434	THE
3932.1319375	3932.7719375	111	CRANBERRY
3932.7719375	3933.2119375	57	BOG
3933.2119375	3933.5219375	178	GETS
3933.5219375	3933.9809375	465	VERY
3933.9809375	3934.3919375	340	PRETTY
3934.3919375	3934.5409375	217	IN
3934.5409375	3935.0019375	40	AUTUMN
3935.0019375	3946.2769375	99999	sp
3946.2769375	3946.4959375	476	WE
3946.4959375	3946.7969375	241	LIKE
3946.7969375	3946.9859374999996	55	BLUE
3946.9859374999996	3947.4659374999997	88	CHEESE
3947.4659374999997	3947.6969375	70	BUT
3947.6969375	3948.0169374999996	466	VICTOR
3948.0169374999996	3948.3459374999998	242	LIKES
3948.3459374999998	3948.7969375	64	BRIE
3948.7969375	3958.8525	99999	sp
3958.8525	3959.3725	286	NOTHING
3959.3725	3959.5515	224	IS
3959.5515	3959.7325	34	AS
3959.7325	3960.3725	295	OFFENSIVE
3960.3725	3960.5725	34	AS
3960.5725	3961.3425	219	INNOCENCE
3961.3425	3971.6468125	99999	sp
3971.6468125	3971.9558125000003	24	ANY
3971.9558125000003	3972.9668125000003	105	CONTRIBUTIONS
3972.9668125000003	3973.0658125	485	WILL
3973.0658125	3973.2168125000003	47	BE
3973.2168125000003	3973.6768125000003	195	GREATLY
3973.6768125000003	3974.4368125	28	APPRECIATED
3974.4368125	3984.7191875	99999	sp
3984.7191875	3984.8981875	19	AN
3984.8981875	3985.3881874999997	9	ADULT
3985.3881874999997	3985.7081875	255	MALE
3985.7081875	3986.3881874999997	42	BABOON'S
3986.3881874999997	3986.9391874999997	430	TEETH
3986.9391874999997	3987.0591875	30	ARE
3987.0591875	3987.3191874999998	285	NOT
3987.3191874999998	3987.8981875	415	SUITABLE
3987.8981875	3988.0391875	161	FOR
3988.0391875	3988.3881874999997	135	EATING
3988.3881874999997	3989.1791875	376	SHELLFISH
3989.1791875	3998.7238125	99999	sp
3998.7238125	3999.0738125	298	ONLY
3999.0738125	3999.1638125	434	THE
3999.1638125	3999.6038125	51	BEST
3999.6038125	4000.0938125	330	PLAYERS
4000.0938125	4000.5738125	139	ENJOY
4000.5738125	4001.4838125	336	POPULARITY
4001.4838125	4012.0668125	99999	sp
4012.0668125	4013.0368125000005	17	AMBIDEXTROUS
4013.0368125000005	4013.7168125000003	327	PICKPOCKETS
4013.7168125000003	4014.2868125000005	6	ACCOMPLISH
4014.2868125000005	4014.7058125000003	267	MORE
4014.7058125000003	4024.8528125	99999	sp
4024.8528125	4025.1738124999997	257	MAY
4025.1738124999997	4025.3038125	211	I
4025.3038125	4025.7738124999996	304	ORDER
4025.7738124999996	4025.8338124999996	1	A
4025.8338124999996	4026.5038124999996	319	PARFAIT
4026.5038124999996	4026.8938124999995	10	AFTER
4026.8938124999995	4026.9538124999995	211	I
4026.9538124999995	4027.2038124999995	134	EAT
4027.2038124999995	4027.6028125	124	DINNER
4027.6028125	4037.0654375	99999	sp
4037.0654375	4037.4064375	145	EVERY
4037.4064375	4037.7764375	74	CAB
4037.7764375	4038.1164375	280	NEEDS
4038.1164375	4038.7864375	364	REPAINTING
4038.7864375	4039.2864375	296	OFTEN
4039.2864375	4048.59925694194	99999	sp
4048.59925694194	4049.177456329597	354	READING
4049.177456329597	4049.423011879919	217	IN
4049.423011879919	4049.71025694194	335	POOR
4049.71025694194	4050.17925694194	240	LIGHT
4050.17925694194	4050.51925694194	181	GIVES
4050.51925694194	4050.71925694194	495	YOU
4050.71925694194	4051.52925694194	150	EYESTRAIN
4051.52925694194	4060.2674375	99999	sp
4060.2674375	4060.6074375	98	COFFEE
4060.6074375	4061.0074375	224	IS
4061.0074375	4061.3774375	198	GROWN
4061.3774375	4061.5774375	297	ON
4061.5774375	4062.0874375	404	STEEP
4062.0874375	4062.6274375	231	JUNGLE
4062.6274375	4062.8474375	241	LIKE
4062.8474375	4063.4164375	390	SLOPES
4063.4164375	4063.5874375	217	IN
4063.5874375	4064.0274375	431	TEMPERATE
4064.0274375	4064.7074375	497	ZONES
4064.7074375	4075.409625	99999	sp
4075.409625	4075.979625	84	CHALLENGE
4075.979625	4076.4006249999998	132	EACH
4076.4006249999998	4077.039625	175	GENERAL'S
4077.039625	4078.010625	221	INTELLIGENCE
4078.010625	4088.527375	99999	sp
4088.527375	4088.7873750000003	76	CAN
4088.7873750000003	4088.946375	434	THE
4088.946375	4089.5373750000003	11	AGENCY
4089.5373750000003	4090.257375	315	OVERTHROW
4090.257375	4090.757375	13	ALIEN
4090.757375	4091.477375	162	FORCES
4091.477375	4100.174375	99999	sp
4100.174375	4100.375375	434	THE
4100.375375	4100.884375	165	FRIGHTENED
4100.884375	4101.424375	89	CHILD
4101.424375	4101.655374999999	472	WAS
4101.655374999999	4102.075374999999	176	GENTLY
4102.075374999999	4102.744374999999	410	SUBDUED
4102.744374999999	4102.954374999999	73	BY
4102.954374999999	4103.174375	208	HIS
4103.174375	4103.444374999999	52	BIG
4103.444374999999	4103.974375	66	BROTHER
4103.974375	4113.89625	99999	sp
4113.89625	4114.206249999999	210	HOW
4114.206249999999	4114.456249999999	189	GOOD
4114.456249999999	4114.616249999999	224	IS
4114.616249999999	4114.81625	496	YOUR
4114.81625	4115.65625	138	ENDURANCE
4115.65625	4125.4774375	99999	sp
4125.4774375	4125.5984375	434	THE
4125.5984375	4126.0084375	475	WATER
4126.0084375	4126.6784375	103	CONTAINED
4126.6784375	4126.8484375	448	TOO
4126.8484375	4127.1684374999995	269	MUCH
4127.1684374999995	4127.8884375	90	CHLORINE
4127.8884375	4128.0584375	20	AND
4128.0584375	4128.368437499999	409	STUNG
4128.368437499999	4128.5784375	208	HIS
4128.5784375	4129.1484375	149	EYES
4129.1484375	4139.065125	99999	sp
4139.065125	4139.246125	30	ARE
4139.246125	4139.455125	496	YOUR
4139.455125	4140.026125	192	GRADES
4140.026125	4140.585125	206	HIGHER
4140.585125	4140.766125	302	OR
4140.766125	4141.215125000001	251	LOWER
4141.215125000001	4141.445125	432	THAN
4141.445125	4142.246125	275	NANCY'S
4142.246125	4150.979393848848	99999	sp
4150.979393848848	4151.079393848848	1	A
4151.079393848848	4151.889393848848	371	SCREWDRIVER
4151.889393848848	4152.088393848848	224	IS
4152.088393848848	4152.369393848849	252	MADE
4152.369393848849	4152.419393848848	99999	sp
4152.419393848848	4152.629393848849	166	FROM
4152.629393848849	4153.049393848849	469	VODKA
4153.049393848849	4153.338393848848	20	AND
4153.338393848848	4153.7393938488485	303	ORANGE
4153.7393938488485	4154.229393848848	230	JUICE
4154.229393848848	4163.69225	99999	sp
4163.69225	4164.04125	476	WE
4164.04125	4164.23225	30	ARE
4164.23225	4164.63125	301	OPEN
4164.63125	4165.01225	145	EVERY
4165.01225	4165.44225	265	MONDAY
4165.44225	4166.16225	143	EVENING
4166.16225	4177.563625	99999	sp
4177.563625	4178.054625	142	EVEN
4178.054625	4178.123625	1	A
4178.123625	4178.563625	383	SIMPLE
4178.563625	4179.453625	468	VOCABULARY
4179.453625	4180.0936249999995	104	CONTAINS
4180.0936249999995	4180.8436249999995	422	SYMBOLS
4180.8436249999995	4191.3544375	99999	sp
4191.3544375	4192.0544375	75	CALCIUM
4192.0544375	4192.3734375	254	MAKES
4192.3734375	4192.8344375	58	BONES
4192.8344375	4193.0644375	20	AND
4193.0644375	4193.3244374999995	430	TEETH
4193.3244374999995	4193.9944375	406	STRONG
4193.9944375	4203.2888125	99999	sp
4203.2888125	4203.4988125	434	THE
4203.4988125	4203.8688125	453	TWO
4203.8688125	4204.4678125	33	ARTISTS
4204.4678125	4205.1888125000005	147	EXCHANGED
4205.1888125000005	4206.0388125	39	AUTOGRAPHS
4206.0388125	4214.9	99999	sp
