26.685530109739986	27.019284149910476	490	WORE
27.019284149910476	27.510961216504423	471	WARM
27.510961216504423	27.590438153104884	99999	sp
27.590438153104884	28.184575117682837	158	FLEECY
28.184575117682837	28.573616966870116	489	WOOLEN
28.573616966870116	29.443616966870117	311	OVERALLS
29.443616966870117	40.5820625	99999	sp
40.5820625	40.997515571359116	354	READING
40.997515571359116	41.151411219838465	217	IN
41.151411219838465	41.22835904407813	99999	sp
41.22835904407813	41.601760971537814	335	POOR
41.601760971537814	42.04945043518459	240	LIGHT
42.04945043518459	42.11293239018232	99999	sp
42.11293239018232	42.37840238380919	181	GIVES
42.37840238380919	42.532062499999995	495	YOU
42.532062499999995	43.352062499999995	150	EYESTRAIN
43.352062499999995	54.8401875	99999	sp
54.8401875	55.16358463969408	142	EVEN
55.16358463969408	55.52887052694506	211	I
55.52887052694506	56.391341649039475	293	OCCASIONALLY
56.391341649039475	56.53369512388287	177	GET
56.53369512388287	56.59525338327461	99999	sp
56.59525338327461	56.683584639694075	434	THE
56.683584639694075	57.19599941300549	265	MONDAY
57.19599941300549	57.761158645310665	56	BLUES
57.761158645310665	67.874375	99999	sp
67.874375	68.0327155541399	476	WE
68.0327155541399	68.2627155541399	30	ARE
68.2627155541399	68.72469194364254	301	OPEN
68.72469194364254	68.78929906276929	99999	sp
68.78929906276929	69.14810995685801	145	EVERY
69.14810995685801	69.50591733957249	265	MONDAY
69.50591733957249	70.0827155541399	143	EVENING
70.0827155541399	82.6646875	99999	sp
82.6646875	82.91221436865075	226	IT'S
82.91221436865075	83.21486444331364	285	NOT
83.21486444331364	83.65884955661534	133	EASY
83.65884955661534	83.87430346448642	446	TO
83.87430346448642	84.3459163578003	113	CREATE
84.3459163578003	85.19590373391488	215	ILLUMINATING
85.19590373391488	86.09504412241947	146	EXAMPLES
86.09504412241947	97.3243125	99999	sp
97.3243125	97.66087880006013	270	MUM
97.66087880006013	98.30920409934954	407	STRONGLY
98.30920409934954	98.93051722916663	126	DISLIKES
98.93051722916663	99.92648145393558	27	APPETIZERS
99.92648145393558	112.09406249999999	99999	sp
112.09406249999999	112.46455860859155	443	THOSE
112.46455860859155	112.6767992277486	484	WHO
112.6767992277486	113.06483812050426	427	TEACH
113.06483812050426	113.73483812050426	462	VALUES
113.73483812050426	113.9466646957125	99999	sp
113.9466646957125	114.44954778035333	156	FIRST
114.44954778035333	115.04483812050427	4	ABOLISH
115.04483812050427	115.61483812050427	87	CHEATING
115.61483812050427	128.5966875	99999	sp
128.5966875	128.7140329319655	434	THE
128.7140329319655	129.35654726436675	165	FRIGHTENED
129.35654726436675	129.4200292193645	99999	sp
129.4200292193645	130.050715296396	89	CHILD
130.050715296396	130.33513616434902	472	WAS
130.33513616434902	130.40823659737669	99999	sp
130.40823659737669	130.83787620812294	176	GENTLY
130.83787620812294	131.6024843851273	410	SUBDUED
131.6024843851273	131.79553525628685	73	BY
131.79553525628685	132.10264524268516	208	HIS
132.10264524268516	132.39588605719103	52	BIG
132.39588605719103	132.88553525628686	66	BROTHER
132.88553525628686	144.871	99999	sp
144.871	145.18263868817067	142	EVEN
145.18263868817067	145.40578737846573	1	A
145.40578737846573	145.83329831370872	383	SIMPLE
145.83329831370872	146.81272629608623	468	VOCABULARY
146.81272629608623	146.88005564229596	99999	sp
146.88005564229596	147.47547522146849	104	CONTAINS
147.47547522146849	148.19547522146848	422	SYMBOLS
148.19547522146848	161.67275	99999	sp
161.67275	161.85742477817521	1	A
161.85742477817521	161.9266778199909	99999	sp
161.9266778199909	162.38259367861096	110	CRAB
162.38259367861096	162.43068606876076	99999	sp
162.43068606876076	163.07256629866404	85	CHALLENGED
163.07256629866404	163.41498411653058	258	ME
163.41498411653058	163.71706626570165	99999	sp
163.71706626570165	163.81132735039526	70	BUT
163.81132735039526	163.92097799993678	1	A
163.92097799993678	163.97676517251054	99999	sp
163.97676517251054	164.37251485479553	350	QUICK
164.37251485479553	164.44946267903518	99999	sp
164.44946267903518	165.02303143946665	402	STAB
165.02303143946665	165.08651339446436	99999	sp
165.08651339446436	165.7060053186241	464	VANQUISHED
165.7060053186241	166.01011583292973	207	HIM
166.01011583292973	178.7905	99999	sp
178.7905	179.4253195499773	183	GLUCOSE
179.4253195499773	179.5869099808806	20	AND
179.5869099808806	180.38565361716172	167	FRUCTOSE
180.38565361716172	180.4587540501894	99999	sp
180.4587540501894	180.57225209094292	30	ARE
180.57225209094292	181.027042785434	276	NATURAL
181.027042785434	181.63685429253337	414	SUGARS
181.63685429253337	181.93334081996022	163	FOUND
181.93334081996022	182.08122797751747	217	IN
182.08122797751747	182.59679978803544	168	FRUIT
182.59679978803544	192.9225625	99999	sp
192.9225625	193.04200504315122	30	ARE
193.04200504315122	193.3055513411721	495	YOU
193.3055513411721	193.74792762686204	250	LOOKING
193.74792762686204	194.09576111263405	161	FOR
194.09576111263405	195.10667234370817	136	EMPLOYMENT
195.10667234370817	209.2523125	99999	sp
209.2523125	209.78132879164772	98	COFFEE
209.78132879164772	210.04872248088057	224	IS
210.04872248088057	210.48155399222873	198	GROWN
210.48155399222873	210.69509672892244	297	ON
210.69509672892244	211.3154152110488	404	STEEP
211.3154152110488	211.46738716392215	99999	sp
211.46738716392215	211.92805143517978	231	JUNGLE
211.92805143517978	212.2281479497145	241	LIKE
212.2281479497145	212.98477526256124	390	SLOPES
212.98477526256124	213.23772095928996	217	IN
213.23772095928996	213.80433152974408	431	TEMPERATE
213.80433152974408	214.51509672892243	497	ZONES
214.51509672892243	225.44875	99999	sp
225.44875	225.60963612877106	476	WE
225.60963612877106	226.08356954997726	480	WELCOME
226.08356954997726	226.43339606853405	256	MANY
226.43339606853405	226.69309497534292	282	NEW
226.69309497534292	227.3050351579456	408	STUDENTS
227.3050351579456	227.6023283435609	132	EACH
227.6023283435609	227.94963612877106	491	YEAR
227.94963612877106	239.85	99999	sp
239.85	240.19434151347252	298	ONLY
240.19434151347252	240.4136428125556	434	THE
240.4136428125556	240.77145019527006	51	BEST
240.77145019527006	240.86571127996365	99999	sp
240.86571127996365	241.46033820211252	330	PLAYERS
241.46033820211252	241.99217921079185	139	ENJOY
241.99217921079185	242.8843544813255	336	POPULARITY
242.8843544813255	254.4443125	99999	sp
254.4443125	255.138766613763	75	CALCIUM
255.138766613763	255.20609595997274	99999	sp
255.20609595997274	255.6111560007519	254	MAKES
255.6111560007519	256.09223662010584	58	BONES
256.09223662010584	256.4317569799172	20	AND
256.4317569799172	256.7593382335973	430	TEETH
256.7593382335973	257.3822366201058	406	STRONG
257.3822366201058	269.407375	99999	sp
269.407375	269.9837983109639	286	NOTHING
269.9837983109639	270.2415735221668	224	IS
270.2415735221668	270.51694245345243	34	AS
270.51694245345243	271.2516781442916	295	OFFENSIVE
271.2516781442916	271.47290313898066	34	AS
271.47290313898066	272.26694245345243	219	INNOCENCE
272.26694245345243	283.8164375	99999	sp
283.8164375	284.46962763939257	405	STEVE
284.46962763939257	284.7485635022614	490	WORE
284.7485635022614	284.96747622966205	1	A
284.96747622966205	285.3618338288904	65	BRIGHT
285.3618338288904	285.781752471658	356	RED
285.781752471658	285.8875557299876	99999	sp
285.8875557299876	286.4703949476849	78	CASHMERE
286.4703949476849	287.00476536010035	420	SWEATER
287.00476536010035	298.8608125	99999	sp
298.8608125	299.38982879164774	46	BARB'S
299.38982879164774	299.71878074027234	188	GOLD
299.71878074027234	299.8418972590558	99999	sp
299.8418972590558	300.4759396656683	63	BRACELET
300.4759396656683	300.6394537921776	99999	sp
300.6394537921776	300.80681530989887	472	WAS
300.80681530989887	300.93335009729367	1	A
300.93335009729367	301.68743877484246	193	GRADUATION
301.68743877484246	302.13366862005915	339	PRESENT
302.13366862005915	314.9668125	99999	sp
314.9668125	315.37848335968226	130	DRAW
315.37848335968226	315.8456553102045	145	EVERY
315.8456553102045	316.19932921997315	308	OUTER
316.19932921997315	316.5648313851116	244	LINE
316.5648313851116	317.18890729293	156	FIRST
317.18890729293	317.5379972190403	99999	sp
317.5379972190403	317.8179771442016	436	THEN
317.8179771442016	318.0603627905566	154	FILL
318.0603627905566	318.2774993435327	217	IN
318.2774993435327	318.36619599342936	434	THE
318.36619599342936	319.20749934353273	222	INTERIOR
319.20749934353273	331.0893125	99999	sp
331.0893125	331.2044253507339	434	THE
331.2044253507339	331.6279472696777	475	WATER
331.6279472696777	332.37080124343635	103	CONTAINED
332.37080124343635	332.4881466754019	99999	sp
332.4881466754019	332.7084920367774	448	TOO
332.7084920367774	333.0566809414619	269	MUCH
333.0566809414619	333.6662063668274	90	CHLORINE
333.6662063668274	333.8027887548528	99999	sp
333.8027887548528	333.9566844033322	20	AND
333.9566844033322	334.3244253507339	409	STUNG
334.3244253507339	334.5244253507339	208	HIS
334.5244253507339	335.1144253507339	149	EYES
335.1144253507339	346.644375	99999	sp
346.644375	347.26292535181597	229	JOHN'S
347.26292535181597	347.6008430290959	66	BROTHER
347.6008430290959	348.45330436024244	363	REPAINTED
348.45330436024244	348.58411566144986	434	THE
348.58411566144986	349.1077708260741	173	GARAGE
349.1077708260741	349.5133853060162	129	DOOR
349.5133853060162	360.5440625	99999	sp
360.5440625	361.2000427016432	84	CHALLENGE
361.2000427016432	361.2712194390649	99999	sp
361.2712194390649	361.6078256191952	132	EACH
361.6078256191952	362.284419386935	175	GENERAL'S
362.284419386935	363.27441938693494	221	INTELLIGENCE
363.27441938693494	375.4255	99999	sp
375.4255	376.3680702960176	17	AMBIDEXTROUS
376.3680702960176	376.45271290268124	99999	sp
376.45271290268124	377.21669938109676	327	PICKPOCKETS
377.21669938109676	377.8975727317602	6	ACCOMPLISH
377.8975727317602	378.26346667547267	267	MORE
378.26346667547267	389.939625	99999	sp
389.939625	390.02684036845216	1	A
390.02684036845216	390.65527820516854	271	MUSCULAR
390.65527820516854	391.27918559504906	2	ABDOMEN
391.27918559504906	391.5934865722881	224	IS
391.5934865722881	391.7127556998596	189	GOOD
391.7127556998596	391.9320569989427	161	FOR
391.9320569989427	392.1225028639359	496	YOUR
392.1225028639359	392.5772207302803	43	BACK
392.5772207302803	403.9929375	99999	sp
403.9929375	404.26610227605084	438	THEY
404.26610227605084	404.6916895156878	317	OWN
404.6916895156878	404.9052197279529	1	A
404.9052197279529	405.18806492106387	52	BIG
405.18806492106387	405.7906321564521	209	HOUSE
405.7906321564521	405.97323721858163	217	IN
405.97323721858163	406.07918649735086	434	THE
406.07918649735086	406.6596718256004	361	REMOTE
406.6596718256004	406.73152428767935	99999	sp
406.73152428767935	407.6932372185816	109	COUNTRYSIDE
407.6932372185816	418.7766875	99999	sp
418.7766875	418.91565973311486	434	THE
418.91565973311486	419.3494132197618	369	ROSE
419.3494132197618	419.38788713188166	99999	sp
419.38788713188166	420.1073764276053	106	CORSAGE
420.1073764276053	420.16260423280585	99999	sp
420.16260423280585	420.5973764276053	393	SMELLED
420.5973764276053	421.2273764276053	421	SWEET
421.2273764276053	432.9130625	99999	sp
432.9130625	433.2291608394997	433	THAT
433.2291608394997	433.9843824977996	326	PICKPOCKET
433.9843824977996	434.23437400812	472	WAS
434.23437400812	434.5339389101055	80	CAUGHT
434.5339389101055	434.80133259933837	356	RED
434.80133259933837	435.44438249779955	199	HANDED
435.44438249779955	448.7656875	99999	sp
448.7656875	448.92916315838505	19	AN
448.92916315838505	449.5832581325465	9	ADULT
449.5832581325465	449.9679972537449	255	MALE
449.9679972537449	450.7362692301761	42	BABOON'S
450.7362692301761	451.24797226136997	430	TEETH
451.24797226136997	451.34992812848753	99999	sp
451.34992812848753	451.4480366043931	30	ARE
451.4480366043931	451.76012580327654	285	NOT
451.76012580327654	452.51812381106754	415	SUITABLE
452.51812381106754	452.6970275024248	161	FOR
452.6970275024248	453.0096072586839	135	EATING
453.0096072586839	453.839163158385	376	SHELLFISH
453.839163158385	465.78875	99999	sp
465.78875	465.9856041104563	204	HER
465.9856041104563	466.64562026680574	470	WARDROBE
466.64562026680574	467.3794493141142	88888	CONSIST
467.3794493141142	467.51218431092764	99999	sp
467.51218431092764	467.76459839510727	294	OF
467.76459839510727	468.1243294734278	298	ONLY
468.1243294734278	468.6488310485883	385	SKIRTS
468.6488310485883	468.88114037805946	20	AND
468.88114037805946	469.5888310485883	54	BLOUSES
469.5888310485883	480.609875	99999	sp
480.609875	480.79402268426634	434	THE
480.79402268426634	481.1603445325126	453	TWO
481.1603445325126	481.777916852502	33	ARTISTS
481.777916852502	481.8965883370583	99999	sp
481.8965883370583	482.6296917908907	147	EXCHANGED
482.6296917908907	483.42791685250205	39	AUTOGRAPHS
483.42791685250205	495.591125	99999	sp
495.591125	496.3135850970602	71	BUTTERSCOTCH
496.3135850970602	496.81374595461807	169	FUDGE
496.81374595461807	496.93493877779554	99999	sp
496.93493877779554	497.2078067573826	186	GOES
497.2078067573826	497.57780675738263	481	WELL
497.57780675738263	497.8356382811941	487	WITH
497.8356382811941	497.862570019678	99999	sp
497.862570019678	498.24007029084703	463	VANILLA
498.24007029084703	498.61025350791095	212	ICE
498.61025350791095	498.9678067573826	112	CREAM
498.9678067573826	512.64825	99999	sp
512.64825	513.0541497728643	366	RICH
513.0541497728643	513.1907321608896	99999	sp
513.1907321608896	513.8731591721877	349	PURCHASED
513.8731591721877	514.4615007000414	374	SEVERAL
514.4615007000414	514.9560910306934	382	SIGNED
514.9560910306934	515.9218498762095	245	LITHOGRAPHS
515.9218498762095	527.4300625000001	99999	sp
527.4300625000001	527.8010200834083	24	ANY
527.8010200834083	528.8624709353152	105	CONTRIBUTIONS
528.8624709353152	529.0259850618245	485	WILL
529.0259850618245	529.1927124770476	47	BE
529.1927124770476	529.6120116248688	195	GREATLY
529.6120116248688	530.5461130234019	28	APPRECIATED
530.5461130234019	542.0025625000001	99999	sp
542.0025625000001	542.1845840106458	434	THE
542.1845840106458	542.8269607757736	111	CRANBERRY
542.8269607757736	542.9289166428912	99999	sp
542.9289166428912	543.3396673183419	57	BOG
543.3396673183419	543.4156116312071	99999	sp
543.4156116312071	543.671645692201	178	GETS
543.671645692201	544.0787144518068	465	VERY
544.0787144518068	544.4615298773991	340	PRETTY
544.4615298773991	544.6016456922009	217	IN
544.6016456922009	545.061645692201	40	AUTUMN
545.061645692201	556.681	99999	sp
556.681	556.9810965145347	210	HOW
556.9810965145347	557.1984741180117	128	DO
557.1984741180117	557.7861022992647	318	OYSTERS
557.7861022992647	558.0496485972856	253	MAKE
558.0496485972856	558.1227490303132	99999	sp
558.1227490303132	558.8939877009929	320	PEARLS
558.8939877009929	571.5634375000001	99999	sp
571.5634375000001	571.7895490018884	257	MAY
571.7895490018884	572.0920477233229	211	I
572.0920477233229	572.4969779232622	304	ORDER
572.4969779232622	572.7214162066654	1	A
572.7214162066654	573.4243230834109	319	PARFAIT
573.4243230834109	573.5262789505284	99999	sp
573.5262789505284	573.9552630706646	10	AFTER
573.9552630706646	574.1707169785357	211	I
574.1707169785357	574.3982660607043	134	EAT
574.3982660607043	574.812047723323	124	DINNER
574.812047723323	584.4738125000001	99999	sp
584.4738125000001	584.5985818115106	224	IS
584.5985818115106	584.9362879676853	375	SHE
584.9362879676853	585.2985818115106	187	GOING
585.2985818115106	585.563274474352	487	WITH
585.563274474352	585.8785818115107	495	YOU
585.8785818115107	598.566125	99999	sp
598.566125	598.8504283481553	76	CAN
598.8504283481553	599.0046224265291	434	THE
599.0046224265291	599.7536472657426	11	AGENCY
599.7536472657426	600.5251111048949	315	OVERTHROW
600.5251111048949	601.0351111048949	13	ALIEN
601.0351111048949	601.8951111048949	162	FORCES
601.8951111048949	613.8464040068	99999	sp
613.8464040068	613.9315854609922	1	A
613.9315854609922	614.7849745729497	371	SCREWDRIVER
614.7849745729497	615.0037457660596	224	IS
615.0037457660596	615.4253299819227	252	MADE
615.4253299819227	615.6956874328083	166	FROM
615.6956874328083	616.1550280714497	469	VODKA
616.1550280714497	616.3641003950727	20	AND
616.3641003950727	616.7672694361543	303	ORANGE
616.7672694361543	617.2433554712918	230	JUICE
617.2433554712918	627.4288750000001	99999	sp
627.4288750000001	627.6647212752669	210	HOW
627.6647212752669	627.9409897566115	269	MUCH
627.9409897566115	628.6343390517508	16	ALLOWANCE
628.6343390517508	628.7425580632869	128	DO
628.7425580632869	628.9886910022033	495	YOU
628.9886910022033	629.2525580632869	177	GET
629.2525580632869	640.95675	99999	sp
640.95675	641.7003366058634	115	CYCLICAL
641.7003366058634	642.4158871445992	346	PROGRAMS
642.4158871445992	642.5219685972012	485	WILL
642.5219685972012	642.9513836309616	281	NEVER
642.9513836309616	643.7142119268777	100	COMPILE
643.7142119268777	655.4303750000001	99999	sp
655.4303750000001	655.5361647901705	434	THE
655.5361647901705	655.6167406470298	99999	sp
655.6167406470298	656.15519095669	61	BOSTON
656.15519095669	656.7823341065565	45	BALLET
656.7823341065565	656.8599641930696	99999	sp
656.8599641930696	657.565306247239	312	OVERCAME
657.565306247239	657.7047362075377	435	THEIR
657.7047362075377	658.2011721305535	170	FUNDING
658.2011721305535	658.9281857280383	380	SHORTAGE
658.9281857280383	670.5438125000001	99999	sp
670.5438125000001	670.9452936376937	145	EVERY
670.9452936376937	671.5054138828652	74	CAB
671.5054138828652	671.8329107647359	280	NEEDS
671.8329107647359	672.6073267140312	364	REPAINTING
672.6073267140312	673.3181519775375	296	OFTEN
673.3181519775375	683.6061875000001	99999	sp
683.6061875000001	684.0554067998864	203	HELP
684.0554067998864	684.5358156383245	196	GREG
684.5358156383245	684.7401597559419	446	TO
684.7401597559419	685.2061415464816	325	PICK
685.2061415464816	685.3675128772707	1	A
685.3675128772707	685.7627813638508	321	PECK
685.7627813638508	685.9024460023579	294	OF
685.9024460023579	685.9739300969252	99999	sp
685.9739300969252	686.7858303630267	338	POTATOES
686.7858303630267	698.4936250000001	99999	sp
698.4936250000001	698.6679575663965	476	WE
698.6679575663965	698.9694594956605	241	LIKE
698.9694594956605	699.0789001547596	99999	sp
699.0789001547596	699.3047001353144	55	BLUE
699.3047001353144	699.8979575663965	88	CHEESE
699.8979575663965	700.150153500153	99999	sp
700.150153500153	700.3253062341487	70	BUT
700.3253062341487	700.7467971131468	466	VICTOR
700.7467971131468	701.1327454127386	242	LIKES
701.1327454127386	701.2213924527116	99999	sp
701.2213924527116	701.6838715149847	64	BRIE
701.6838715149847	714.2108125000001	99999	sp
714.2108125000001	714.6894930933372	108	COUNT
714.6894930933372	714.7694930933371	434	THE
714.7694930933371	715.2294340444903	289	NUMBER
715.2294340444903	715.4552994357955	294	OF
715.4552994357955	716.2215465361866	429	TEASPOONS
716.2215465361866	716.3194930933372	294	OF
716.3194930933372	717.0978971437443	395	SOYSAUCE
717.0978971437443	717.2351651822217	433	THAT
717.2351651822217	717.4094930933372	495	YOU
717.4094930933372	717.8594930933372	7	ADD
717.8594930933372	730.2636250000002	99999	sp
730.2636250000002	730.9739336661497	44	BAGPIPES
730.9739336661497	731.2092117670511	20	AND
731.2092117670511	731.7995577486995	59	BONGOS
731.7995577486995	731.9408300084639	30	ARE
731.9408300084639	732.4974768310234	273	MUSICAL
732.4974768310234	733.3518563093429	220	INSTRUMENTS
733.3518563093429	743.1274375000002	99999	sp
743.1274375000002	743.4906028300675	210	HOW
743.4906028300675	743.7980647793968	189	GOOD
743.7980647793968	744.034999040395	224	IS
744.034999040395	744.2878151439345	496	YOUR
744.2878151439345	745.144999040395	138	ENDURANCE
745.144999040395	764.2950625000001	99999	sp
1499.0716875000003	1499.2380317486288	30	ARE
1499.2380317486288	1499.6532395350455	496	YOUR
1499.6532395350455	1500.0327506348406	192	GRADES
1500.0327506348406	1500.604901706679	206	HIGHER
1500.604901706679	1500.7548989508837	302	OR
1500.7548989508837	1501.1819167448452	251	LOWER
1501.1819167448452	1501.3280317486287	432	THAN
1501.3280317486287	1502.1080317486287	275	NANCY'S
1502.1080317486287	1512.4111875	99999	sp
1512.4111875	1512.700133388266	375	SHE
1512.700133388266	1513.0437059996586	490	WORE
1513.0437059996586	1513.1015362624846	99999	sp
1513.1015362624846	1513.5955166159242	471	WARM
1513.5955166159242	1513.7256347072826	99999	sp
1513.7256347072826	1514.4020455096809	158	FLEECY
1514.4020455096809	1514.496019686773	99999	sp
1514.496019686773	1514.8303508937354	489	WOOLEN
1514.8303508937354	1515.7101333882663	311	OVERALLS
1515.7101333882663	1526.5526875000003	99999	sp
1526.5526875000003	1527.0237699451707	354	READING
1527.0237699451707	1527.2044895165016	217	IN
1527.2044895165016	1527.2605125836142	99999	sp
1527.2605125836142	1527.6237589219895	335	POOR
1527.6237589219895	1528.0990513945899	240	LIGHT
1528.0990513945899	1528.2056759416753	99999	sp
1528.2056759416753	1528.4514748463878	181	GIVES
1528.4514748463878	1528.610508069159	495	YOU
1528.610508069159	1529.4052398005613	150	EYESTRAIN
1529.4052398005613	1540.66125	99999	sp
1540.66125	1541.0190747512354	142	EVEN
1541.0190747512354	1541.3476633645078	211	I
1541.3476633645078	1542.290803200296	293	OCCASIONALLY
1542.290803200296	1542.5445608571429	177	GET
1542.5445608571429	1542.6211715686784	434	THE
1542.6211715686784	1543.1084059196958	265	MONDAY
1543.1084059196958	1543.6911715686783	56	BLUES
1543.6911715686783	1554.7556250000002	99999	sp
1554.7556250000002	1554.9236942013379	476	WE
1554.9236942013379	1555.104413772669	30	ARE
1555.104413772669	1555.5850898172175	301	OPEN
1555.5850898172175	1555.6537632543234	99999	sp
1555.6537632543234	1556.0280834183416	145	EVERY
1556.0280834183416	1556.5296126371268	265	MONDAY
1556.5296126371268	1557.1257689085314	143	EVENING
1557.1257689085314	1569.298375	99999	sp
1569.298375	1569.537038396194	226	IT'S
1569.537038396194	1569.8875457470187	285	NOT
1569.8875457470187	1570.3631430945068	133	EASY
1570.3631430945068	1570.5414603172999	446	TO
1570.5414603172999	1571.194790936469	113	CREATE
1571.194790936469	1572.1609946589233	215	ILLUMINATING
1572.1609946589233	1573.0538097800832	146	EXAMPLES
1573.0538097800832	1583.9718125000002	99999	sp
1583.9718125000002	1584.3799614963898	270	MUM
1584.3799614963898	1585.0525507176758	407	STRONGLY
1585.0525507176758	1585.7039814810928	126	DISLIKES
1585.7039814810928	1586.720269774316	27	APPETIZERS
1586.720269774316	1598.8315000000002	99999	sp
1598.8315000000002	1599.2297753663147	443	THOSE
1599.2297753663147	1599.3958020767104	484	WHO
1599.3958020767104	1599.4597915380089	99999	sp
1599.4597915380089	1599.871442743033	427	TEACH
1599.871442743033	1600.5214695389107	462	VALUES
1600.5214695389107	1600.5992945594087	99999	sp
1600.5992945594087	1601.0770264708663	156	FIRST
1601.0770264708663	1601.670281947726	4	ABOLISH
1601.670281947726	1601.7279235932908	99999	sp
1601.7279235932908	1602.2814427430328	87	CHEATING
1602.2814427430328	1614.7354375000002	99999	sp
1614.7354375000002	1614.8392041939976	434	THE
1614.8392041939976	1615.6122660642782	165	FRIGHTENED
1615.6122660642782	1616.193415426838	89	CHILD
1616.193415426838	1616.4650304751801	472	WAS
1616.4650304751801	1616.853236370909	176	GENTLY
1616.853236370909	1617.5546003154532	410	SUBDUED
1617.5546003154532	1617.6902063820328	73	BY
1617.6902063820328	1617.8927808310063	208	HIS
1617.8927808310063	1617.9827119658041	99999	sp
1617.9827119658041	1618.217916472198	52	BIG
1618.217916472198	1618.7102063820328	66	BROTHER
1618.7102063820328	1629.9818125000002	99999	sp
1629.9818125000002	1630.37439649229	142	EVEN
1630.37439649229	1630.5289647977922	1	A
1630.5289647977922	1630.9722729912182	383	SIMPLE
1630.9722729912182	1632.0146478498393	468	VOCABULARY
1632.0146478498393	1632.671487668928	104	CONTAINS
1632.671487668928	1633.4922729912182	422	SYMBOLS
1633.4922729912182	1645.1821250000003	99999	sp
1645.1821250000003	1645.3792817185954	1	A
1645.3792817185954	1645.908491857982	110	CRAB
1645.908491857982	1646.6098194796518	85	CHALLENGED
1646.6098194796518	1646.996958093396	258	ME
1646.996958093396	1647.1743009716163	99999	sp
1647.1743009716163	1647.3445765182873	70	BUT
1647.3445765182873	1647.4485276103821	1	A
1647.4485276103821	1647.510603228683	99999	sp
1647.510603228683	1647.9540228392875	350	QUICK
1647.9540228392875	1648.557029145506	402	STAB
1648.557029145506	1649.2515377204932	464	VANQUISHED
1649.2515377204932	1649.6610967078939	207	HIM
1649.6610967078939	1661.1749375000002	99999	sp
1661.1749375000002	1661.8419332675169	183	GLUCOSE
1661.8419332675169	1661.9923949738131	20	AND
1661.9923949738131	1662.7900378688882	167	FRUCTOSE
1662.7900378688882	1662.9351827185612	30	ARE
1662.9351827185612	1663.3771299281118	276	NATURAL
1663.3771299281118	1664.0263898046856	414	SUGARS
1664.0263898046856	1664.3733851865843	163	FOUND
1664.3733851865843	1664.5333851865842	217	IN
1664.5333851865842	1665.1033851865843	168	FRUIT
1665.1033851865843	1674.8755625000001	99999	sp
1674.8755625000001	1675.0022869243978	30	ARE
1675.0022869243978	1675.2599043868595	495	YOU
1675.2599043868595	1675.6922869243979	250	LOOKING
1675.6922869243979	1676.0156354852656	161	FOR
1676.0156354852656	1677.0522869243978	136	EMPLOYMENT
1677.0522869243978	1690.1619375000002	99999	sp
1690.1619375000002	1690.6928770842867	98	COFFEE
1690.6928770842867	1690.9480442446418	224	IS
1690.9480442446418	1691.374960091085	198	GROWN
1691.374960091085	1691.4369071874628	99999	sp
1691.4369071874628	1691.6741540587775	297	ON
1691.6741540587775	1692.1882965121824	404	STEEP
1692.1882965121824	1692.4010182348773	99999	sp
1692.4010182348773	1692.8469278875004	231	JUNGLE
1692.8469278875004	1693.1069278875004	241	LIKE
1693.1069278875004	1693.7047821988983	390	SLOPES
1693.7047821988983	1693.7877955540962	99999	sp
1693.7877955540962	1694.0039761665907	217	IN
1694.0039761665907	1694.5300040133236	431	TEMPERATE
1694.5300040133236	1695.2469278875003	497	ZONES
1695.2469278875003	1705.6531250000003	99999	sp
1705.6531250000003	1705.867576167595	476	WE
1705.867576167595	1706.3151531537887	480	WELCOME
1706.3151531537887	1706.7205148574385	256	MANY
1706.7205148574385	1706.9932799526691	282	NEW
1706.9932799526691	1707.597359398099	408	STUDENTS
1707.597359398099	1707.921385577205	132	EACH
1707.921385577205	1708.2705148574385	491	YEAR
1708.2705148574385	1719.6158750000002	99999	sp
1719.6158750000002	1719.9503247575808	298	ONLY
1719.9503247575808	1720.0886392977293	434	THE
1720.0886392977293	1720.1612759835273	99999	sp
1720.1612759835273	1720.4725397426453	51	BEST
1720.4725397426453	1720.562470877443	99999	sp
1720.562470877443	1721.1066513998364	330	PLAYERS
1721.1066513998364	1721.7238316022197	139	ENJOY
1721.7238316022197	1722.7803247575807	336	POPULARITY
1722.7803247575807	1732.9790000000003	99999	sp
1732.9790000000003	1733.74727865465	75	CALCIUM
1733.74727865465	1734.1123759266384	254	MAKES
1734.1123759266384	1734.197118726736	99999	sp
1734.197118726736	1734.664879087863	58	BONES
1734.664879087863	1734.9623436106554	20	AND
1734.9623436106554	1735.350144387315	430	TEETH
1735.350144387315	1735.999426204045	406	STRONG
1735.999426204045	1746.3956875000001	99999	sp
1746.3956875000001	1746.9652066169926	286	NOTHING
1746.9652066169926	1747.1072349249296	224	IS
1747.1072349249296	1747.4233695577707	34	AS
1747.4233695577707	1748.07948386739	295	OFFENSIVE
1748.07948386739	1748.3578167165872	34	AS
1748.3578167165872	1749.2023063180816	219	INNOCENCE
1749.2023063180816	1760.2408125000002	99999	sp
1760.2408125000002	1760.8375522594254	405	STEVE
1760.8375522594254	1761.0865558510523	490	WORE
1761.0865558510523	1761.165423385024	1	A
1761.165423385024	1761.5809745998954	65	BRIGHT
1761.5809745998954	1762.1290212592824	356	RED
1762.1290212592824	1762.692869595251	78	CASHMERE
1762.692869595251	1763.3002078516365	420	SWEATER
1763.3002078516365	1774.6768125000003	99999	sp
1774.6768125000003	1775.1920764102981	46	BARB'S
1775.1920764102981	1775.5407899305565	188	GOLD
1775.5407899305565	1776.1169647706888	63	BRACELET
1776.1169647706888	1776.2922525046426	472	WAS
1776.2922525046426	1776.4320847713268	1	A
1776.4320847713268	1777.2502696954482	193	GRADUATION
1777.2502696954482	1777.658139618739	339	PRESENT
1777.658139618739	1789.5454375000002	99999	sp
1789.5454375000002	1789.8259764916	130	DRAW
1789.8259764916	1790.2735460421645	145	EVERY
1790.2735460421645	1790.6335460421647	308	OUTER
1790.6335460421647	1791.0130273704992	244	LINE
1791.0130273704992	1791.5944541563808	156	FIRST
1791.5944541563808	1791.9967873845667	99999	sp
1791.9967873845667	1792.251902477456	436	THEN
1792.251902477456	1792.5630310864724	154	FILL
1792.5630310864724	1792.801348123514	217	IN
1792.801348123514	1792.9635460421646	434	THE
1792.9635460421646	1793.7835460421645	222	INTERIOR
1793.7835460421645	1805.0492500000003	99999	sp
1805.0492500000003	1805.1490560942511	434	THE
1805.1490560942511	1805.5763259696694	475	WATER
1805.5763259696694	1806.4680564104035	103	CONTAINED
1806.4680564104035	1806.69406280991	448	TOO
1806.69406280991	1807.0469366162986	269	MUCH
1807.0469366162986	1807.6150309229504	90	CHLORINE
1807.6150309229504	1807.7174137699096	99999	sp
1807.7174137699096	1807.887370714136	20	AND
1807.887370714136	1808.2489954241773	409	STUNG
1808.2489954241773	1808.4789954241774	208	HIS
1808.4789954241774	1809.043942781001	149	EYES
1809.043942781001	1820.2210000000002	99999	sp
1820.2210000000002	1820.6943258089036	229	JOHN'S
1820.6943258089036	1820.7945042892184	99999	sp
1820.7945042892184	1821.2641471860816	66	BROTHER
1821.2641471860816	1822.1960685441059	363	REPAINTED
1822.1960685441059	1822.3311798302875	434	THE
1822.3311798302875	1822.878071001759	173	GARAGE
1822.878071001759	1823.2860079868542	129	DOOR
1823.2860079868542	1834.6058125000002	99999	sp
1834.6058125000002	1835.38450544119	84	CHALLENGE
1835.38450544119	1835.8612483757431	132	EACH
1835.8612483757431	1836.5472511992073	175	GENERAL'S
1836.5472511992073	1837.5900615414412	221	INTELLIGENCE
1837.5900615414412	1847.8811250000003	99999	sp
1847.8811250000003	1848.698025124791	17	AMBIDEXTROUS
1848.698025124791	1848.7634448126373	99999	sp
1848.7634448126373	1849.5206862728937	327	PICKPOCKETS
1849.5206862728937	1850.1933922303745	6	ACCOMPLISH
1850.1933922303745	1850.587670677775	267	MORE
1850.587670677775	1860.984375	99999	sp
1860.984375	1861.0599998299847	1	A
1861.0599998299847	1861.7429631786117	271	MUSCULAR
1861.7429631786117	1862.3727966553088	2	ABDOMEN
1862.3727966553088	1862.6672838739996	224	IS
1862.6672838739996	1862.866289174714	189	GOOD
1862.866289174714	1863.073474104947	161	FOR
1863.073474104947	1863.2910018979799	496	YOUR
1863.2910018979799	1863.7675225561143	43	BACK
1863.7675225561143	1874.7605000000003	99999	sp
1874.7605000000003	1875.0022064251816	438	THEY
1875.0022064251816	1875.3908961189218	317	OWN
1875.3908961189218	1875.6476218494738	1	A
1875.6476218494738	1875.8699054369174	52	BIG
1875.8699054369174	1876.5456847398907	209	HOUSE
1876.5456847398907	1876.728717109908	217	IN
1876.728717109908	1876.7837651603463	434	THE
1876.7837651603463	1877.436683372015	361	REMOTE
1877.436683372015	1878.2979871281293	109	COUNTRYSIDE
1878.2979871281293	1888.6116875000002	99999	sp
1888.6116875000002	1888.765784857189	434	THE
1888.765784857189	1889.197034718698	369	ROSE
1889.197034718698	1889.9706042491785	106	CORSAGE
1889.9706042491785	1890.0630305576196	99999	sp
1890.0630305576196	1890.564139410006	393	SMELLED
1890.564139410006	1891.304139410006	421	SWEET
1891.304139410006	1900.7916250000003	99999	sp
1900.7916250000003	1901.071257995404	433	THAT
1901.071257995404	1901.8281960377583	326	PICKPOCKET
1901.8281960377583	1902.0780663001879	472	WAS
1902.0780663001879	1902.4298477023863	80	CAUGHT
1902.4298477023863	1902.6672387817007	356	RED
1902.6672387817007	1903.2008331498341	199	HANDED
1903.2008331498341	1916.876625	99999	sp
1916.876625	1917.0459661707741	19	AN
1917.0459661707741	1917.6683357129289	9	ADULT
1917.6683357129289	1917.8198738132467	99999	sp
1917.8198738132467	1918.215257594178	255	MALE
1918.215257594178	1918.9164913202042	42	BABOON'S
1918.9164913202042	1919.3821023376727	430	TEETH
1919.3821023376727	1919.563045256879	30	ARE
1919.563045256879	1919.8592155712033	285	NOT
1919.8592155712033	1920.575536355285	415	SUITABLE
1920.575536355285	1920.8950240211423	161	FOR
1920.8950240211423	1921.1780552002585	135	EATING
1921.1780552002585	1921.992603474921	376	SHELLFISH
1921.992603474921	1932.5720625000001	99999	sp
1932.5720625000001	1932.7831591223598	204	HER
1932.7831591223598	1933.3942025551864	470	WARDROBE
1933.3942025551864	1934.1349425016267	102	CONSISTS
1934.1349425016267	1934.4371738551322	294	OF
1934.4371738551322	1934.8473442349998	298	ONLY
1934.8473442349998	1935.2973442349999	385	SKIRTS
1935.2973442349999	1935.4870016158661	20	AND
1935.4870016158661	1936.2273442349997	54	BLOUSES
1936.2273442349997	1946.3048750000003	99999	sp
1946.3048750000003	1946.491454797715	434	THE
1946.491454797715	1946.80851850625	453	TWO
1946.80851850625	1947.4783872073854	33	ARTISTS
1947.4783872073854	1948.2142549208177	147	EXCHANGED
1948.2142549208177	1949.0470690367922	39	AUTOGRAPHS
1949.0470690367922	1960.3001875000002	99999	sp
1960.3001875000002	1960.978667013516	71	BUTTERSCOTCH
1960.978667013516	1961.675687913424	169	FUDGE
1961.675687913424	1962.0036816203315	186	GOES
1962.0036816203315	1962.256149603516	481	WELL
1962.256149603516	1962.6123277609126	487	WITH
1962.6123277609126	1963.0704552597253	463	VANILLA
1963.0704552597253	1963.404627215053	212	ICE
1963.404627215053	1963.7523277609127	112	CREAM
1963.7523277609127	1973.9776250000002	99999	sp
1973.9776250000002	1974.2770975881242	366	RICH
1974.2770975881242	1974.347696385154	99999	sp
1974.347696385154	1975.0296041832526	349	PURCHASED
1975.0296041832526	1975.6156919046052	374	SEVERAL
1975.6156919046052	1976.282992755327	382	SIGNED
1976.282992755327	1977.3838449653774	245	LITHOGRAPHS
1977.3838449653774	1987.5743750000001	99999	sp
1987.5743750000001	1987.8980500885891	24	ANY
1987.8980500885891	1989.0338581782682	105	CONTRIBUTIONS
1989.0338581782682	1989.166214951982	485	WILL
1989.166214951982	1989.3669643485407	47	BE
1989.3669643485407	1989.800992916403	195	GREATLY
1989.800992916403	1990.7762149519822	28	APPRECIATED
1990.7762149519822	2000.5926250000005	99999	sp
2000.5926250000005	2000.7422738993794	434	THE
2000.7422738993794	2001.4844979622078	111	CRANBERRY
2001.4844979622078	2001.986493918121	57	BOG
2001.986493918121	2002.2253564482473	178	GETS
2002.2253564482473	2002.5764020095578	465	VERY
2002.5764020095578	2002.6718342604884	99999	sp
2002.6718342604884	2003.0168014308178	340	PRETTY
2003.0168014308178	2003.204790185677	217	IN
2003.204790185677	2003.735356448247	40	AUTUMN
2003.735356448247	2013.2606875000001	99999	sp
2013.2606875000001	2013.5117486890954	210	HOW
2013.5117486890954	2013.7334202458312	128	DO
2013.7334202458312	2014.288952782313	318	OYSTERS
2014.288952782313	2014.510926302485	253	MAKE
2014.510926302485	2014.6327419697823	99999	sp
2014.6327419697823	2015.3334202458313	320	PEARLS
2015.3334202458313	2026.292	99999	sp
2026.292	2026.507349682473	257	MAY
2026.507349682473	2026.7076201382602	211	I
2026.7076201382602	2027.0729758112113	304	ORDER
2027.0729758112113	2027.3186872412214	1	A
2027.3186872412214	2028.0732546213583	319	PARFAIT
2028.0732546213583	2028.566355352015	10	AFTER
2028.566355352015	2028.7477467393253	211	I
2028.7477467393253	2029.046697914337	134	EAT
2029.046697914337	2029.4777467393253	124	DINNER
2029.4777467393253	2038.1798125	99999	sp
2038.1798125	2038.335416861065	224	IS
2038.335416861065	2038.6652076458074	375	SHE
2038.6652076458074	2039.0154168610648	187	GOING
2039.0154168610648	2039.2597229559042	487	WITH
2039.2597229559042	2039.5354168610647	495	YOU
2039.5354168610647	2050.6048125	99999	sp
2050.6048125	2050.8513435007817	76	CAN
2050.8513435007817	2050.9604887337923	434	THE
2050.9604887337923	2051.6881654623658	11	AGENCY
2051.6881654623658	2052.535987983738	315	OVERTHROW
2052.535987983738	2053.0455756684014	13	ALIEN
2053.0455756684014	2053.951343500781	162	FORCES
2053.951343500781	2064.7207197862194	99999	sp
2064.7207197862194	2064.7856875	1	A
2064.7856875	2065.5974802400956	371	SCREWDRIVER
2065.5974802400956	2065.7973436328593	224	IS
2065.7973436328593	2066.262390336198	252	MADE
2066.262390336198	2066.5356875	166	FROM
2066.5356875	2067.048661382333	469	VODKA
2067.048661382333	2067.183553756727	20	AND
2067.183553756727	2067.5756875	303	ORANGE
2067.5756875	2068.10005422664	230	JUICE
2068.10005422664	2077.9024375000004	99999	sp
2077.9024375000004	2078.144718807777	210	HOW
2078.144718807777	2078.4868924028824	269	MUCH
2078.4868924028824	2079.179501204522	16	ALLOWANCE
2079.179501204522	2079.274718807777	128	DO
2079.274718807777	2079.546798712892	495	YOU
2079.546798712892	2079.8447188077766	177	GET
2079.8447188077766	2089.7020624999996	99999	sp
2089.7020624999996	2090.513087635168	115	CYCLICAL
2090.513087635168	2091.1483518177015	346	PROGRAMS
2091.1483518177015	2091.2327333279845	485	WILL
2091.2327333279845	2091.6850217933156	281	NEVER
2091.6850217933156	2092.3909503445484	100	COMPILE
2092.3909503445484	2103.6344375	99999	sp
2103.6344375	2103.8039920101705	434	THE
2103.8039920101705	2104.3367908494265	61	BOSTON
2104.3367908494265	2104.931563153081	45	BALLET
2104.931563153081	2105.0035026583014	99999	sp
2105.0035026583014	2105.75629352419	312	OVERCAME
2105.75629352419	2105.8949384596976	435	THEIR
2105.8949384596976	2106.3684883217666	170	FUNDING
2106.3684883217666	2107.061411722925	380	SHORTAGE
2107.061411722925	2116.8466249999997	99999	sp
2116.8466249999997	2117.2803090799325	145	EVERY
2117.2803090799325	2117.6603243676377	74	CAB
2117.6603243676377	2118.0278059456023	280	NEEDS
2118.0278059456023	2118.8178607354707	364	REPAINTING
2118.8178607354707	2119.4844354022193	296	OFTEN
2119.4844354022193	2130.0555624999997	99999	sp
2130.0555624999997	2130.421896616874	203	HELP
2130.421896616874	2130.4885707677586	99999	sp
2130.4885707677586	2131.0448535505243	196	GREG
2131.0448535505243	2131.2962749665317	446	TO
2131.2962749665317	2131.648259127438	325	PICK
2131.648259127438	2131.831218926933	1	A
2131.831218926933	2132.137165295683	321	PECK
2132.137165295683	2132.2374027537053	294	OF
2132.2374027537053	2132.3133770318614	99999	sp
2132.3133770318614	2133.1982591274377	338	POTATOES
2133.1982591274377	2143.6743749999996	99999	sp
2143.6743749999996	2143.903567393665	476	WE
2143.903567393665	2144.2474163176425	241	LIKE
2144.2474163176425	2144.3252813980093	99999	sp
2144.3252813980093	2144.5647613340307	55	BLUE
2144.5647613340307	2145.0995732543333	88	CHEESE
2145.0995732543333	2145.2288800037	99999	sp
2145.2288800037	2145.4346900054175	70	BUT
2145.4346900054175	2145.847216727797	466	VICTOR
2145.847216727797	2146.230646427653	242	LIKES
2146.230646427653	2146.336642856409	99999	sp
2146.336642856409	2146.7831647169387	64	BRIE
2146.7831647169387	2157.9906874999997	99999	sp
2157.9906874999997	2158.343187251444	108	COUNT
2158.343187251444	2158.409126890263	434	THE
2158.409126890263	2158.9367408702633	289	NUMBER
2158.9367408702633	2159.1017843410154	294	OF
2159.1017843410154	2159.1772944256727	99999	sp
2159.1772944256727	2159.9784692425824	429	TEASPOONS
2159.9784692425824	2160.1006452521906	294	OF
2160.1006452521906	2160.8906452521906	395	SOYSAUCE
2160.8906452521906	2161.100290891705	433	THAT
2161.100290891705	2161.2606452521904	495	YOU
2161.2606452521904	2161.8006452521904	7	ADD
2161.8006452521904	2172.1838749999997	99999	sp
2172.1838749999997	2172.85064777097	44	BAGPIPES
2172.85064777097	2173.1120141783504	20	AND
2173.1120141783504	2173.7525024324523	59	BONGOS
2173.7525024324523	2173.882379445755	30	ARE
2173.882379445755	2174.4495014498516	273	MUSICAL
2174.4495014498516	2175.352732802934	220	INSTRUMENTS
2175.352732802934	2184.6411875	99999	sp
2184.6411875	2184.930729166202	210	HOW
2184.930729166202	2185.1687089874754	189	GOOD
2185.1687089874754	2185.4384165885267	224	IS
2185.4384165885267	2185.6957861161814	496	YOUR
2185.6957861161814	2186.6259846937887	138	ENDURANCE
2186.6259846937887	2208.0289375	99999	sp
2908.7588124999993	2908.918630666979	30	ARE
2908.918630666979	2909.2887721320894	496	YOUR
2909.2887721320894	2909.6914762408464	192	GRADES
2909.6914762408464	2910.222966784749	206	HIGHER
2910.222966784749	2910.4317734036645	302	OR
2910.4317734036645	2910.9276732883263	251	LOWER
2910.9276732883263	2911.048025605337	432	THAN
2911.048025605337	2911.8376086545304	275	NANCY'S
2911.8376086545304	2921.6147499999993	99999	sp
2921.6147499999993	2921.892509221169	375	SHE
2921.892509221169	2922.2920376019574	490	WORE
2922.2920376019574	2922.8602545137906	471	WARM
2922.8602545137906	2923.5424823635963	158	FLEECY
2923.5424823635963	2923.9073000910453	489	WOOLEN
2923.9073000910453	2924.6969534547143	311	OVERALLS
2924.6969534547143	2934.2179999999994	99999	sp
2934.2179999999994	2934.710205641597	354	READING
2934.710205641597	2934.9490539819053	217	IN
2934.9490539819053	2935.2750556739275	335	POOR
2935.2750556739275	2935.7159879739293	240	LIGHT
2935.7159879739293	2935.92176024888	99999	sp
2935.92176024888	2936.190146500205	181	GIVES
2936.190146500205	2936.3560071203387	495	YOU
2936.3560071203387	2937.1850556739273	150	EYESTRAIN
2937.1850556739273	2947.0519374999994	99999	sp
2947.0519374999994	2947.4125731416675	142	EVEN
2947.4125731416675	2947.7434790506786	211	I
2947.7434790506786	2948.5577050184106	293	OCCASIONALLY
2948.5577050184106	2948.7898974788086	177	GET
2948.7898974788086	2948.865989421218	434	THE
2948.865989421218	2949.380949086929	265	MONDAY
2949.380949086929	2950.015989421218	56	BLUES
2950.015989421218	2959.2137499999994	99999	sp
2959.2137499999994	2959.348368925114	476	WE
2959.348368925114	2959.5444992382595	30	ARE
2959.5444992382595	2960.103387195361	301	OPEN
2960.103387195361	2960.4710775097324	145	EVERY
2960.4710775097324	2960.9257726371648	265	MONDAY
2960.9257726371648	2961.531537474453	143	EVENING
2961.531537474453	2971.6358749999995	99999	sp
2971.6358749999995	2971.84885246148	226	IT'S
2971.84885246148	2972.1954916449126	285	NOT
2972.1954916449126	2972.6176090330623	133	EASY
2972.6176090330623	2972.843381903611	446	TO
2972.843381903611	2973.4527610966356	113	CREATE
2973.4527610966356	2974.3501152657686	215	ILLUMINATING
2974.3501152657686	2975.22885246148	146	EXAMPLES
2975.22885246148	2985.6432499999996	99999	sp
2985.6432499999996	2985.91686438775	270	MUM
2985.91686438775	2986.61646423679	407	STRONGLY
2986.61646423679	2987.209425499959	126	DISLIKES
2987.209425499959	2988.312901300825	27	APPETIZERS
2988.312901300825	2999.2294999999995	99999	sp
2999.2294999999995	2999.644322979265	443	THOSE
2999.644322979265	2999.8351807611784	484	WHO
2999.8351807611784	3000.267549934943	427	TEACH
3000.267549934943	3000.876726643581	462	VALUES
3000.876726643581	3001.3473155748843	156	FIRST
3001.3473155748843	3001.8959382635035	4	ABOLISH
3001.8959382635035	3001.998592225918	99999	sp
3001.998592225918	3002.6034964633996	87	CHEATING
3002.6034964633996	3013.7413749999996	99999	sp
3013.7413749999996	3013.8272004439855	434	THE
3013.8272004439855	3014.5763808003308	165	FRIGHTENED
3014.5763808003308	3015.098919285386	89	CHILD
3015.098919285386	3015.367334154322	472	WAS
3015.367334154322	3015.752076174283	176	GENTLY
3015.752076174283	3016.4712388876264	410	SUBDUED
3016.4712388876264	3016.6311021890824	73	BY
3016.6311021890824	3016.9390382286742	208	HIS
3016.9390382286742	3017.2441920043557	52	BIG
3017.2441920043557	3017.7820761742832	66	BROTHER
3017.7820761742832	3028.4020624999994	99999	sp
3028.4020624999994	3028.772961093198	142	EVEN
3028.772961093198	3028.813586902595	99999	sp
3028.813586902595	3028.9195216966245	1	A
3028.9195216966245	3029.3797019909307	383	SIMPLE
3029.3797019909307	3030.386814364313	468	VOCABULARY
3030.386814364313	3031.1391138174217	104	CONTAINS
3031.1391138174217	3031.8996627906395	422	SYMBOLS
3031.8996627906395	3042.5034999999993	99999	sp
3042.5034999999993	3042.6526279192617	1	A
3042.6526279192617	3043.106208022658	110	CRAB
3043.106208022658	3043.749094854995	85	CHALLENGED
3043.749094854995	3044.3269145714376	258	ME
3044.3269145714376	3044.404674589628	70	BUT
3044.404674589628	3044.5787954933926	1	A
3044.5787954933926	3044.9537810270867	350	QUICK
3044.9537810270867	3045.462966154225	402	STAB
3045.462966154225	3046.033467904948	464	VANQUISHED
3046.033467904948	3046.341017748322	207	HIM
3046.341017748322	3057.0435624999996	99999	sp
3057.0435624999996	3057.598614106398	183	GLUCOSE
3057.598614106398	3057.794979476967	20	AND
3057.794979476967	3058.5047819317715	167	FRUCTOSE
3058.5047819317715	3058.660224648221	30	ARE
3058.660224648221	3059.117179989803	276	NATURAL
3059.117179989803	3059.664513973903	414	SUGARS
3059.664513973903	3059.9645139739027	163	FOUND
3059.9645139739027	3060.1159895216424	217	IN
3060.1159895216424	3060.7145139739027	168	FRUIT
3060.7145139739027	3070.6103124999995	99999	sp
3070.6103124999995	3070.7772865016905	30	ARE
3070.7772865016905	3070.930113930273	495	YOU
3070.930113930273	3071.3804757796433	250	LOOKING
3071.3804757796433	3071.588391529586	161	FOR
3071.588391529586	3072.5872865016904	136	EMPLOYMENT
3072.5872865016904	3084.5979374999993	99999	sp
3084.5979374999993	3085.035780960427	98	COFFEE
3085.035780960427	3085.311136838786	224	IS
3085.311136838786	3085.7018872609515	198	GROWN
3085.7018872609515	3085.95850172604	297	ON
3085.95850172604	3086.4947539962886	404	STEEP
3086.4947539962886	3086.6296482477464	99999	sp
3086.6296482477464	3087.01850172604	231	JUNGLE
3087.01850172604	3087.31969680727	241	LIKE
3087.31969680727	3088.063591550082	390	SLOPES
3088.063591550082	3088.29179744927	217	IN
3088.29179744927	3088.7993076966677	431	TEMPERATE
3088.7993076966677	3089.5885017260402	497	ZONES
3089.5885017260402	3099.4397499999995	99999	sp
3099.4397499999995	3099.613827599652	476	WE
3099.613827599652	3100.0151275465705	480	WELCOME
3100.0151275465705	3100.3864137284636	256	MANY
3100.3864137284636	3100.650257394257	282	NEW
3100.650257394257	3101.2164713503707	408	STUDENTS
3101.2164713503707	3101.5264223961253	132	EACH
3101.5264223961253	3101.8947280922253	491	YEAR
3101.8947280922253	3113.3507499999996	99999	sp
3113.3507499999996	3113.7042155584118	298	ONLY
3113.7042155584118	3113.9301671192084	434	THE
3113.9301671192084	3114.3108335473476	51	BEST
3114.3108335473476	3114.785282501837	330	PLAYERS
3114.785282501837	3115.2827979578815	139	ENJOY
3115.2827979578815	3115.3243038814066	99999	sp
3115.3243038814066	3116.294215558412	336	POPULARITY
3116.294215558412	3126.4278124999996	99999	sp
3126.4278124999996	3127.174924089816	75	CALCIUM
3127.174924089816	3127.532664667971	254	MAKES
3127.532664667971	3128.0175702862275	58	BONES
3128.0175702862275	3128.399670703529	20	AND
3128.399670703529	3128.678199603515	430	TEETH
3128.678199603515	3129.3747752027507	406	STRONG
3129.3747752027507	3139.353249999999	99999	sp
3139.353249999999	3139.781457577798	286	NOTHING
3139.781457577798	3140.0339032951733	224	IS
3140.0339032951733	3140.316338209323	34	AS
3140.316338209323	3141.012185294324	295	OFFENSIVE
3141.012185294324	3141.2511092479476	34	AS
3141.2511092479476	3142.026338209323	219	INNOCENCE
3142.026338209323	3152.7677499999995	99999	sp
3152.7677499999995	3153.4829325007568	405	STEVE
3153.4829325007568	3153.7693699820848	490	WORE
3153.7693699820848	3153.896249763802	1	A
3153.896249763802	3154.3631896435604	65	BRIGHT
3154.3631896435604	3154.883381782499	356	RED
3154.883381782499	3155.453106325864	78	CASHMERE
3155.453106325864	3156.0166643796993	420	SWEATER
3156.0166643796993	3166.8860624999993	99999	sp
3166.8860624999993	3167.4015314473213	46	BARB'S
3167.4015314473213	3167.756952944737	188	GOLD
3167.756952944737	3168.424479858119	63	BRACELET
3168.424479858119	3168.6056242705117	472	WAS
3168.6056242705117	3168.735405858646	1	A
3168.735405858646	3169.4775936440064	193	GRADUATION
3169.4775936440064	3169.8908015188936	339	PRESENT
3169.8908015188936	3180.7454999999995	99999	sp
3180.7454999999995	3181.008982781662	130	DRAW
3181.008982781662	3181.0397224395224	99999	sp
3181.0397224395224	3181.4311903839716	145	EVERY
3181.4311903839716	3181.7834058964704	308	OUTER
3181.7834058964704	3182.129133301033	244	LINE
3182.129133301033	3182.7140914864685	156	FIRST
3182.7140914864685	3182.9577174244364	99999	sp
3182.9577174244364	3183.2026140309395	436	THEN
3183.2026140309395	3183.49730608797	154	FILL
3183.49730608797	3183.7411903839716	217	IN
3183.7411903839716	3183.902850193112	434	THE
3183.902850193112	3184.7211903839716	222	INTERIOR
3184.7211903839716	3196.1313749999995	99999	sp
3196.1313749999995	3196.2096987222435	434	THE
3196.2096987222435	3196.654236836918	475	WATER
3196.654236836918	3197.3540913334778	103	CONTAINED
3197.3540913334778	3197.4376584202464	99999	sp
3197.4376584202464	3197.6487827344595	448	TOO
3197.6487827344595	3198.003256481492	269	MUCH
3198.003256481492	3198.583219054664	90	CHLORINE
3198.583219054664	3198.754554767813	20	AND
3198.754554767813	3199.11801917825	409	STUNG
3199.11801917825	3199.3651753629765	208	HIS
3199.3651753629765	3199.931363427265	149	EYES
3199.931363427265	3210.7926874999994	99999	sp
3210.7926874999994	3211.3251260389634	229	JOHN'S
3211.3251260389634	3211.7580398665214	66	BROTHER
3211.7580398665214	3212.653095329398	363	REPAINTED
3212.653095329398	3212.7767871781416	434	THE
3212.7767871781416	3213.3419981251977	173	GARAGE
3213.3419981251977	3213.691577867075	129	DOOR
3213.691577867075	3224.4364374999996	99999	sp
3224.4364374999996	3224.996209259601	84	CHALLENGE
3224.996209259601	3225.4997327213423	132	EACH
3225.4997327213423	3226.1027702824963	175	GENERAL'S
3226.1027702824963	3227.1627702824962	221	INTELLIGENCE
3227.1627702824962	3237.8146249999995	99999	sp
3237.8146249999995	3238.681833727267	17	AMBIDEXTROUS
3238.681833727267	3239.4819904317415	327	PICKPOCKETS
3239.4819904317415	3240.2217336312324	6	ACCOMPLISH
3240.2217336312324	3240.621719348951	267	MORE
3240.621719348951	3250.5378749999995	99999	sp
3250.5378749999995	3250.621710264379	1	A
3250.621710264379	3251.37473468053	271	MUSCULAR
3251.37473468053	3252.0743794669647	2	ABDOMEN
3252.0743794669647	3252.303872488019	224	IS
3252.303872488019	3252.4627616072585	189	GOOD
3252.4627616072585	3252.695732464304	161	FOR
3252.695732464304	3252.9199019140397	496	YOUR
3252.9199019140397	3253.325732464304	43	BACK
3253.325732464304	3263.4313124999994	99999	sp
3263.4313124999994	3263.6160248056754	438	THEY
3263.6160248056754	3263.6562395463056	99999	sp
3263.6562395463056	3263.9080233539275	317	OWN
3263.9080233539275	3264.1671533098993	1	A
3264.1671533098993	3264.386274091902	52	BIG
3264.386274091902	3264.9632881554967	209	HOUSE
3264.9632881554967	3265.1360248056753	217	IN
3265.1360248056753	3265.2531920776382	434	THE
3265.2531920776382	3265.6886765079703	361	REMOTE
3265.6886765079703	3265.8488687509403	99999	sp
3265.8488687509403	3266.756024805675	109	COUNTRYSIDE
3266.756024805675	3276.4926249999994	99999	sp
3276.4926249999994	3276.6311395076054	434	THE
3276.6311395076054	3277.0488473196056	369	ROSE
3277.0488473196056	3277.8321968659952	106	CORSAGE
3277.8321968659952	3278.3163498131034	393	SMELLED
3278.3163498131034	3278.9263498131036	421	SWEET
3278.9263498131036	3288.8536874999995	99999	sp
3288.8536874999995	3289.157770129979	433	THAT
3289.157770129979	3289.9333485991106	326	PICKPOCKET
3289.9333485991106	3290.0458916365405	99999	sp
3290.0458916365405	3290.26989556681	472	WAS
3290.26989556681	3290.6114687000404	80	CAUGHT
3290.6114687000404	3290.845211931626	356	RED
3290.845211931626	3291.457306074636	199	HANDED
3291.457306074636	3303.2683749999997	99999	sp
3303.2683749999997	3303.4112180859684	19	AN
3303.4112180859684	3304.062444173322	9	ADULT
3304.062444173322	3304.473993465808	255	MALE
3304.473993465808	3305.143725403001	42	BABOON'S
3305.143725403001	3305.212982656804	99999	sp
3305.212982656804	3305.6537501338494	430	TEETH
3305.6537501338494	3305.7840646894065	30	ARE
3305.7840646894065	3306.1509117056453	285	NOT
3306.1509117056453	3306.88740225943	415	SUITABLE
3306.88740225943	3307.1448948897932	161	FOR
3307.1448948897932	3307.4608811102703	135	EATING
3307.4608811102703	3308.2937501338492	376	SHELLFISH
3308.2937501338492	3319.2734374999995	99999	sp
3319.2734374999995	3319.4979131062673	204	HER
3319.4979131062673	3320.058971125987	470	WARDROBE
3320.058971125987	3320.7641044858415	102	CONSISTS
3320.7641044858415	3321.0127030924446	294	OF
3321.0127030924446	3321.385273296814	298	ONLY
3321.385273296814	3321.923106570532	385	SKIRTS
3321.923106570532	3322.1280569849555	20	AND
3322.1280569849555	3322.867913106267	54	BLOUSES
3322.867913106267	3332.8129999999996	99999	sp
3332.8129999999996	3332.9913613821286	434	THE
3332.9913613821286	3333.3438551699846	453	TWO
3333.3438551699846	3334.0135816505262	33	ARTISTS
3334.0135816505262	3334.801449502344	147	EXCHANGED
3334.801449502344	3335.601449502344	39	AUTOGRAPHS
3335.601449502344	3346.8674999999994	99999	sp
3346.8674999999994	3347.5236601763604	71	BUTTERSCOTCH
3347.5236601763604	3348.0454484474294	169	FUDGE
3348.0454484474294	3348.370694741478	186	GOES
3348.370694741478	3348.6212199930133	481	WELL
3348.6212199930133	3348.9101097974503	487	WITH
3348.9101097974503	3349.304927423731	463	VANILLA
3349.304927423731	3349.6386779411623	212	ICE
3349.6386779411623	3349.996319115807	112	CREAM
3349.996319115807	3361.0386249999992	99999	sp
3361.0386249999992	3361.45575953143	366	RICH
3361.45575953143	3361.5368982483187	99999	sp
3361.5368982483187	3362.1367666043043	349	PURCHASED
3362.1367666043043	3362.658522054179	374	SEVERAL
3362.658522054179	3363.2745059655063	382	SIGNED
3363.2745059655063	3364.301654236261	245	LITHOGRAPHS
3364.301654236261	3374.032937499999	99999	sp
3374.032937499999	3374.3931659177715	24	ANY
3374.3931659177715	3375.369573572149	105	CONTRIBUTIONS
3375.369573572149	3375.562971996914	485	WILL
3375.562971996914	3375.7346982481904	47	BE
3375.7346982481904	3376.139743380296	195	GREATLY
3376.139743380296	3377.129573572149	28	APPRECIATED
3377.129573572149	3386.4739999999993	99999	sp
3386.4739999999993	3386.6345747112828	434	THE
3386.6345747112828	3387.2668417436576	111	CRANBERRY
3387.2668417436576	3387.7292945068684	57	BOG
3387.7292945068684	3387.9846373212204	178	GETS
3387.9846373212204	3388.3156178891313	465	VERY
3388.3156178891313	3388.4148048443913	99999	sp
3388.4148048443913	3388.8029711894874	340	PRETTY
3388.8029711894874	3388.9511708600894	217	IN
3388.9511708600894	3389.42463732122	40	AUTUMN
3389.42463732122	3398.6075624999994	99999	sp
3398.6075624999994	3398.8730252636346	210	HOW
3398.8730252636346	3399.081815915008	128	DO
3399.081815915008	3399.6473993352743	318	OYSTERS
3399.6473993352743	3399.907789114294	253	MAKE
3399.907789114294	3400.0070927693314	99999	sp
3400.0070927693314	3400.691815915008	320	PEARLS
3400.691815915008	3411.4181874999995	99999	sp
3411.4181874999995	3411.6008135635116	257	MAY
3411.6008135635116	3411.7707134872085	211	I
3411.7707134872085	3412.17384125419	304	ORDER
3412.17384125419	3412.409507412299	1	A
3412.409507412299	3413.031775022442	319	PARFAIT
3413.031775022442	3413.5111684391613	10	AFTER
3413.5111684391613	3413.7007134872088	211	I
3413.7007134872088	3413.9169271141377	134	EAT
3413.9169271141377	3414.2807134872087	124	DINNER
3414.2807134872087	3423.2471874999997	99999	sp
3423.2471874999997	3423.361760681174	224	IS
3423.361760681174	3423.62353384346	375	SHE
3423.62353384346	3423.9369366797214	187	GOING
3423.9369366797214	3424.1786318434015	487	WITH
3424.1786318434015	3424.4422025572294	495	YOU
3424.4422025572294	3436.2373749999992	99999	sp
3436.2373749999992	3436.5126469701304	76	CAN
3436.5126469701304	3436.628764809845	434	THE
3436.628764809845	3437.331764929325	11	AGENCY
3437.331764929325	3437.451439233672	99999	sp
3437.451439233672	3438.227885528547	315	OVERTHROW
3438.227885528547	3438.3403048669347	99999	sp
3438.3403048669347	3438.8158706359313	13	ALIEN
3438.8158706359313	3439.6187648098453	162	FORCES
3439.6187648098453	3450.3247389548496	99999	sp
3450.3247389548496	3451.0643892807375	371	SCREWDRIVER
3451.0643892807375	3451.339594292267	224	IS
3451.339594292267	3451.71473895485	252	MADE
3451.71473895485	3452.025005175702	166	FROM
3452.025005175702	3452.45495437906	469	VODKA
3452.45495437906	3452.62473895485	20	AND
3452.62473895485	3453.0444275491964	303	ORANGE
3453.0444275491964	3453.5247389548495	230	JUICE
3453.5247389548495	3462.6544374999994	99999	sp
3462.6544374999994	3462.8500697493228	210	HOW
3462.8500697493228	3463.1715178119557	269	MUCH
3463.1715178119557	3463.811817741913	16	ALLOWANCE
3463.811817741913	3463.935940378705	128	DO
3463.935940378705	3464.1422445403346	495	YOU
3464.1422445403346	3464.385940378705	177	GET
3464.385940378705	3474.7720624999993	99999	sp
3474.7720624999993	3475.478249710049	115	CYCLICAL
3475.478249710049	3476.131586630678	346	PROGRAMS
3476.131586630678	3476.2684484400966	485	WILL
3476.2684484400966	3476.647738821942	281	NEVER
3476.647738821942	3477.3075784897583	100	COMPILE
3477.3075784897583	3487.5629374999994	99999	sp
3487.5629374999994	3487.7487109621125	434	THE
3487.7487109621125	3488.291569451372	61	BOSTON
3488.291569451372	3488.9311465562587	45	BALLET
3488.9311465562587	3489.1396630537774	99999	sp
3489.1396630537774	3489.8441180402874	312	OVERCAME
3489.8441180402874	3489.9935238565126	435	THEIR
3489.9935238565126	3490.4508840119374	170	FUNDING
3490.4508840119374	3491.1611465562587	380	SHORTAGE
3491.1611465562587	3500.6135624999993	99999	sp
3500.6135624999993	3500.941748685654	145	EVERY
3500.941748685654	3501.005424454069	99999	sp
3501.005424454069	3501.402836317849	74	CAB
3501.402836317849	3501.738313488291	280	NEEDS
3501.738313488291	3501.817646411503	99999	sp
3501.817646411503	3502.5528115427333	364	REPAINTING
3502.5528115427333	3503.2762215344487	296	OFTEN
3503.2762215344487	3513.7563124999992	99999	sp
3513.7563124999992	3514.1347694882534	203	HELP
3514.1347694882534	3514.696961179486	196	GREG
3514.696961179486	3514.895293487517	446	TO
3514.895293487517	3515.206928658184	325	PICK
3515.206928658184	3515.4008535815924	1	A
3515.4008535815924	3515.7754812745393	321	PECK
3515.7754812745393	3515.9583877363903	294	OF
3515.9583877363903	3516.773133280451	338	POTATOES
3516.773133280451	3528.1329999999994	99999	sp
3528.1329999999994	3528.3259471074807	476	WE
3528.3259471074807	3528.6148820630524	241	LIKE
3528.6148820630524	3528.714048217068	99999	sp
3528.714048217068	3528.9520469867048	55	BLUE
3528.9520469867048	3529.6089819424174	88	CHEESE
3529.6089819424174	3529.785277327334	70	BUT
3529.785277327334	3530.248052712739	466	VICTOR
3530.248052712739	3530.659697914027	242	LIKES
3530.659697914027	3530.7566603757314	99999	sp
3530.7566603757314	3531.1559471074806	64	BRIE
3531.1559471074806	3542.670937499999	99999	sp
3542.670937499999	3542.9588832244813	108	COUNT
3542.9588832244813	3543.0316050707593	434	THE
3543.0316050707593	3543.5121273181057	289	NUMBER
3543.5121273181057	3543.7104596261365	294	OF
3543.7104596261365	3543.7539058025236	99999	sp
3543.7539058025236	3544.4764073833126	429	TEASPOONS
3544.4764073833126	3544.5976104604424	294	OF
3544.5976104604424	3545.3444981852736	395	SOYSAUCE
3545.3444981852736	3545.600126493402	433	THAT
3545.600126493402	3545.7598708633313	495	YOU
3545.7598708633313	3546.1478902887993	7	ADD
3546.1478902887993	3557.0850624999994	99999	sp
3557.0850624999994	3557.712387713744	44	BAGPIPES
3557.712387713744	3557.9902028318525	20	AND
3557.9902028318525	3558.611878710582	59	BONGOS
3558.611878710582	3558.733081787712	30	ARE
3558.733081787712	3559.3451155092166	273	MUSICAL
3559.3451155092166	3560.1751155092165	220	INSTRUMENTS
3560.1751155092165	3570.755812499999	99999	sp
3570.755812499999	3571.062125731291	210	HOW
3571.062125731291	3571.3608061833115	189	GOOD
3571.3608061833115	3571.6537937942653	224	IS
3571.6537937942653	3571.9008061833115	496	YOUR
3571.9008061833115	3572.713207363385	138	ENDURANCE
3572.713207363385	3598.2654999999995	99999	sp
