715.572	715.603	99999	sp
715.603	715.802	30	ARE
715.802	716.029	496	YOUR
716.029	716.431	192	GRADES
716.431	717.031	206	HIGHER
717.031	717.108	99999	sp
717.108	717.272	302	OR
717.272	717.644	251	LOWER
717.644	717.831	432	THAN
717.831	718.591	275	NANCY'S
718.591	731.4010000000001	99999	sp
731.4010000000001	731.422	99999	sp
731.422	731.865	375	SHE
731.865	732.212	490	WORE
732.212	732.894	471	WARM
732.894	733.7570000000001	158	FLEECY
733.7570000000001	733.925	99999	sp
733.925	734.37	489	WOOLEN
734.37	735.292	311	OVERALLS
735.292	745.262	99999	sp
745.262	745.667	354	READING
745.667	745.863	217	IN
745.863	746.111	335	POOR
746.111	746.681	240	LIGHT
746.681	746.825	99999	sp
746.825	747.23	181	GIVES
747.23	747.4010000000001	495	YOU
747.4010000000001	748.4010000000001	150	EYESTRAIN
748.4010000000001	758.822	99999	sp
758.822	758.835	99999	sp
758.835	759.169	142	EVEN
759.169	759.392	211	I
759.392	760.072	293	OCCASIONALLY
760.072	760.242	177	GET
760.242	760.312	99999	sp
760.312	760.3820000000001	434	THE
760.3820000000001	760.822	265	MONDAY
760.822	761.6320000000001	56	BLUES
761.6320000000001	772.2719999999999	99999	sp
772.2719999999999	772.298	99999	sp
772.298	772.392	476	WE
772.392	772.568	30	ARE
772.568	772.912	301	OPEN
772.912	773.248	145	EVERY
773.248	773.6220000000001	265	MONDAY
773.6220000000001	774.282	143	EVENING
774.282	784.762	99999	sp
784.762	784.788	99999	sp
784.788	784.9970000000001	226	IT'S
784.9970000000001	785.222	285	NOT
785.222	785.636	133	EASY
785.636	785.79	446	TO
785.79	786.312	113	CREATE
786.312	787.072	215	ILLUMINATING
787.072	787.906	146	EXAMPLES
787.906	799.1220000000001	99999	sp
799.1220000000001	799.148	99999	sp
799.148	799.512	270	MUM
799.512	800.08	407	STRONGLY
800.08	800.731	126	DISLIKES
800.731	801.702	27	APPETIZERS
801.702	812.082	99999	sp
812.082	812.1	99999	sp
812.1	812.491	443	THOSE
812.491	812.611	484	WHO
812.611	812.952	427	TEACH
812.952	813.722	462	VALUES
813.722	814.138	156	FIRST
814.138	814.752	4	ABOLISH
814.752	815.352	87	CHEATING
815.352	824.482	99999	sp
824.482	824.508	99999	sp
824.508	824.592	434	THE
824.592	825.125	165	FRIGHTENED
825.125	825.662	89	CHILD
825.662	826.068	472	WAS
826.068	826.5219999999999	176	GENTLY
826.5219999999999	827.35	410	SUBDUED
827.35	827.523	99999	sp
827.523	827.722	73	BY
827.722	828.029	208	HIS
828.029	828.242	52	BIG
828.242	828.36	99999	sp
828.36	828.77	66	BROTHER
828.77	839.592	99999	sp
839.592	839.61	99999	sp
839.61	839.975	142	EVEN
839.975	840.038	1	A
840.038	840.512	383	SIMPLE
840.512	841.4300000000001	468	VOCABULARY
841.4300000000001	842.0219999999999	104	CONTAINS
842.0219999999999	842.8720000000001	422	SYMBOLS
842.8720000000001	852.672	99999	sp
852.672	852.809	1	A
852.809	853.171	110	CRAB
853.171	853.6510000000001	85	CHALLENGED
853.6510000000001	854.002	258	ME
854.002	854.3620000000001	99999	sp
854.3620000000001	854.462	70	BUT
854.462	854.5830000000001	1	A
854.5830000000001	854.802	350	QUICK
854.802	855.262	402	STAB
855.262	855.781	464	VANQUISHED
855.781	856.002	207	HIM
856.002	865.735	99999	sp
865.735	866.2570000000001	183	GLUCOSE
866.2570000000001	866.392	20	AND
866.392	867.22	167	FRUCTOSE
867.22	867.3820000000001	30	ARE
867.3820000000001	867.8620000000001	276	NATURAL
867.8620000000001	868.512	414	SUGARS
868.512	869.0889999999999	163	FOUND
869.0889999999999	869.238	217	IN
869.238	869.832	168	FRUIT
869.832	880.153	99999	sp
880.153	880.2760000000001	30	ARE
880.2760000000001	880.422	495	YOU
880.422	880.7280000000001	250	LOOKING
880.7280000000001	880.952	161	FOR
880.952	881.692	136	EMPLOYMENT
881.692	893.2570000000001	99999	sp
893.2570000000001	893.672	98	COFFEE
893.672	893.8720000000001	224	IS
893.8720000000001	894.197	198	GROWN
894.197	894.396	297	ON
894.396	894.892	404	STEEP
894.892	895.2909999999999	99999	sp
895.2909999999999	895.742	231	JUNGLE
895.742	896.0360000000001	241	LIKE
896.0360000000001	896.7719999999999	390	SLOPES
896.7719999999999	896.841	99999	sp
896.841	897.127	217	IN
897.127	897.587	431	TEMPERATE
897.587	898.298	497	ZONES
898.298	908.392	99999	sp
908.392	908.418	99999	sp
908.418	908.5409999999999	476	WE
908.5409999999999	908.971	480	WELCOME
908.971	909.2719999999999	256	MANY
909.2719999999999	909.4639999999999	282	NEW
909.4639999999999	910.062	408	STUDENTS
910.062	910.3820000000001	132	EACH
910.3820000000001	910.742	491	YEAR
910.742	921.767	99999	sp
921.767	922.038	298	ONLY
922.038	922.196	434	THE
922.196	922.502	51	BEST
922.502	922.998	330	PLAYERS
922.998	923.337	139	ENJOY
923.337	924.091	336	POPULARITY
924.091	935.4110000000001	99999	sp
935.4110000000001	935.44	99999	sp
935.44	935.952	75	CALCIUM
935.952	936.341	254	MAKES
936.341	936.88	58	BONES
936.88	937.038	20	AND
937.038	937.346	430	TEETH
937.346	938.052	406	STRONG
938.052	952.012	99999	sp
952.012	952.6120000000001	286	NOTHING
952.6120000000001	952.7280000000001	224	IS
952.7280000000001	953.0350000000001	88888	OFE
953.0350000000001	953.1610000000001	99999	sp
953.1610000000001	953.3820000000001	34	AS
953.3820000000001	954.0409999999999	295	OFFENSIVE
954.0409999999999	954.146	99999	sp
954.146	954.332	34	AS
954.332	955.031	219	INNOCENCE
955.031	969.812	99999	sp
969.812	969.837	99999	sp
969.837	970.3389999999999	405	STEVE
970.3389999999999	970.649	490	WORE
970.649	970.75	1	A
970.75	971.0930000000001	65	BRIGHT
971.0930000000001	971.425	356	RED
971.425	971.596	99999	sp
971.596	972.108	78	CASHMERE
972.108	972.591	420	SWEATER
972.591	981.1220000000001	99999	sp
981.1220000000001	981.154	99999	sp
981.154	981.627	46	BARB'S
981.627	981.998	188	GOLD
981.998	982.725	63	BRACELET
982.725	982.98	99999	sp
982.98	983.242	472	WAS
983.242	983.296	1	A
983.296	984.1700000000001	193	GRADUATION
984.1700000000001	984.712	339	PRESENT
984.712	996.591	99999	sp
996.591	996.61	99999	sp
996.61	996.961	130	DRAW
996.961	997.392	145	EVERY
997.392	997.6510000000001	308	OUTER
997.6510000000001	997.969	244	LINE
997.969	998.6610000000001	156	FIRST
998.6610000000001	998.9739999999999	99999	sp
998.9739999999999	999.212	436	THEN
999.212	999.601	154	FILL
999.601	999.832	217	IN
999.832	999.971	434	THE
999.971	1000.712	222	INTERIOR
1000.712	1011.6610000000001	99999	sp
1011.6610000000001	1011.723	99999	sp
1011.723	1011.7950000000001	434	THE
1011.7950000000001	1012.1610000000001	475	WATER
1012.1610000000001	1012.7719999999999	103	CONTAINED
1012.7719999999999	1012.861	99999	sp
1012.861	1013.1610000000001	448	TOO
1013.1610000000001	1013.442	269	MUCH
1013.442	1014.144	90	CHLORINE
1014.144	1014.3340000000001	20	AND
1014.3340000000001	1014.851	409	STUNG
1014.851	1015.1510000000001	208	HIS
1015.1510000000001	1015.762	149	EYES
1015.762	1026.5819999999999	99999	sp
1026.5819999999999	1027.123	229	JOHN'S
1027.123	1027.635	66	BROTHER
1027.635	1027.702	99999	sp
1027.702	1028.432	363	REPAINTED
1028.432	1028.536	434	THE
1028.536	1029.1109999999999	173	GARAGE
1029.1109999999999	1029.531	129	DOOR
1029.531	1040.702	99999	sp
1040.702	1040.723	99999	sp
1040.723	1041.3020000000001	84	CHALLENGE
1041.3020000000001	1041.632	132	EACH
1041.632	1042.421	175	GENERAL'S
1042.421	1043.392	221	INTELLIGENCE
1043.392	1053.721	99999	sp
1053.721	1053.748	99999	sp
1053.748	1054.651	17	AMBIDEXTROUS
1054.651	1055.605	327	PICKPOCKETS
1055.605	1055.642	99999	sp
1055.642	1056.212	6	ACCOMPLISH
1056.212	1056.651	267	MORE
1056.651	1069.182	99999	sp
1069.182	1069.202	99999	sp
1069.202	1069.291	1	A
1069.291	1069.863	271	MUSCULAR
1069.863	1070.5720000000001	2	ABDOMEN
1070.5720000000001	1070.776	99999	sp
1070.776	1071.019	224	IS
1071.019	1071.202	189	GOOD
1071.202	1071.392	161	FOR
1071.392	1071.584	496	YOUR
1071.584	1072.022	43	BACK
1072.022	1081.892	99999	sp
1081.892	1081.9180000000001	99999	sp
1081.9180000000001	1082.134	438	THEY
1082.134	1082.339	317	OWN
1082.339	1082.519	1	A
1082.519	1082.733	52	BIG
1082.733	1083.379	209	HOUSE
1083.379	1083.482	99999	sp
1083.482	1083.6390000000001	217	IN
1083.6390000000001	1083.712	434	THE
1083.712	1084.216	361	REMOTE
1084.216	1085.132	109	COUNTRYSIDE
1085.132	1098.041	99999	sp
1098.041	1098.0810000000001	99999	sp
1098.0810000000001	1098.172	434	THE
1098.172	1098.692	369	ROSE
1098.692	1099.452	106	CORSAGE
1099.452	1099.904	393	SMELLED
1099.904	1100.632	421	SWEET
1100.632	1110.5520000000001	99999	sp
1110.5520000000001	1110.567	99999	sp
1110.567	1110.873	433	THAT
1110.873	1111.6660000000002	326	PICKPOCKET
1111.6660000000002	1111.894	472	WAS
1111.894	1112.261	80	CAUGHT
1112.261	1112.578	356	RED
1112.578	1113.202	199	HANDED
1113.202	1124.292	99999	sp
1124.292	1124.462	19	AN
1124.462	1124.855	9	ADULT
1124.855	1125.1970000000001	255	MALE
1125.1970000000001	1125.8899999999999	42	BABOON'S
1125.8899999999999	1126.359	430	TEETH
1126.359	1126.501	30	ARE
1126.501	1126.732	285	NOT
1126.732	1127.351	415	SUITABLE
1127.351	1127.642	161	FOR
1127.642	1127.962	135	EATING
1127.962	1128.741	376	SHELLFISH
1128.741	1139.042	99999	sp
1139.042	1139.212	204	HER
1139.212	1139.871	470	WARDROBE
1139.871	1140.703	102	CONSISTS
1140.703	1140.8600000000001	294	OF
1140.8600000000001	1141.212	298	ONLY
1141.212	1142.008	385	SKIRTS
1142.008	1142.214	20	AND
1142.214	1142.942	54	BLOUSES
1142.942	1153.216	99999	sp
1153.216	1153.351	434	THE
1153.351	1153.621	453	TWO
1153.621	1154.3809999999999	33	ARTISTS
1154.3809999999999	1155.149	147	EXCHANGED
1155.149	1156.0320000000002	39	AUTOGRAPHS
1156.0320000000002	1167.192	99999	sp
1167.192	1167.221	99999	sp
1167.221	1167.95	71	BUTTERSCOTCH
1167.95	1168.5140000000001	169	FUDGE
1168.5140000000001	1168.605	99999	sp
1168.605	1168.962	186	GOES
1168.962	1169.443	481	WELL
1169.443	1169.662	487	WITH
1169.662	1170.143	463	VANILLA
1170.143	1170.49	212	ICE
1170.49	1170.981	112	CREAM
1170.981	1181.6970000000001	99999	sp
1181.6970000000001	1182.059	99999	{NS}
1182.059	1182.446	99999	sp
1182.446	1182.842	366	RICH
1182.842	1183.3220000000001	349	PURCHASED
1183.3220000000001	1183.923	374	SEVERAL
1183.923	1184.371	382	SIGNED
1184.371	1185.3319999999999	245	LITHOGRAPHS
1185.3319999999999	1190.0	99999	sp
1190.0	1196.338	99999	sp
1196.338	1196.622	24	ANY
1196.622	1197.612	105	CONTRIBUTIONS
1197.612	1197.742	485	WILL
1197.742	1197.862	47	BE
1197.862	1198.297	195	GREATLY
1198.297	1199.09	28	APPRECIATED
1199.09	1208.87	99999	sp
1208.87	1208.988	434	THE
1208.988	1209.681	111	CRANBERRY
1209.681	1210.253	57	BOG
1210.253	1210.542	178	GETS
1210.542	1210.872	465	VERY
1210.872	1211.422	340	PRETTY
1211.422	1211.588	217	IN
1211.588	1212.082	40	AUTUMN
1212.082	1221.822	99999	sp
1221.822	1222.031	210	HOW
1222.031	1222.221	128	DO
1222.221	1222.983	318	OYSTERS
1222.983	1223.252	253	MAKE
1223.252	1223.901	320	PEARLS
1223.901	1233.861	99999	sp
1233.861	1234.107	257	MAY
1234.107	1234.281	211	I
1234.281	1234.724	304	ORDER
1234.724	1234.881	1	A
1234.881	1235.734	319	PARFAIT
1235.734	1236.198	10	AFTER
1236.198	1236.392	211	I
1236.392	1236.673	134	EAT
1236.673	1237.0720000000001	124	DINNER
1237.0720000000001	1247.002	99999	sp
1247.002	1247.036	99999	sp
1247.036	1247.201	224	IS
1247.201	1247.484	375	SHE
1247.484	1247.911	187	GOING
1247.911	1248.16	487	WITH
1248.16	1248.531	495	YOU
1248.531	1260.2930000000001	99999	sp
1260.2930000000001	1260.651	76	CAN
1260.651	1260.861	434	THE
1260.861	1261.596	11	AGENCY
1261.596	1262.284	315	OVERTHROW
1262.284	1262.802	13	ALIEN
1262.802	1263.541	162	FORCES
1263.541	1274.382	99999	sp
1274.382	1274.397	99999	sp
1274.397	1274.495	1	A
1274.495	1275.535	371	SCREWDRIVER
1275.535	1275.791	224	IS
1275.791	1276.121	252	MADE
1276.121	1276.421	166	FROM
1276.421	1277.1970000000001	469	VODKA
1277.1970000000001	1277.373	20	AND
1277.373	1277.825	303	ORANGE
1277.825	1278.421	230	JUICE
1278.421	1289.394	99999	sp
1289.394	1289.623	210	HOW
1289.623	1289.861	269	MUCH
1289.861	1290.681	16	ALLOWANCE
1290.681	1290.751	128	DO
1290.751	1290.971	495	YOU
1290.971	1291.552	177	GET
1291.552	1302.77	99999	sp
1302.77	1303.361	88888	CYC
1303.361	1304.228	99999	sp
1304.228	1305.221	115	CYCLICAL
1305.221	1305.992	346	PROGRAMS
1305.992	1306.141	485	WILL
1306.141	1306.462	281	NEVER
1306.462	1307.171	100	COMPILE
1307.171	1319.309	99999	sp
1319.309	1319.401	434	THE
1319.401	1319.937	61	BOSTON
1319.937	1320.501	45	BALLET
1320.501	1321.202	312	OVERCAME
1321.202	1321.342	435	THEIR
1321.342	1321.812	170	FUNDING
1321.812	1322.556	380	SHORTAGE
1322.556	1333.512	99999	sp
1333.512	1333.537	99999	sp
1333.537	1333.885	145	EVERY
1333.885	1334.252	74	CAB
1334.252	1334.754	280	NEEDS
1334.754	1335.377	364	REPAINTING
1335.377	1336.052	296	OFTEN
1336.052	1346.556	99999	sp
1346.556	1346.87	203	HELP
1346.87	1346.907	99999	sp
1346.907	1347.297	196	GREG
1347.297	1347.472	446	TO
1347.472	1347.972	325	PICK
1347.972	1348.122	1	A
1348.122	1348.642	321	PECK
1348.642	1348.852	294	OF
1348.852	1349.762	338	POTATOES
1349.762	1360.562	99999	sp
1360.562	1360.792	476	WE
1360.792	1361.163	241	LIKE
1361.163	1361.392	55	BLUE
1361.392	1362.112	88	CHEESE
1362.112	1362.244	99999	sp
1362.244	1362.442	70	BUT
1362.442	1363.123	466	VICTOR
1363.123	1363.546	242	LIKES
1363.546	1364.046	64	BRIE
1364.046	1374.702	99999	sp
1374.702	1374.726	99999	sp
1374.726	1374.995	108	COUNT
1374.995	1375.079	434	THE
1375.079	1375.752	289	NUMBER
1375.752	1375.892	99999	sp
1375.892	1376.098	294	OF
1376.098	1376.949	429	TEASPOONS
1376.949	1377.092	294	OF
1377.092	1377.942	395	SOYSAUCE
1377.942	1378.172	433	THAT
1378.172	1378.342	495	YOU
1378.342	1378.792	7	ADD
1378.792	1388.681	99999	sp
1388.681	1388.698	99999	sp
1388.698	1389.393	44	BAGPIPES
1389.393	1389.651	20	AND
1389.651	1390.537	59	BONGOS
1390.537	1390.702	30	ARE
1390.702	1391.1779999999999	273	MUSICAL
1391.1779999999999	1392.246	220	INSTRUMENTS
1392.246	1400.372	99999	sp
1400.372	1400.692	210	HOW
1400.692	1400.952	189	GOOD
1400.952	1401.148	224	IS
1401.148	1401.32	496	YOUR
1401.32	1402.092	138	ENDURANCE
1402.092	1427.862	99999	sp
2074.427	2074.572	30	ARE
2074.572	2074.786	496	YOUR
2074.786	2075.226	192	GRADES
2075.226	2075.832	206	HIGHER
2075.832	2075.949	99999	sp
2075.949	2076.142	302	OR
2076.142	2076.577	251	LOWER
2076.577	2076.812	432	THAN
2076.812	2077.752	275	NANCY'S
2077.752	2088.832	99999	sp
2088.832	2089.237	375	SHE
2089.237	2089.612	490	WORE
2089.612	2090.276	471	WARM
2090.276	2090.367	99999	sp
2090.367	2091.122	158	FLEECY
2091.122	2091.331	99999	sp
2091.331	2091.832	489	WOOLEN
2091.832	2092.882	311	OVERALLS
2092.882	2101.35	99999	sp
2101.35	2101.803	354	READING
2101.803	2102.071	217	IN
2102.071	2102.337	335	POOR
2102.337	2102.982	240	LIGHT
2102.982	2103.17	99999	sp
2103.17	2103.572	181	GIVES
2103.572	2103.832	495	YOU
2103.832	2104.779	150	EYESTRAIN
2104.779	2115.619	99999	sp
2115.619	2116.125	142	EVEN
2116.125	2116.666	211	I
2116.666	2117.524	293	OCCASIONALLY
2117.524	2118.012	177	GET
2118.012	2118.099	99999	sp
2118.099	2118.214	434	THE
2118.214	2118.774	265	MONDAY
2118.774	2119.422	56	BLUES
2119.422	2128.742	99999	sp
2128.742	2128.944	476	WE
2128.944	2129.136	30	ARE
2129.136	2129.762	301	OPEN
2129.762	2129.913	99999	sp
2129.913	2130.302	145	EVERY
2130.302	2130.738	265	MONDAY
2130.738	2131.432	143	EVENING
2131.432	2140.747	99999	sp
2140.747	2140.959	226	IT'S
2140.959	2141.202	285	NOT
2141.202	2141.665	133	EASY
2141.665	2141.827	446	TO
2141.827	2142.531	113	CREATE
2142.531	2143.399	215	ILLUMINATING
2143.399	2144.401	146	EXAMPLES
2144.401	2156.541	99999	sp
2156.541	2156.901	270	MUM
2156.901	2157.613	407	STRONGLY
2157.613	2158.401	126	DISLIKES
2158.401	2159.512	27	APPETIZERS
2159.512	2170.531	99999	sp
2170.531	2171.002	443	THOSE
2171.002	2171.137	484	WHO
2171.137	2171.536	427	TEACH
2171.536	2172.302	462	VALUES
2172.302	2172.762	156	FIRST
2172.762	2173.397	4	ABOLISH
2173.397	2173.9700000000003	87	CHEATING
2173.9700000000003	2182.321	99999	sp
2182.321	2182.451	434	THE
2182.451	2182.983	165	FRIGHTENED
2182.983	2183.601	89	CHILD
2183.601	2183.76	99999	sp
2183.76	2184.088	472	WAS
2184.088	2184.591	176	GENTLY
2184.591	2185.522	410	SUBDUED
2185.522	2185.732	99999	sp
2185.732	2185.922	73	BY
2185.922	2186.284	208	HIS
2186.284	2186.5860000000002	52	BIG
2186.5860000000002	2187.072	66	BROTHER
2187.072	2195.74	99999	sp
2195.74	2196.062	142	EVEN
2196.062	2196.142	1	A
2196.142	2196.613	383	SIMPLE
2196.613	2197.601	468	VOCABULARY
2197.601	2197.714	99999	sp
2197.714	2198.272	104	CONTAINS
2198.272	2199.052	422	SYMBOLS
2199.052	2208.612	99999	sp
2208.612	2208.745	1	A
2208.745	2209.156	110	CRAB
2209.156	2209.661	85	CHALLENGED
2209.661	2210.062	258	ME
2210.062	2210.437	99999	sp
2210.437	2210.572	70	BUT
2210.572	2210.697	1	A
2210.697	2210.922	350	QUICK
2210.922	2211.459	402	STAB
2211.459	2212.082	464	VANQUISHED
2212.082	2212.432	207	HIM
2212.432	2221.695	99999	sp
2221.695	2222.321	183	GLUCOSE
2222.321	2222.499	20	AND
2222.499	2223.384	167	FRUCTOSE
2223.384	2223.474	99999	sp
2223.474	2223.666	30	ARE
2223.666	2224.147	276	NATURAL
2224.147	2224.834	414	SUGARS
2224.834	2224.889	99999	sp
2224.889	2225.242	163	FOUND
2225.242	2225.362	217	IN
2225.362	2225.962	168	FRUIT
2225.962	2234.925	99999	sp
2234.925	2235.1059999999998	30	ARE
2235.1059999999998	2235.276	495	YOU
2235.276	2235.682	250	LOOKING
2235.682	2235.976	161	FOR
2235.976	2236.752	136	EMPLOYMENT
2236.752	2246.696	99999	sp
2246.696	2247.122	98	COFFEE
2247.122	2247.373	224	IS
2247.373	2247.973	198	GROWN
2247.973	2248.209	297	ON
2248.209	2248.822	404	STEEP
2248.822	2249.053	99999	sp
2249.053	2249.482	231	JUNGLE
2249.482	2249.959	241	LIKE
2249.959	2250.601	390	SLOPES
2250.601	2250.853	217	IN
2250.853	2251.387	431	TEMPERATE
2251.387	2252.151	497	ZONES
2252.151	2260.752	99999	sp
2260.752	2261.062	476	WE
2261.062	2261.281	99999	sp
2261.281	2261.922	480	WELCOME
2261.922	2262.026	99999	sp
2262.026	2262.401	256	MANY
2262.401	2262.637	282	NEW
2262.637	2263.442	408	STUDENTS
2263.442	2263.642	99999	sp
2263.642	2264.022	132	EACH
2264.022	2264.502	491	YEAR
2264.502	2273.841	99999	sp
2273.841	2274.23	298	ONLY
2274.23	2274.416	434	THE
2274.416	2274.802	51	BEST
2274.802	2275.469	330	PLAYERS
2275.469	2275.995	139	ENJOY
2275.995	2276.851	336	POPULARITY
2276.851	2285.2309999999998	99999	sp
2285.2309999999998	2285.803	75	CALCIUM
2285.803	2286.226	254	MAKES
2286.226	2286.849	58	BONES
2286.849	2287.105	20	AND
2287.105	2287.464	430	TEETH
2287.464	2288.242	406	STRONG
2288.242	2297.1549999999997	99999	sp
2297.1549999999997	2297.828	286	NOTHING
2297.828	2297.957	99999	sp
2297.957	2298.142	224	IS
2298.142	2298.282	34	AS
2298.282	2299.091	295	OFFENSIVE
2299.091	2299.178	99999	sp
2299.178	2299.5	34	AS
2299.5	2300.552	88888	IGNORANCE
2300.552	2312.361	99999	sp
2312.361	2312.909	405	STEVE
2312.909	2313.452	490	WORE
2313.452	2313.505	99999	sp
2313.505	2313.751	1	A
2313.751	2314.2219999999998	65	BRIGHT
2314.2219999999998	2314.652	356	RED
2314.652	2314.788	99999	sp
2314.788	2315.442	78	CASHMERE
2315.442	2316.032	420	SWEATER
2316.032	2325.888	99999	sp
2325.888	2326.346	46	BARB'S
2326.346	2326.7219999999998	188	GOLD
2326.7219999999998	2327.5	63	BRACELET
2327.5	2327.7309999999998	99999	sp
2327.7309999999998	2327.99	472	WAS
2327.99	2328.1059999999998	1	A
2328.1059999999998	2329.139	193	GRADUATION
2329.139	2329.712	339	PRESENT
2329.712	2339.638	99999	sp
2339.638	2340.072	130	DRAW
2340.072	2340.501	145	EVERY
2340.501	2340.865	308	OUTER
2340.865	2341.322	244	LINE
2341.322	2342.048	156	FIRST
2342.048	2342.374	99999	sp
2342.374	2342.682	436	THEN
2342.682	2343.192	154	FILL
2343.192	2343.594	217	IN
2343.594	2343.674	99999	sp
2343.674	2343.857	434	THE
2343.857	2344.696	222	INTERIOR
2344.696	2353.616	99999	sp
2353.616	2353.714	434	THE
2353.714	2354.114	475	WATER
2354.114	2354.775	103	CONTAINED
2354.775	2355.072	448	TOO
2355.072	2355.398	269	MUCH
2355.398	2356.202	90	CHLORINE
2356.202	2356.299	99999	sp
2356.299	2356.501	20	AND
2356.501	2356.861	409	STUNG
2356.861	2357.072	208	HIS
2357.072	2357.642	149	EYES
2357.642	2367.922	99999	sp
2367.922	2368.455	229	JOHN'S
2368.455	2368.913	66	BROTHER
2368.913	2369.692	363	REPAINTED
2369.692	2369.817	434	THE
2369.817	2370.3540000000003	173	GARAGE
2370.3540000000003	2370.74	129	DOOR
2370.74	2380.0	99999	sp
2380.0	2381.571	99999	sp
2381.571	2382.169	84	CHALLENGE
2382.169	2382.482	132	EACH
2382.482	2383.111	175	GENERAL'S
2383.111	2383.958	221	INTELLIGENCE
2383.958	2392.861	99999	sp
2392.861	2393.736	17	AMBIDEXTROUS
2393.736	2394.746	327	PICKPOCKETS
2394.746	2395.353	6	ACCOMPLISH
2395.353	2395.707	267	MORE
2395.707	2404.486	99999	sp
2404.486	2404.572	1	A
2404.572	2405.168	271	MUSCULAR
2405.168	2406.023	2	ABDOMEN
2406.023	2406.287	224	IS
2406.287	2406.477	189	GOOD
2406.477	2406.693	161	FOR
2406.693	2406.882	496	YOUR
2406.882	2407.322	43	BACK
2407.322	2416.631	99999	sp
2416.631	2416.861	438	THEY
2416.861	2417.09	317	OWN
2417.09	2417.198	1	A
2417.198	2417.441	52	BIG
2417.441	2418.16	209	HOUSE
2418.16	2418.301	217	IN
2418.301	2418.392	434	THE
2418.392	2418.877	361	REMOTE
2418.877	2419.811	109	COUNTRYSIDE
2419.811	2429.282	99999	sp
2429.282	2429.371	434	THE
2429.371	2429.831	369	ROSE
2429.831	2430.748	106	CORSAGE
2430.748	2431.417	393	SMELLED
2431.417	2432.081	421	SWEET
2432.081	2440.311	99999	sp
2440.311	2440.877	433	THAT
2440.877	2441.792	326	PICKPOCKET
2441.792	2442.021	472	WAS
2442.021	2442.441	80	CAUGHT
2442.441	2442.752	356	RED
2442.752	2443.361	199	HANDED
2443.361	2451.825	99999	sp
2451.825	2451.903	19	AN
2451.903	2452.322	9	ADULT
2452.322	2452.41	99999	sp
2452.41	2452.751	255	MALE
2452.751	2453.471	42	BABOON'S
2453.471	2453.986	430	TEETH
2453.986	2454.322	99999	sp
2454.322	2454.493	30	ARE
2454.493	2454.721	285	NOT
2454.721	2455.412	415	SUITABLE
2455.412	2455.736	161	FOR
2455.736	2456.099	135	EATING
2456.099	2456.931	376	SHELLFISH
2456.931	2465.971	99999	sp
2465.971	2466.151	204	HER
2466.151	2466.695	470	WARDROBE
2466.695	2467.641	102	CONSISTS
2467.641	2467.712	99999	sp
2467.712	2467.901	294	OF
2467.901	2468.344	298	ONLY
2468.344	2469.121	385	SKIRTS
2469.121	2469.174	99999	sp
2469.174	2469.462	20	AND
2469.462	2470.2309999999998	54	BLOUSES
2470.2309999999998	2478.691	99999	sp
2478.691	2479.022	434	THE
2479.022	2479.492	453	TWO
2479.492	2480.302	33	ARTISTS
2480.302	2481.251	147	EXCHANGED
2481.251	2482.261	39	AUTOGRAPHS
2482.261	2492.371	99999	sp
2492.371	2493.091	71	BUTTERSCOTCH
2493.091	2493.781	169	FUDGE
2493.781	2493.837	99999	sp
2493.837	2494.129	186	GOES
2494.129	2494.617	481	WELL
2494.617	2494.977	487	WITH
2494.977	2495.441	463	VANILLA
2495.441	2495.727	212	ICE
2495.727	2496.191	112	CREAM
2496.191	2505.331	99999	sp
2505.331	2505.808	366	RICH
2505.808	2506.296	349	PURCHASED
2506.296	2507.041	374	SEVERAL
2507.041	2507.552	382	SIGNED
2507.552	2508.582	245	LITHOGRAPHS
2508.582	2517.472	99999	sp
2517.472	2517.494	99999	sp
2517.494	2517.842	24	ANY
2517.842	2518.863	105	CONTRIBUTIONS
2518.863	2519.072	485	WILL
2519.072	2519.251	47	BE
2519.251	2519.832	195	GREATLY
2519.832	2520.912	28	APPRECIATED
2520.912	2530.342	99999	sp
2530.342	2530.366	99999	sp
2530.366	2530.482	434	THE
2530.482	2531.122	111	CRANBERRY
2531.122	2531.669	57	BOG
2531.669	2531.982	178	GETS
2531.982	2532.382	465	VERY
2532.382	2533.052	340	PRETTY
2533.052	2533.18	99999	sp
2533.18	2533.32	217	IN
2533.32	2533.733	40	AUTUMN
2533.733	2542.772	99999	sp
2542.772	2543.002	210	HOW
2543.002	2543.212	128	DO
2543.212	2543.982	318	OYSTERS
2543.982	2544.282	253	MAKE
2544.282	2544.982	320	PEARLS
2544.982	2553.438	99999	sp
2553.438	2553.575	257	MAY
2553.575	2553.71	211	I
2553.71	2554.172	304	ORDER
2554.172	2554.212	1	A
2554.212	2554.822	319	PARFAIT
2554.822	2555.242	10	AFTER
2555.242	2555.462	211	I
2555.462	2555.692	134	EAT
2555.692	2556.092	124	DINNER
2556.092	2565.18	99999	sp
2565.18	2565.276	224	IS
2565.276	2565.522	375	SHE
2565.522	2565.852	187	GOING
2565.852	2566.082	487	WITH
2566.082	2566.358	495	YOU
2566.358	2577.808	99999	sp
2577.808	2578.122	76	CAN
2578.122	2578.225	434	THE
2578.225	2578.8360000000002	11	AGENCY
2578.8360000000002	2579.472	315	OVERTHROW
2579.472	2579.9	13	ALIEN
2579.9	2580.542	162	FORCES
2580.542	2590.972	99999	sp
2590.972	2590.996	99999	sp
2590.996	2591.062	1	A
2591.062	2592.042	371	SCREWDRIVER
2592.042	2592.24	224	IS
2592.24	2592.542	252	MADE
2592.542	2592.892	166	FROM
2592.892	2593.618	469	VODKA
2593.618	2593.793	20	AND
2593.793	2594.282	303	ORANGE
2594.282	2594.776	230	JUICE
2594.776	2603.464	99999	sp
2603.464	2603.726	210	HOW
2603.726	2604.012	269	MUCH
2604.012	2604.842	16	ALLOWANCE
2604.842	2604.994	99999	sp
2604.994	2605.112	128	DO
2605.112	2605.392	495	YOU
2605.392	2606.002	177	GET
2606.002	2615.004	99999	sp
2615.004	2615.622	115	CYCLICAL
2615.622	2616.542	346	PROGRAMS
2616.542	2616.632	99999	sp
2616.632	2616.847	485	WILL
2616.847	2617.452	281	NEVER
2617.452	2617.512	99999	sp
2617.512	2618.292	100	COMPILE
2618.292	2627.282	99999	sp
2627.282	2627.422	434	THE
2627.422	2627.982	61	BOSTON
2627.982	2628.702	45	BALLET
2628.702	2628.931	99999	sp
2628.931	2629.642	312	OVERCAME
2629.642	2629.812	435	THEIR
2629.812	2630.315	170	FUNDING
2630.315	2631.042	380	SHORTAGE
2631.042	2641.182	99999	sp
2641.182	2641.545	145	EVERY
2641.545	2642.202	74	CAB
2642.202	2642.582	280	NEEDS
2642.582	2643.262	364	REPAINTING
2643.262	2643.872	296	OFTEN
2643.872	2652.232	99999	sp
2652.232	2652.548	203	HELP
2652.548	2652.841	196	GREG
2652.841	2653.065	446	TO
2653.065	2653.399	325	PICK
2653.399	2653.572	1	A
2653.572	2654.108	321	PECK
2654.108	2654.291	294	OF
2654.291	2655.112	338	POTATOES
2655.112	2663.882	99999	sp
2663.882	2664.052	476	WE
2664.052	2664.495	241	LIKE
2664.495	2664.695	55	BLUE
2664.695	2665.555	88	CHEESE
2665.555	2665.692	70	BUT
2665.692	2666.442	466	VICTOR
2666.442	2666.495	99999	sp
2666.495	2666.922	242	LIKES
2666.922	2667.5	64	BRIE
2667.5	2676.721	99999	sp
2676.721	2676.748	99999	sp
2676.748	2677.081	108	COUNT
2677.081	2677.151	434	THE
2677.151	2677.594	289	NUMBER
2677.594	2677.825	294	OF
2677.825	2678.673	429	TEASPOONS
2678.673	2678.791	294	OF
2678.791	2679.661	395	SOYSAUCE
2679.661	2679.822	433	THAT
2679.822	2680.101	495	YOU
2680.101	2680.642	88888	NEED
2680.642	2689.612	99999	sp
2689.612	2689.654	99999	sp
2689.654	2690.642	44	BAGPIPES
2690.642	2690.882	20	AND
2690.882	2691.74	59	BONGOS
2691.74	2691.819	99999	sp
2691.819	2691.992	30	ARE
2691.992	2692.613	273	MUSICAL
2692.613	2693.702	220	INSTRUMENTS
2693.702	2700.752	99999	sp
2700.752	2700.776	99999	sp
2700.776	2701.041	210	HOW
2701.041	2701.333	189	GOOD
2701.333	2701.575	224	IS
2701.575	2701.901	496	YOUR
2701.901	2702.791	138	ENDURANCE
2702.791	2717.853	99999	sp
3351.346	3351.601	30	ARE
3351.601	3351.995	496	YOUR
3351.995	3352.471	192	GRADES
3352.471	3353.223	206	HIGHER
3353.223	3353.901	99999	sp
3353.901	3354.142	302	OR
3354.142	3354.862	251	LOWER
3354.862	3355.067	99999	sp
3355.067	3355.372	432	THAN
3355.372	3356.272	275	NANCY'S
3356.272	3367.035	99999	sp
3367.035	3367.524	375	SHE
3367.524	3367.952	490	WORE
3367.952	3368.531	471	WARM
3368.531	3369.315	99999	sp
3369.315	3370.206	158	FLEECY
3370.206	3370.651	99999	sp
3370.651	3371.552	489	WOOLEN
3371.552	3371.724	99999	sp
3371.724	3372.781	311	OVERALLS
3372.781	3381.41	99999	sp
3381.41	3382.067	354	READING
3382.067	3382.355	217	IN
3382.355	3382.721	335	POOR
3382.721	3383.442	240	LIGHT
3383.442	3383.666	99999	sp
3383.666	3384.132	181	GIVES
3384.132	3384.632	495	YOU
3384.632	3384.966	99999	sp
3384.966	3386.082	150	EYESTRAIN
3386.082	3394.355	99999	sp
3394.355	3394.75	142	EVEN
3394.75	3395.401	211	I
3395.401	3395.509	99999	sp
3395.509	3396.233	293	OCCASIONALLY
3396.233	3396.442	177	GET
3396.442	3396.522	99999	sp
3396.522	3396.612	434	THE
3396.612	3397.192	265	MONDAY
3397.192	3398.022	56	BLUES
3398.022	3406.716	99999	sp
3406.716	3406.952	476	WE
3406.952	3407.192	30	ARE
3407.192	3407.642	301	OPEN
3407.642	3408.022	145	EVERY
3408.022	3408.673	265	MONDAY
3408.673	3409.492	143	EVENING
3409.492	3418.98	99999	sp
3418.98	3419.259	226	IT'S
3419.259	3419.54	285	NOT
3419.54	3420.052	133	EASY
3420.052	3420.19	99999	sp
3420.19	3420.339	446	TO
3420.339	3421.192	113	CREATE
3421.192	3422.069	215	ILLUMINATING
3422.069	3423.091	146	EXAMPLES
3423.091	3432.728	99999	sp
3432.728	3433.12	270	MUM
3433.12	3433.716	407	STRONGLY
3433.716	3434.541	126	DISLIKES
3434.541	3434.666	99999	sp
3434.666	3435.732	27	APPETIZERS
3435.732	3446.488	99999	sp
3446.488	3446.862	443	THOSE
3446.862	3447.041	484	WHO
3447.041	3447.459	427	TEACH
3447.459	3448.232	462	VALUES
3448.232	3448.754	156	FIRST
3448.754	3449.43	4	ABOLISH
3449.43	3450.075	87	CHEATING
3450.075	3457.308	99999	sp
3457.308	3457.427	434	THE
3457.427	3457.971	165	FRIGHTENED
3457.971	3458.642	89	CHILD
3458.642	3458.784	99999	sp
3458.784	3459.119	472	WAS
3459.119	3459.589	176	GENTLY
3459.589	3460.422	410	SUBDUED
3460.422	3460.764	99999	sp
3460.764	3460.952	73	BY
3460.952	3461.266	208	HIS
3461.266	3461.584	52	BIG
3461.584	3462.112	66	BROTHER
3462.112	3470.978	99999	sp
3470.978	3471.332	142	EVEN
3471.332	3471.45	1	A
3471.45	3471.945	383	SIMPLE
3471.945	3472.992	468	VOCABULARY
3472.992	3473.142	99999	sp
3473.142	3473.832	104	CONTAINS
3473.832	3475.041	88888	SYLLABLES
3475.041	3475.272	99999	sp
3475.272	3475.582	88888	SIM
3475.582	3475.85	99999	sp
3475.85	3476.392	422	SYMBOLS
3476.392	3485.694	99999	sp
3485.694	3485.841	1	A
3485.841	3486.293	110	CRAB
3486.293	3486.851	85	CHALLENGED
3486.851	3487.212	258	ME
3487.212	3487.649	99999	sp
3487.649	3487.782	70	BUT
3487.782	3487.919	1	A
3487.919	3488.16	350	QUICK
3488.16	3488.745	402	STAB
3488.745	3489.099	99999	sp
3489.099	3489.642	464	VANQUISHED
3489.642	3490.0	207	HIM
3490.0	3498.802	99999	sp
3498.802	3499.4809999999998	183	GLUCOSE
3499.4809999999998	3499.692	20	AND
3499.692	3500.596	167	FRUCTOSE
3500.596	3500.736	99999	sp
3500.736	3500.932	30	ARE
3500.932	3501.422	276	NATURAL
3501.422	3502.142	414	SUGARS
3502.142	3502.4809999999998	99999	sp
3502.4809999999998	3502.87	163	FOUND
3502.87	3503.051	217	IN
3503.051	3503.697	168	FRUIT
3503.697	3511.998	99999	sp
3511.998	3512.25	30	ARE
3512.25	3512.4809999999998	495	YOU
3512.4809999999998	3512.971	250	LOOKING
3512.971	3513.322	161	FOR
3513.322	3514.142	136	EMPLOYMENT
3514.142	3523.275	99999	sp
3523.275	3523.712	98	COFFEE
3523.712	3523.932	224	IS
3523.932	3524.432	198	GROWN
3524.432	3524.672	297	ON
3524.672	3525.152	404	STEEP
3525.152	3525.774	99999	sp
3525.774	3526.1620000000003	231	JUNGLE
3526.1620000000003	3526.402	241	LIKE
3526.402	3527.172	390	SLOPES
3527.172	3527.448	99999	sp
3527.448	3527.677	217	IN
3527.677	3528.202	431	TEMPERATE
3528.202	3528.922	497	ZONES
3528.922	3537.562	99999	sp
3537.562	3537.841	476	WE
3537.841	3538.361	480	WELCOME
3538.361	3538.74	256	MANY
3538.74	3539.022	282	NEW
3539.022	3539.812	408	STUDENTS
3539.812	3539.889	99999	sp
3539.889	3540.2309999999998	132	EACH
3540.2309999999998	3540.74	491	YEAR
3540.74	3548.791	99999	sp
3548.791	3549.275	298	ONLY
3549.275	3549.442	434	THE
3549.442	3549.839	51	BEST
3549.839	3550.6059999999998	330	PLAYERS
3550.6059999999998	3551.2	139	ENJOY
3551.2	3552.202	336	POPULARITY
3552.202	3559.691	99999	sp
3559.691	3560.432	75	CALCIUM
3560.432	3561.006	254	MAKES
3561.006	3561.663	58	BONES
3561.663	3561.966	20	AND
3561.966	3562.466	430	TEETH
3562.466	3563.392	406	STRONG
3563.392	3570.0	99999	sp
3570.0	3571.482	99999	sp
3571.482	3572.353	286	NOTHING
3572.353	3572.49	99999	sp
3572.49	3572.664	224	IS
3572.664	3572.913	34	AS
3572.913	3573.853	295	OFFENSIVE
3573.853	3574.135	99999	sp
3574.135	3574.503	34	AS
3574.503	3574.572	99999	sp
3574.572	3575.373	219	INNOCENCE
3575.373	3584.71	99999	sp
3584.71	3584.739	99999	sp
3584.739	3585.434	405	STEVE
3585.434	3585.511	99999	sp
3585.511	3585.819	490	WORE
3585.819	3585.928	1	A
3585.928	3586.356	65	BRIGHT
3586.356	3586.824	356	RED
3586.824	3587.274	99999	sp
3587.274	3588.352	78	CASHMERE
3588.352	3588.642	99999	sp
3588.642	3589.242	420	SWEATER
3589.242	3598.501	99999	sp
3598.501	3598.545	99999	sp
3598.545	3599.082	46	BARB'S
3599.082	3599.492	188	GOLD
3599.492	3600.322	63	BRACELET
3600.322	3600.512	99999	sp
3600.512	3600.758	472	WAS
3600.758	3600.852	1	A
3600.852	3601.841	193	GRADUATION
3601.841	3602.41	339	PRESENT
3602.41	3611.79	99999	sp
3611.79	3612.401	130	DRAW
3612.401	3613.026	145	EVERY
3613.026	3613.35	308	OUTER
3613.35	3613.809	244	LINE
3613.809	3614.537	156	FIRST
3614.537	3614.8	99999	sp
3614.8	3615.3	436	THEN
3615.3	3615.54	99999	sp
3615.54	3615.92	154	FILL
3615.92	3616.238	217	IN
3616.238	3616.502	434	THE
3616.502	3617.28	222	INTERIOR
3617.28	3626.358	99999	sp
3626.358	3626.48	434	THE
3626.48	3626.929	475	WATER
3626.929	3627.673	103	CONTAINED
3627.673	3628.03	448	TOO
3628.03	3628.41	269	MUCH
3628.41	3629.172	90	CHLORINE
3629.172	3629.642	99999	sp
3629.642	3629.85	20	AND
3629.85	3630.392	409	STUNG
3630.392	3630.767	208	HIS
3630.767	3631.48	149	EYES
3631.48	3641.081	99999	sp
3641.081	3641.102	99999	sp
3641.102	3641.724	229	JOHN'S
3641.724	3642.322	66	BROTHER
3642.322	3642.492	99999	sp
3642.492	3643.441	363	REPAINTED
3643.441	3643.572	434	THE
3643.572	3644.111	173	GARAGE
3644.111	3644.593	129	DOOR
3644.593	3654.123	99999	sp
3654.123	3654.903	84	CHALLENGE
3654.903	3655.272	132	EACH
3655.272	3656.171	175	GENERAL'S
3656.171	3656.334	99999	sp
3656.334	3657.421	221	INTELLIGENCE
3657.421	3666.233	99999	sp
3666.233	3667.147	17	AMBIDEXTROUS
3667.147	3668.212	327	PICKPOCKETS
3668.212	3668.311	99999	sp
3668.311	3668.8940000000002	6	ACCOMPLISH
3668.8940000000002	3669.364	267	MORE
3669.364	3678.215	99999	sp
3678.215	3678.311	1	A
3678.311	3678.971	271	MUSCULAR
3678.971	3679.68	2	ABDOMEN
3679.68	3679.87	99999	sp
3679.87	3680.162	224	IS
3680.162	3680.379	189	GOOD
3680.379	3680.593	161	FOR
3680.593	3680.811	496	YOUR
3680.811	3681.346	43	BACK
3681.346	3691.322	99999	sp
3691.322	3691.662	438	THEY
3691.662	3692.212	317	OWN
3692.212	3692.29	99999	sp
3692.29	3692.412	1	A
3692.412	3692.703	52	BIG
3692.703	3693.352	209	HOUSE
3693.352	3693.492	99999	sp
3693.492	3693.712	217	IN
3693.712	3693.816	434	THE
3693.816	3694.361	361	REMOTE
3694.361	3695.453	109	COUNTRYSIDE
3695.453	3703.799	99999	sp
3703.799	3703.901	434	THE
3703.901	3704.346	369	ROSE
3704.346	3705.181	106	CORSAGE
3705.181	3705.3360000000002	99999	sp
3705.3360000000002	3705.822	393	SMELLED
3705.822	3706.472	421	SWEET
3706.472	3713.877	99999	sp
3713.877	3714.405	433	THAT
3714.405	3715.312	326	PICKPOCKET
3715.312	3715.465	99999	sp
3715.465	3715.74	472	WAS
3715.74	3716.212	80	CAUGHT
3716.212	3716.522	99999	sp
3716.522	3716.852	356	RED
3716.852	3717.593	199	HANDED
3717.593	3726.035	99999	sp
3726.035	3726.169	19	AN
3726.169	3726.681	9	ADULT
3726.681	3727.041	255	MALE
3727.041	3727.742	42	BABOON'S
3727.742	3728.292	430	TEETH
3728.292	3728.657	99999	sp
3728.657	3728.8360000000002	30	ARE
3728.8360000000002	3729.069	285	NOT
3729.069	3729.852	415	SUITABLE
3729.852	3730.112	99999	sp
3730.112	3730.403	161	FOR
3730.403	3730.854	135	EATING
3730.854	3731.854	376	SHELLFISH
3731.854	3740.642	99999	sp
3740.642	3740.66	99999	sp
3740.66	3740.862	204	HER
3740.862	3741.524	470	WARDROBE
3741.524	3742.431	102	CONSISTS
3742.431	3742.608	99999	sp
3742.608	3742.752	294	OF
3742.752	3743.273	298	ONLY
3743.273	3744.062	385	SKIRTS
3744.062	3744.337	99999	sp
3744.337	3744.651	20	AND
3744.651	3745.512	54	BLOUSES
3745.512	3753.292	99999	sp
3753.292	3753.314	88888	
3753.314	3753.492	434	THE
3753.492	3753.853	453	TWO
3753.853	3754.612	33	ARTISTS
3754.612	3755.535	147	EXCHANGED
3755.535	3756.602	39	AUTOGRAPHS
3756.602	3766.376	99999	sp
3766.376	3766.645	88888	BUTTER
3766.645	3767.111	88888	SCLO
3767.111	3767.582	88888	SCOTCH
3767.582	3768.166	169	FUDGE
3768.166	3768.335	99999	sp
3768.335	3768.615	186	GOES
3768.615	3769.069	481	WELL
3769.069	3769.343	99999	sp
3769.343	3769.596	487	WITH
3769.596	3769.938	463	VANILLA
3769.938	3770.294	212	ICE
3770.294	3770.732	112	CREAM
3770.732	3779.51	99999	sp
3779.51	3780.142	366	RICH
3780.142	3780.282	99999	sp
3780.282	3780.793	349	PURCHASED
3780.793	3781.501	374	SEVERAL
3781.501	3781.657	99999	sp
3781.657	3782.204	382	SIGNED
3782.204	3783.2	245	LITHOGRAPHS
3783.2	3791.77	99999	sp
3791.77	3792.102	24	ANY
3792.102	3793.305	105	CONTRIBUTIONS
3793.305	3793.382	99999	sp
3793.382	3793.623	485	WILL
3793.623	3793.792	47	BE
3793.792	3794.572	195	GREATLY
3794.572	3795.692	28	APPRECIATED
3795.692	3803.482	99999	sp
3803.482	3803.617	434	THE
3803.617	3804.27	111	CRANBERRY
3804.27	3804.82	57	BOG
3804.82	3804.931	99999	sp
3804.931	3805.242	178	GETS
3805.242	3805.596	465	VERY
3805.596	3806.171	340	PRETTY
3806.171	3806.52	99999	sp
3806.52	3806.725	217	IN
3806.725	3807.242	40	AUTUMN
3807.242	3816.138	99999	sp
3816.138	3816.442	210	HOW
3816.442	3816.662	128	DO
3816.662	3817.272	318	OYSTERS
3817.272	3817.552	253	MAKE
3817.552	3818.31	320	PEARLS
3818.31	3826.863	99999	sp
3826.863	3827.072	257	MAY
3827.072	3827.303	211	I
3827.303	3827.692	304	ORDER
3827.692	3827.831	1	A
3827.831	3828.654	319	PARFAIT
3828.654	3829.082	10	AFTER
3829.082	3829.281	211	I
3829.281	3829.582	134	EAT
3829.582	3829.966	124	DINNER
3829.966	3838.635	99999	sp
3838.635	3838.748	224	IS
3838.748	3839.053	375	SHE
3839.053	3839.452	187	GOING
3839.452	3839.714	487	WITH
3839.714	3840.081	495	YOU
3840.081	3849.452	99999	sp
3849.452	3849.781	76	CAN
3849.781	3849.892	434	THE
3849.892	3850.593	11	AGENCY
3850.593	3851.444	315	OVERTHROW
3851.444	3851.944	13	ALIEN
3851.944	3852.661	162	FORCES
3852.661	3861.82	99999	sp
3861.82	3861.93	1	A
3861.93	3862.958	371	SCREWDRIVER
3862.958	3863.062	99999	sp
3863.062	3863.303	224	IS
3863.303	3863.81	252	MADE
3863.81	3863.933	99999	sp
3863.933	3864.212	166	FROM
3864.212	3864.822	469	VODKA
3864.822	3865.082	99999	sp
3865.082	3865.291	20	AND
3865.291	3865.851	303	ORANGE
3865.851	3866.346	230	JUICE
3866.346	3874.935	99999	sp
3874.935	3875.212	210	HOW
3875.212	3875.516	269	MUCH
3875.516	3876.459	16	ALLOWANCE
3876.459	3876.546	99999	sp
3876.546	3876.673	128	DO
3876.673	3876.923	495	YOU
3876.923	3877.423	177	GET
3877.423	3885.123	99999	sp
3885.123	3886.041	115	CYCLICAL
3886.041	3886.962	346	PROGRAMS
3886.962	3887.046	99999	sp
3887.046	3887.341	485	WILL
3887.341	3887.867	281	NEVER
3887.867	3888.113	99999	sp
3888.113	3888.906	100	COMPILE
3888.906	3898.052	99999	sp
3898.052	3898.161	434	THE
3898.161	3898.886	61	BOSTON
3898.886	3899.659	45	BALLET
3899.659	3900.101	99999	sp
3900.101	3901.065	312	OVERCAME
3901.065	3901.212	99999	sp
3901.212	3901.459	435	THEIR
3901.459	3902.161	170	FUNDING
3902.161	3902.24	99999	sp
3902.24	3903.062	380	SHORTAGE
3903.062	3913.052	99999	sp
3913.052	3913.401	145	EVERY
3913.401	3913.928	74	CAB
3913.928	3914.06	99999	sp
3914.06	3914.471	280	NEEDS
3914.471	3915.392	364	REPAINTING
3915.392	3915.493	99999	sp
3915.493	3916.096	296	OFTEN
3916.096	3923.764	99999	sp
3923.764	3924.079	203	HELP
3924.079	3924.661	196	GREG
3924.661	3924.796	99999	sp
3924.796	3924.962	446	TO
3924.962	3925.322	325	PICK
3925.322	3925.538	1	A
3925.538	3926.05	321	PECK
3926.05	3926.432	99999	sp
3926.432	3926.651	294	OF
3926.651	3927.632	338	POTATOES
3927.632	3936.3	99999	sp
3936.3	3936.613	476	WE
3936.613	3936.938	241	LIKE
3936.938	3937.252	55	BLUE
3937.252	3937.952	88	CHEESE
3937.952	3938.344	99999	sp
3938.344	3938.541	70	BUT
3938.541	3939.252	466	VICTOR
3939.252	3939.531	99999	sp
3939.531	3940.012	242	LIKES
3940.012	3940.702	64	BRIE
3940.702	3949.918	99999	sp
3949.918	3950.272	108	COUNT
3950.272	3950.382	434	THE
3950.382	3950.999	289	NUMBER
3950.999	3951.2690000000002	294	OF
3951.2690000000002	3952.216	429	TEASPOONS
3952.216	3952.476	99999	sp
3952.476	3952.637	294	OF
3952.637	3953.584	395	SOYSAUCE
3953.584	3953.959	99999	sp
3953.959	3954.173	433	THAT
3954.173	3954.476	495	YOU
3954.476	3955.048	7	ADD
3955.048	3964.285	99999	sp
3964.285	3965.005	44	BAGPIPES
3965.005	3965.322	20	AND
3965.322	3966.19	59	BONGOS
3966.19	3966.329	99999	sp
3966.329	3966.553	30	ARE
3966.553	3967.281	273	MUSICAL
3967.281	3967.454	99999	sp
3967.454	3968.452	220	INSTRUMENTS
3968.452	3975.248	99999	sp
3975.248	3975.512	210	HOW
3975.512	3976.108	189	GOOD
3976.108	3976.31	99999	sp
3976.31	3976.623	224	IS
3976.623	3977.137	496	YOUR
3977.137	3977.236	99999	sp
3977.236	3978.212	138	ENDURANCE
3978.212	3987.642	99999	sp
