721.6591875	722.1141875000001	9	ADULT
722.1141875000001	722.4691875000001	255	MALE
722.4691875000001	723.2091875000001	42	BABOON'S
723.2091875000001	723.7001875000001	430	TEETH
723.7001875000001	723.8781875	30	ARE
723.8781875	724.0981875	285	NOT
724.0981875	724.6991875000001	415	SUITABLE
724.6991875000001	724.9251875	161	FOR
724.9251875	725.2821875	135	EATING
725.2821875	726.1881875	376	SHELLFISH
726.1881875	738.197375	99999	sp
738.197375	738.7573749999999	286	NOTHING
738.7573749999999	738.9483749999999	224	IS
738.9483749999999	739.070375	34	AS
739.070375	739.787375	295	OFFENSIVE
739.787375	740.037375	34	AS
740.037375	740.7473749999999	219	INNOCENCE
740.7473749999999	751.9753125	99999	sp
751.9753125	752.1853124999999	210	HOW
752.1853124999999	752.3953124999999	189	GOOD
752.3953124999999	752.6363124999999	224	IS
752.6363124999999	752.7823125	496	YOUR
752.7823125	753.5263125	138	ENDURANCE
753.5263125	765.4166875	99999	sp
765.4166875	765.6976875	298	ONLY
765.6976875	765.8546875	434	THE
765.8546875	766.2276875	51	BEST
766.2276875	766.7226875	330	PLAYERS
766.7226875	767.0676874999999	139	ENJOY
767.0676874999999	767.4656875	88888	PROP
767.4656875	768.1506875	336	POPULARITY
768.1506875	777.805875	99999	sp
777.805875	777.905875	1	A
777.905875	778.305875	110	CRAB
778.305875	778.795875	85	CHALLENGED
778.795875	779.145875	258	ME
779.145875	779.4578750000001	99999	sp
779.4578750000001	779.563875	70	BUT
779.563875	779.655875	1	A
779.655875	779.915875	350	QUICK
779.915875	780.445875	402	STAB
780.445875	780.939875	464	VANQUISHED
780.939875	781.2448750000001	207	HIM
781.2448750000001	791.211125	99999	sp
791.211125	791.312125	434	THE
791.312125	791.821125	165	FRIGHTENED
791.821125	792.4311250000001	89	CHILD
792.4311250000001	792.805125	472	WAS
792.805125	793.2921249999999	176	GENTLY
793.2921249999999	793.982125	410	SUBDUED
793.982125	794.212125	73	BY
794.212125	794.442125	208	HIS
794.442125	794.6621250000001	52	BIG
794.6621250000001	794.712125	99999	sp
794.712125	795.1521250000001	66	BROTHER
795.1521250000001	804.5070625	99999	sp
804.5070625	804.8860625	98	COFFEE
804.8860625	805.0790625	224	IS
805.0790625	805.4400625000001	198	GROWN
805.4400625000001	805.6460625	297	ON
805.6460625	806.2660625	404	STEEP
806.2660625	806.6660625	231	JUNGLE
806.6660625	806.8870625	241	LIKE
806.8870625	807.4660625	390	SLOPES
807.4660625	807.7260625	217	IN
807.7260625	808.1160625	431	TEMPERATE
808.1160625	808.7340624999999	497	ZONES
808.7340624999999	818.5028125	99999	sp
818.5028125	818.7998125	210	HOW
818.7998125	819.0658125	269	MUCH
819.0658125	819.7588125	16	ALLOWANCE
819.7588125	819.8598125	128	DO
819.8598125	820.0798125	495	YOU
820.0798125	820.6288125	177	GET
820.6288125	831.7170625	99999	sp
831.7170625	831.9610625	433	THAT
831.9610625	832.0500625	99999	sp
832.0500625	832.9680625	326	PICKPOCKET
832.9680625	833.0450625	99999	sp
833.0450625	833.3020624999999	472	WAS
833.3020624999999	833.6210625	80	CAUGHT
833.6210625	833.9010625	356	RED
833.9010625	834.5280625	199	HANDED
834.5280625	846.247	99999	sp
846.247	846.3919999999999	438	THEY
846.3919999999999	846.6279999999999	317	OWN
846.6279999999999	846.762	1	A
846.762	846.991	52	BIG
846.991	847.632	209	HOUSE
847.632	847.693	99999	sp
847.693	847.8319999999999	217	IN
847.8319999999999	847.9549999999999	434	THE
847.9549999999999	848.372	361	REMOTE
848.372	849.4069999999999	109	COUNTRYSIDE
849.4069999999999	859.0283750000001	99999	sp
859.0283750000001	859.049375	99999	sp
859.049375	859.6983750000002	229	JOHN'S
859.6983750000002	860.1983750000002	66	BROTHER
860.1983750000002	860.2583750000001	99999	sp
860.2583750000001	860.9793750000001	363	REPAINTED
860.9793750000001	861.1883750000002	434	THE
861.1883750000002	861.8203750000001	173	GARAGE
861.8203750000001	862.3163750000001	129	DOOR
862.3163750000001	872.6986249999999	99999	sp
872.6986249999999	872.714625	99999	sp
872.714625	872.8716249999999	257	MAY
872.8716249999999	873.0246249999999	211	I
873.0246249999999	873.474625	304	ORDER
873.474625	873.6066249999999	1	A
873.6066249999999	874.3596249999999	319	PARFAIT
874.3596249999999	874.9286249999999	10	AFTER
874.9286249999999	875.0786249999999	211	I
875.0786249999999	875.3366249999999	134	EAT
875.3366249999999	875.7786249999999	124	DINNER
875.7786249999999	885.5150000000001	99999	sp
885.5150000000001	885.541	99999	sp
885.541	886.308	71	BUTTERSCOTCH
886.308	887.0020000000001	169	FUDGE
887.0020000000001	887.1080000000001	99999	sp
887.1080000000001	887.5050000000001	186	GOES
887.5050000000001	888.028	481	WELL
888.028	888.2840000000001	487	WITH
888.2840000000001	888.885	463	VANILLA
888.885	889.2250000000001	212	ICE
889.2250000000001	889.7450000000001	112	CREAM
889.7450000000001	901.6514999999999	99999	sp
901.6514999999999	901.6605	99999	sp
901.6605	901.9775	142	EVEN
901.9775	902.4504999999999	211	I
902.4504999999999	903.1104999999999	293	OCCASIONALLY
903.1104999999999	903.3104999999999	177	GET
903.3104999999999	903.4304999999999	434	THE
903.4304999999999	903.8604999999999	265	MONDAY
903.8604999999999	904.5005	56	BLUES
904.5005	913.57475	99999	sp
913.57475	913.59875	99999	sp
913.59875	914.00475	76	CAN
914.00475	914.15775	434	THE
914.15775	914.95475	11	AGENCY
914.95475	915.75375	315	OVERTHROW
915.75375	916.24475	13	ALIEN
916.24475	917.03275	162	FORCES
917.03275	927.79025	99999	sp
927.79025	928.06025	210	HOW
928.06025	928.28025	128	DO
928.28025	928.9512500000001	318	OYSTERS
928.9512500000001	929.22125	253	MAKE
929.22125	930.01125	320	PEARLS
930.01125	941.8865000000001	99999	sp
941.8865000000001	941.9035	99999	sp
941.9035	942.3665000000001	405	STEVE
942.3665000000001	942.6925	490	WORE
942.6925	942.8545	1	A
942.8545	943.3065	65	BRIGHT
943.3065	943.7835	356	RED
943.7835	944.4365	78	CASHMERE
944.4365	944.9665	420	SWEATER
944.9665	958.03825	99999	sp
958.03825	958.07625	99999	sp
958.07625	958.54325	46	BARB'S
958.54325	958.91525	188	GOLD
958.91525	959.56825	63	BRACELET
959.56825	959.62725	99999	sp
959.62725	959.78825	472	WAS
959.78825	959.85825	1	A
959.85825	960.60825	193	GRADUATION
960.60825	961.13825	339	PRESENT
961.13825	987.5451250000001	99999	sp
987.5451250000001	987.577125	99999	sp
987.577125	987.8971250000001	108	COUNT
987.8971250000001	987.991125	434	THE
987.991125	988.6881250000001	289	NUMBER
988.6881250000001	988.8721250000001	99999	sp
988.8721250000001	989.067125	294	OF
989.067125	990.057125	429	TEASPOONS
990.057125	990.1851250000001	294	OF
990.1851250000001	991.1411250000001	395	SOYSAUCE
991.1411250000001	991.260125	99999	sp
991.260125	991.4111250000001	433	THAT
991.4111250000001	991.6521250000001	495	YOU
991.6521250000001	992.1041250000001	7	ADD
992.1041250000001	1003.7260625	99999	sp
1003.7260625	1003.9150625000001	476	WE
1003.7260625	1003.9210625000001	476	WE
1003.9150625000001	1004.2570625000002	241	LIKE
1003.9210625000001	1004.2690625000001	241	LIKE
1004.2570625000002	1004.4890625000002	55	BLUE
1004.2690625000001	1004.4680625000001	55	BLUE
1004.4680625000001	1005.1750625000001	88	CHEESE
1004.4890625000002	1005.1660625000001	88	CHEESE
1005.1660625000001	1005.2510625000001	99999	sp
1005.1750625000001	1005.2980625000001	99999	sp
1005.2510625000001	1005.4120625000002	70	BUT
1005.2980625000001	1005.4310625	70	BUT
1005.4120625000002	1005.8160625000002	466	VICTOR
1005.4310625	1005.8520625000001	466	VICTOR
1005.8160625000002	1006.2390625000002	242	LIKES
1005.8520625000001	1006.1630625	242	LIKES
1006.1630625	1006.2510625000001	99999	sp
1006.2390625000002	1006.6730625000001	64	BRIE
1006.2510625000001	1006.6730625000001	64	BRIE
1006.6730625000001	1018.4298125	99999	sp
1018.4298125	1018.5498125	434	THE
1018.5498125	1018.9298125	475	WATER
1018.9298125	1019.6408125	103	CONTAINED
1019.6408125	1019.8998125	448	TOO
1019.8998125	1020.1888125	269	MUCH
1020.1888125	1020.8998125	90	CHLORINE
1020.8998125	1020.9898125	99999	sp
1020.9898125	1021.1908125	20	AND
1021.1908125	1021.6188125000001	409	STUNG
1021.6188125000001	1021.7988125	208	HIS
1021.7988125	1022.3948125000001	149	EYES
1022.3948125000001	1032.4375625	99999	sp
1032.4375625	1032.5965625	204	HER
1032.5965625	1033.2165625	470	WARDROBE
1033.2165625	1034.0675625	102	CONSISTS
1034.0675625	1034.4215625	294	OF
1034.4215625	1034.7505625	298	ONLY
1034.7505625	1035.4945625	385	SKIRTS
1035.4945625	1035.7285625	20	AND
1035.7285625	1036.4975625	54	BLOUSES
1036.4975625	1046.4718125	99999	sp
1046.4718125	1046.4928125	99999	sp
1046.4928125	1046.6918124999997	226	IT'S
1046.6918124999997	1046.9518124999997	285	NOT
1046.9518124999997	1047.2918124999999	133	EASY
1047.2918124999999	1047.4218124999998	446	TO
1047.4218124999998	1048.0518124999999	113	CREATE
1048.0518124999999	1048.7728124999999	215	ILLUMINATING
1048.7728124999999	1049.6918124999997	146	EXAMPLES
1049.6918124999997	1059.6088125	99999	sp
1059.6088125	1060.5388125000002	17	AMBIDEXTROUS
1060.5388125000002	1061.6148125000002	327	PICKPOCKETS
1061.6148125000002	1062.1218125000003	6	ACCOMPLISH
1062.1218125000003	1062.5858125000002	267	MORE
1062.5858125000002	1074.449875	99999	sp
1074.449875	1074.473875	99999	sp
1074.473875	1075.324875	44	BAGPIPES
1075.324875	1075.3898749999998	99999	sp
1075.3898749999998	1075.7148750000001	20	AND
1075.7148750000001	1076.536875	59	BONGOS
1076.536875	1076.634875	99999	sp
1076.634875	1076.837875	30	ARE
1076.837875	1077.3398750000001	273	MUSICAL
1077.3398750000001	1078.2088749999998	220	INSTRUMENTS
1078.2088749999998	1087.72275	99999	sp
1087.72275	1087.9007499999998	434	THE
1087.9007499999998	1088.27475	453	TWO
1088.27475	1089.10475	33	ARTISTS
1089.10475	1089.99875	147	EXCHANGED
1089.99875	1091.10275	39	AUTOGRAPHS
1091.10275	1103.5485625	99999	sp
1103.5485625	1103.6895625	476	WE
1103.6895625	1103.8405625	30	ARE
1103.8405625	1104.3585625	301	OPEN
1104.3585625	1104.7865625	145	EVERY
1104.7865625	1105.3765625	265	MONDAY
1105.3765625	1105.9395625	143	EVENING
1105.9395625	1116.3426875	99999	sp
1116.3426875	1116.3626875	99999	sp
1116.3626875	1116.6556874999999	24	ANY
1116.6556874999999	1117.7516875	105	CONTRIBUTIONS
1117.7516875	1117.9326875	485	WILL
1117.9326875	1118.0426874999998	47	BE
1118.0426874999998	1118.5326875	195	GREATLY
1118.5326875	1119.5226874999998	28	APPRECIATED
1119.5226874999998	1131.3856875	99999	sp
1131.3856875	1131.4446874999999	1	A
1131.4446874999999	1132.2506875	271	MUSCULAR
1132.2506875	1132.9646874999999	2	ABDOMEN
1132.9646874999999	1133.1486875	99999	sp
1133.1486875	1133.3346875	224	IS
1133.3346875	1133.5006875	189	GOOD
1133.5006875	1133.6856874999999	161	FOR
1133.6856874999999	1133.8756875	496	YOUR
1133.8756875	1134.3946875	43	BACK
1134.3946875	1145.6784375	99999	sp
1145.6784375	1146.0824375	354	READING
1146.0824375	1146.2684375	217	IN
1146.2684375	1146.5684374999998	335	POOR
1146.5684374999998	1147.0884374999998	240	LIGHT
1147.0884374999998	1147.4424374999999	181	GIVES
1147.4424374999999	1147.5684374999998	495	YOU
1147.5684374999998	1148.5084375	150	EYESTRAIN
1148.5084375	1158.9328125	99999	sp
1158.9328125	1159.3348125	130	DRAW
1159.3348125	1159.9038125	145	EVERY
1159.9038125	1160.3008125000001	308	OUTER
1160.3008125000001	1160.6258125	244	LINE
1160.6258125	1161.2578125	156	FIRST
1161.2578125	1161.4718125	99999	sp
1161.4718125	1161.7018125	436	THEN
1161.7018125	1162.0608124999999	154	FILL
1162.0608124999999	1162.5008125	217	IN
1162.5008125	1162.6808125	434	THE
1162.6808125	1163.3978124999999	222	INTERIOR
1163.3978124999999	1174.01925	99999	sp
1174.01925	1174.43925	375	SHE
1174.43925	1174.79825	490	WORE
1174.79825	1175.40825	471	WARM
1175.40825	1175.4882499999999	99999	sp
1175.4882499999999	1176.10825	158	FLEECY
1176.10825	1176.57925	489	WOOLEN
1176.57925	1177.38725	311	OVERALLS
1177.38725	1188.22	99999	sp
1188.22	1188.596	443	THOSE
1188.596	1188.738	484	WHO
1188.738	1189.131	427	TEACH
1189.131	1189.881	462	VALUES
1189.881	1190.47	156	FIRST
1190.47	1191.11	4	ABOLISH
1191.11	1191.72	87	CHEATING
1191.72	1202.2193125000001	99999	sp
1202.2193125000001	1202.2313125	99999	sp
1202.2313125	1202.7193125000001	270	MUM
1202.7193125000001	1203.2993125	407	STRONGLY
1203.2993125	1204.0993125000002	126	DISLIKES
1204.0993125000002	1204.1913125	99999	sp
1204.1913125	1205.1203125000002	27	APPETIZERS
1205.1203125000002	1214.4458125	99999	sp
1214.4458125	1214.7978125	99999	sp
1214.7978125	1216.3878125	485	WILL
1216.3878125	1216.7668125	281	NEVER
1216.7668125	1217.4768125	100	COMPILE
1217.4768125	1227.17125	99999	sp
1227.17125	1227.37925	476	WE
1227.37925	1227.9202500000001	480	WELCOME
1227.9202500000001	1228.4092500000002	256	MANY
1228.4092500000002	1228.62925	282	NEW
1228.62925	1229.1982500000001	408	STUDENTS
1229.1982500000001	1229.5162500000001	132	EACH
1229.5162500000001	1229.9292500000001	491	YEAR
1229.9292500000001	1240.1271875	99999	sp
1240.1271875	1240.1461875	99999	sp
1240.1461875	1240.2571874999999	434	THE
1240.2571874999999	1240.9061875	111	CRANBERRY
1240.9061875	1241.3811875000001	57	BOG
1241.3811875000001	1241.6701874999999	178	GETS
1241.6701874999999	1241.9521875	465	VERY
1241.9521875	1242.4151875	340	PRETTY
1242.4151875	1242.5791875	217	IN
1242.5791875	1242.9871875	40	AUTUMN
1242.9871875	1251.86425	99999	sp
1251.86425	1251.90425	99999	sp
1251.90425	1252.4542500000002	183	GLUCOSE
1252.4542500000002	1252.61425	20	AND
1252.61425	1253.43125	167	FRUCTOSE
1253.43125	1253.58425	30	ARE
1253.58425	1253.9652500000002	276	NATURAL
1253.9652500000002	1254.4342500000002	414	SUGARS
1254.4342500000002	1254.8032500000002	163	FOUND
1254.8032500000002	1254.91425	217	IN
1254.91425	1255.38525	168	FRUIT
1255.38525	1266.7846117523027	99999	sp
1266.7846117523027	1266.8326117523027	1	A
1266.8326117523027	1267.8036117523027	371	SCREWDRIVER
1267.8036117523027	1267.9916117523026	224	IS
1267.9916117523026	1268.4326117523028	252	MADE
1268.4326117523028	1268.7216117523026	166	FROM
1268.7216117523026	1269.5156117523027	469	VODKA
1269.5156117523027	1269.6826117523028	20	AND
1269.6826117523028	1270.0916117523027	303	ORANGE
1270.0916117523027	1270.6826117523028	230	JUICE
1270.6826117523028	1281.2168125	99999	sp
1281.2168125	1281.2338125	99999	sp
1281.2338125	1281.3468125000002	434	THE
1281.3468125000002	1281.8498125	369	ROSE
1281.8498125	1282.6768125	106	CORSAGE
1282.6768125	1283.1768125	393	SMELLED
1283.1768125	1283.9648125	421	SWEET
1283.9648125	1295.077125	99999	sp
1295.077125	1295.096125	99999	sp
1295.096125	1295.683125	84	CHALLENGE
1295.683125	1296.074125	132	EACH
1296.074125	1296.774125	175	GENERAL'S
1296.774125	1297.757125	221	INTELLIGENCE
1297.757125	1310.176	99999	sp
1310.176	1310.211	99999	sp
1310.211	1310.554	145	EVERY
1310.554	1311.243	74	CAB
1311.243	1311.316	99999	sp
1311.316	1311.766	280	NEEDS
1311.766	1312.671	364	REPAINTING
1312.671	1313.414	296	OFTEN
1313.414	1325.508625	99999	sp
1325.508625	1326.015625	366	RICH
1326.015625	1326.141625	99999	sp
1326.141625	1326.765625	349	PURCHASED
1326.765625	1327.4446249999999	374	SEVERAL
1327.4446249999999	1328.085625	382	SIGNED
1328.085625	1329.064625	245	LITHOGRAPHS
1329.064625	1339.2627499999999	99999	sp
1339.2627499999999	1339.29875	99999	sp
1339.29875	1339.46275	30	ARE
1339.46275	1339.5907499999998	495	YOU
1339.5907499999998	1340.0027499999999	250	LOOKING
1340.0027499999999	1340.1757499999999	161	FOR
1340.1757499999999	1340.91475	136	EMPLOYMENT
1340.91475	1353.49075	99999	sp
1353.49075	1353.50975	99999	sp
1353.50975	1353.79775	142	EVEN
1353.79775	1353.8607499999998	1	A
1353.8607499999998	1354.3007499999999	383	SIMPLE
1354.3007499999999	1355.10675	468	VOCABULARY
1355.10675	1355.68075	104	CONTAINS
1355.68075	1356.42375	422	SYMBOLS
1356.42375	1367.2706249999999	99999	sp
1367.2706249999999	1367.295625	99999	sp
1367.295625	1367.390625	434	THE
1367.390625	1367.975625	61	BOSTON
1367.975625	1368.4916249999999	45	BALLET
1368.4916249999999	1369.254625	312	OVERCAME
1369.254625	1369.397625	435	THEIR
1369.397625	1369.8606249999998	170	FUNDING
1369.8606249999998	1370.441625	380	SHORTAGE
1370.441625	1381.4026875	99999	sp
1381.4026875	1381.4216875	99999	sp
1381.4216875	1381.8326875	203	HELP
1381.8326875	1381.8936875	99999	sp
1381.8936875	1382.3106874999999	196	GREG
1382.3106874999999	1382.3686874999999	99999	sp
1382.3686874999999	1382.5216875	446	TO
1382.5216875	1382.5766875	99999	sp
1382.5766875	1382.8226875	325	PICK
1382.8226875	1382.9516875	1	A
1382.9516875	1383.0376875	99999	sp
1383.0376875	1383.5926875	325	PICK
1383.5926875	1383.7866875	99999	sp
1383.7866875	1384.0276875	294	OF
1384.0276875	1384.9326875	338	POTATOES
1384.9326875	1394.7530625	99999	sp
1394.7530625	1394.8300625	224	IS
1394.8300625	1395.0800625	375	SHE
1395.0800625	1395.5310625	187	GOING
1395.5310625	1395.7850625	487	WITH
1395.7850625	1396.0970625	495	YOU
1396.0970625	1404.9906875	99999	sp
1404.9906875	1405.0156874999998	99999	sp
1405.0156874999998	1405.5406874999999	75	CALCIUM
1405.5406874999999	1405.8976874999998	254	MAKES
1405.8976874999998	1406.3006874999999	58	BONES
1406.3006874999999	1406.4216875	20	AND
1406.4216875	1406.7206875	430	TEETH
1406.7206875	1407.4476874999998	406	STRONG
1407.4476874999998	1433.5450625	99999	sp
1433.5450625	1433.5830625	99999	sp
1433.5830625	1433.7750625	30	ARE
1433.7750625	1433.9610625	496	YOUR
1433.9610625	1434.3680625	192	GRADES
1434.3680625	1434.9150625	206	HIGHER
1434.9150625	1435.1250625	302	OR
1435.1250625	1435.4790625	251	LOWER
1435.4790625	1435.6650625	432	THAN
1435.6650625	1436.4280625	275	NANCY'S
1436.4280625	1445.433	99999	sp
1445.433	1445.783	375	SHE
2080.8366875	2081.3206874999996	255	MALE
2081.3206874999996	2082.0016875	42	BABOON'S
2082.0016875	2082.4266875	430	TEETH
2082.4266875	2082.9376875	99999	sp
2082.9376875	2083.1226874999998	30	ARE
2083.1226874999998	2083.3926874999997	285	NOT
2083.3926874999997	2084.1636875	415	SUITABLE
2084.1636875	2084.5336875	161	FOR
2084.5336875	2084.9646875	135	EATING
2084.9646875	2085.9546874999996	376	SHELLFISH
2085.9546874999996	2095.3195625	99999	sp
2095.3195625	2096.0265624999997	286	NOTHING
2096.0265624999997	2096.1865625	224	IS
2096.1865625	2096.3795625	34	AS
2096.3795625	2097.1805624999997	295	OFFENSIVE
2097.1805624999997	2097.4105624999997	34	AS
2097.4105624999997	2098.1055625	219	INNOCENCE
2098.1055625	2107.3786875	99999	sp
2107.3786875	2107.6806875	210	HOW
2107.6806875	2107.9316875000004	189	GOOD
2107.9316875000004	2108.1326875000004	224	IS
2108.1326875000004	2108.3956875000003	496	YOUR
2108.3956875000003	2109.2226875	138	ENDURANCE
2109.2226875	2122.3260625	99999	sp
2122.3260625	2122.6910625	298	ONLY
2122.6910625	2122.8860624999998	434	THE
2122.8860624999998	2123.2640625	51	BEST
2123.2640625	2123.9150625	330	PLAYERS
2123.9150625	2124.4610625	139	ENJOY
2124.4610625	2125.3960625	336	POPULARITY
2125.3960625	2133.8104375000003	99999	sp
2133.8104375000003	2133.8414375	99999	sp
2133.8414375	2133.9374375	1	A
2133.9374375	2134.4114375	110	CRAB
2134.4114375	2135.0004375	85	CHALLENGED
2135.0004375	2135.4104375	258	ME
2135.4104375	2135.6594375	99999	sp
2135.6594375	2135.7714375	70	BUT
2135.7714375	2135.8894375	1	A
2135.8894375	2136.1604375	350	QUICK
2136.1604375	2136.6104375	402	STAB
2136.6104375	2137.2964375	464	VANQUISHED
2137.2964375	2137.5894375	207	HIM
2137.5894375	2147.09125	99999	sp
2147.09125	2147.17325	434	THE
2147.17325	2147.6852499999995	165	FRIGHTENED
2147.6852499999995	2148.35625	89	CHILD
2148.35625	2148.61525	472	WAS
2148.61525	2149.00525	176	GENTLY
2149.00525	2149.88425	410	SUBDUED
2149.88425	2150.12425	73	BY
2150.12425	2150.37425	208	HIS
2150.37425	2150.58425	52	BIG
2150.58425	2151.09425	66	BROTHER
2151.09425	2161.76475	99999	sp
2161.76475	2162.18875	98	COFFEE
2162.18875	2162.43475	224	IS
2162.43475	2162.96175	198	GROWN
2162.96175	2163.1907499999998	297	ON
2163.1907499999998	2163.71175	404	STEEP
2163.71175	2164.21875	99999	sp
2164.21875	2164.6277499999997	231	JUNGLE
2164.6277499999997	2164.8687499999996	241	LIKE
2164.8687499999996	2165.6187499999996	390	SLOPES
2165.6187499999996	2165.80375	99999	sp
2165.80375	2165.9887499999995	217	IN
2165.9887499999995	2166.44775	431	TEMPERATE
2166.44775	2167.13775	497	ZONES
2167.13775	2176.6613750000006	99999	sp
2176.6613750000006	2176.677375	99999	sp
2176.677375	2176.9453750000002	210	HOW
2176.9453750000002	2177.261375	269	MUCH
2177.261375	2178.0673750000005	16	ALLOWANCE
2178.0673750000005	2178.1963750000004	99999	sp
2178.1963750000004	2178.3213750000004	128	DO
2178.3213750000004	2178.561375	495	YOU
2178.561375	2179.0213750000003	177	GET
2179.0213750000003	2188.935	99999	sp
2188.935	2189.666	99999	sp
2189.666	2190.8559999999998	326	PICKPOCKET
2190.8559999999998	2190.953	99999	sp
2190.953	2191.228	472	WAS
2191.228	2191.565	80	CAUGHT
2191.565	2191.835	356	RED
2191.835	2192.377	199	HANDED
2192.377	2201.6899375	99999	sp
2201.6899375	2201.7169375	99999	sp
2201.7169375	2201.9909374999997	438	THEY
2201.9909374999997	2202.2469375	317	OWN
2202.2469375	2202.3809375	1	A
2202.3809375	2202.6009375	52	BIG
2202.6009375	2203.1589375	209	HOUSE
2203.1589375	2203.2729375	99999	sp
2203.2729375	2203.4609375	217	IN
2203.4609375	2203.5399374999997	434	THE
2203.5399374999997	2204.0809375	361	REMOTE
2204.0809375	2205.0529375	109	COUNTRYSIDE
2205.0529375	2214.9285625	99999	sp
2214.9285625	2215.4295625000004	229	JOHN'S
2215.4295625000004	2215.9775625	66	BROTHER
2215.9775625	2216.0955625	99999	sp
2216.0955625	2216.8775625	363	REPAINTED
2216.8775625	2216.9775625	434	THE
2216.9775625	2217.4775625	173	GARAGE
2217.4775625	2217.8575625000003	129	DOOR
2217.8575625000003	2228.442375	99999	sp
2228.442375	2228.460375	99999	sp
2228.460375	2228.654375	257	MAY
2228.654375	2228.832375	211	I
2228.832375	2229.2313750000003	304	ORDER
2229.2313750000003	2229.3473750000003	1	A
2229.3473750000003	2230.055375	319	PARFAIT
2230.055375	2230.139375	99999	sp
2230.139375	2230.6463750000003	10	AFTER
2230.6463750000003	2230.802375	211	I
2230.802375	2231.100375	134	EAT
2231.100375	2231.511375	124	DINNER
2231.511375	2239.5254375	99999	sp
2239.5254375	2240.2464375	71	BUTTERSCOTCH
2240.2464375	2240.9244375	169	FUDGE
2240.9244375	2241.0644375	99999	sp
2241.0644375	2241.4334375	186	GOES
2241.4334375	2241.9064375	481	WELL
2241.9064375	2242.0494375	99999	sp
2242.0494375	2242.2754375	487	WITH
2242.2754375	2242.6444375	463	VANILLA
2242.6444375	2243.0444374999997	212	ICE
2243.0444374999997	2243.5164375	112	CREAM
2243.5164375	2254.5936875	99999	sp
2254.5936875	2254.9116875	142	EVEN
2254.9116875	2255.1576875	211	I
2255.1576875	2255.8966875	293	OCCASIONALLY
2255.8966875	2256.2066875	177	GET
2256.2066875	2256.3116875	99999	sp
2256.3116875	2256.3966875	434	THE
2256.3966875	2256.8366875	265	MONDAY
2256.8366875	2257.4906875	56	BLUES
2257.4906875	2267.3029375	99999	sp
2267.3029375	2267.3429375	99999	sp
2267.3429375	2267.6329375000005	76	CAN
2267.6329375000005	2267.7449375	434	THE
2267.7449375	2268.5609375000004	11	AGENCY
2268.5609375000004	2269.2669375	315	OVERTHROW
2269.2669375	2269.7249375	13	ALIEN
2269.7249375	2270.3929375000002	162	FORCES
2270.3929375000002	2279.513	99999	sp
2279.513	2279.9120000000003	210	HOW
2279.9120000000003	2280.055	128	DO
2280.055	2280.808	318	OYSTERS
2280.808	2280.8999999999996	99999	sp
2280.8999999999996	2281.224	253	MAKE
2281.224	2281.885	320	PEARLS
2281.885	2290.7053125	99999	sp
2290.7053125	2290.7253125	99999	sp
2290.7253125	2291.2443125	405	STEVE
2291.2443125	2291.6433125000003	490	WORE
2291.6433125000003	2291.7563125	1	A
2291.7563125	2292.1953125	65	BRIGHT
2292.1953125	2292.6243125	356	RED
2292.6243125	2292.7613125	99999	sp
2292.7613125	2293.3473125	78	CASHMERE
2293.3473125	2293.8473125	420	SWEATER
2293.8473125	2304.154625	99999	sp
2304.154625	2304.192625	99999	sp
2304.192625	2304.661625	46	BARB'S
2304.661625	2305.0436250000002	188	GOLD
2305.0436250000002	2305.774625	63	BRACELET
2305.774625	2305.9546250000003	99999	sp
2305.9546250000003	2306.216625	472	WAS
2306.216625	2306.3036250000005	1	A
2306.3036250000005	2307.224625	193	GRADUATION
2307.224625	2307.7846250000002	339	PRESENT
2307.7846250000002	2319.4453125	99999	sp
2319.4453125	2319.4833125	99999	sp
2319.4833125	2319.6753125	30	ARE
2319.6753125	2319.8613125	496	YOUR
2319.8613125	2320.2683125	192	GRADES
2320.2683125	2320.8153125	206	HIGHER
2320.8153125	2321.0253125	302	OR
2321.0253125	2321.3793125	251	LOWER
2321.3793125	2321.5653125	432	THAN
2321.5653125	2322.3283125	275	NANCY'S
2322.3283125	2332.461125	99999	sp
2332.461125	2332.488125	99999	sp
2332.488125	2332.788125	108	COUNT
2332.788125	2332.872125	434	THE
2332.872125	2333.347125	289	NUMBER
2333.347125	2333.5231249999997	294	OF
2333.5231249999997	2334.361125	429	TEASPOONS
2334.361125	2334.475125	294	OF
2334.475125	2335.376125	395	SOYSAUCE
2335.376125	2335.566125	433	THAT
2335.566125	2335.807125	495	YOU
2335.807125	2336.3211249999995	7	ADD
2336.3211249999995	2347.321125	99999	sp
2347.321125	2347.510125	476	WE
2347.321125	2347.516125	476	WE
2347.510125	2347.8521250000003	241	LIKE
2347.516125	2347.864125	241	LIKE
2347.8521250000003	2348.0841250000003	55	BLUE
2347.864125	2348.063125	55	BLUE
2348.063125	2348.770125	88	CHEESE
2348.0841250000003	2348.761125	88	CHEESE
2348.761125	2348.846125	99999	sp
2348.770125	2348.893125	99999	sp
2348.846125	2349.007125	70	BUT
2348.893125	2349.026125	70	BUT
2349.007125	2349.411125	466	VICTOR
2349.026125	2349.447125	466	VICTOR
2349.411125	2349.8341250000003	242	LIKES
2349.447125	2349.758125	242	LIKES
2349.758125	2349.846125	99999	sp
2349.8341250000003	2350.268125	64	BRIE
2349.846125	2350.268125	64	BRIE
2350.268125	2359.9893125	99999	sp
2359.9893125	2360.0153125	99999	sp
2360.0153125	2360.0593125000005	434	THE
2360.0593125000005	2360.4393125	475	WATER
2360.4393125	2361.0943125000003	103	CONTAINED
2361.0943125000003	2361.3303125	448	TOO
2361.3303125	2361.6303125000004	269	MUCH
2361.6303125000004	2362.4503125	90	CHLORINE
2362.4503125	2362.6353125000005	20	AND
2362.6353125000005	2363.0103125000005	409	STUNG
2363.0103125000005	2363.2103125000003	208	HIS
2363.2103125000003	2363.7733125000004	149	EYES
2363.7733125000004	2373.6251875	99999	sp
2373.6251875	2373.8051875	204	HER
2373.8051875	2374.4241875	470	WARDROBE
2374.4241875	2375.4451874999995	102	CONSISTS
2375.4451874999995	2375.7831875	294	OF
2375.7831875	2376.3941875	298	ONLY
2376.3941875	2377.3231875	385	SKIRTS
2377.3231875	2377.4261874999997	99999	sp
2377.4261874999997	2377.7531874999995	20	AND
2377.7531874999995	2378.7431874999997	54	BLOUSES
2378.7431874999997	2386.4990625	99999	sp
2386.4990625	2386.5280625	99999	sp
2386.5280625	2386.7780625	226	IT'S
2386.7780625	2387.0520625	285	NOT
2387.0520625	2387.4490625	133	EASY
2387.4490625	2387.6170625000004	446	TO
2387.6170625000004	2388.3290625	113	CREATE
2388.3290625	2389.1020625	215	ILLUMINATING
2389.1020625	2390.0490625	146	EXAMPLES
2390.0490625	2398.3138125	99999	sp
2398.3138125	2399.1838125000004	17	AMBIDEXTROUS
2399.1838125000004	2400.1228125	327	PICKPOCKETS
2400.1228125	2400.8728125	6	ACCOMPLISH
2400.8728125	2401.4438124999997	267	MORE
2401.4438124999997	2410.0703750000002	99999	sp
2410.0703750000002	2410.098375	99999	sp
2410.098375	2410.7913750000002	44	BAGPIPES
2410.7913750000002	2411.0443750000004	20	AND
2411.0443750000004	2411.9233750000003	59	BONGOS
2411.9233750000003	2412.1203750000004	30	ARE
2412.1203750000004	2412.702375	273	MUSICAL
2412.702375	2413.594375	220	INSTRUMENTS
2413.594375	2422.689875	99999	sp
2422.689875	2422.9278750000003	434	THE
2422.9278750000003	2423.281875	453	TWO
2423.281875	2424.019875	33	ARTISTS
2424.019875	2424.979875	147	EXCHANGED
2424.979875	2425.912875	39	AUTOGRAPHS
2425.912875	2434.799	99999	sp
2434.799	2434.916	476	WE
2434.916	2435.1040000000003	30	ARE
2435.1040000000003	2435.709	301	OPEN
2435.709	2436.084	145	EVERY
2436.084	2436.672	265	MONDAY
2436.672	2437.2340000000004	143	EVENING
2437.2340000000004	2445.6873125	99999	sp
2445.6873125	2445.6963125	99999	sp
2445.6963125	2446.0123125	24	ANY
2446.0123125	2447.1373125	105	CONTRIBUTIONS
2447.1373125	2447.3063125	485	WILL
2447.3063125	2447.4403125	47	BE
2447.4403125	2447.9823125000003	195	GREATLY
2447.9823125000003	2448.9373125	28	APPRECIATED
2448.9373125	2459.68575	99999	sp
2459.68575	2459.76975	1	A
2459.76975	2460.37775	271	MUSCULAR
2460.37775	2461.04275	2	ABDOMEN
2461.04275	2461.28175	99999	sp
2461.28175	2461.54175	224	IS
2461.54175	2461.7397499999997	189	GOOD
2461.7397499999997	2461.9407499999998	161	FOR
2461.9407499999998	2462.08575	496	YOUR
2462.08575	2462.60875	43	BACK
2462.60875	2472.5805625	99999	sp
2472.5805625	2472.9795624999997	354	READING
2472.9795624999997	2473.1305624999995	217	IN
2473.1305624999995	2473.3965625	335	POOR
2473.3965625	2473.9505624999997	240	LIGHT
2473.9505624999997	2474.3105625	181	GIVES
2474.3105625	2474.4045625	495	YOU
2474.4045625	2475.2915624999996	150	EYESTRAIN
2475.2915624999996	2484.9304375	99999	sp
2484.9304375	2485.3264375	130	DRAW
2485.3264375	2485.7354375000004	145	EVERY
2485.7354375000004	2486.0484375	308	OUTER
2486.0484375	2486.4124375	244	LINE
2486.4124375	2487.0694375000003	156	FIRST
2487.0694375000003	2487.3654375	99999	sp
2487.3654375	2487.6084375	436	THEN
2487.6084375	2488.0144375	154	FILL
2488.0144375	2488.3964375	217	IN
2488.3964375	2488.5624375	434	THE
2488.5624375	2489.3524375	222	INTERIOR
2489.3524375	2498.8225625	99999	sp
2498.8225625	2499.1725625	375	SHE
2499.1725625	2499.5265625	490	WORE
2499.5265625	2500.1905625	471	WARM
2500.1905625	2500.7425625	158	FLEECY
2500.7425625	2501.1725625	489	WOOLEN
2501.1725625	2502.0825624999998	311	OVERALLS
2502.0825624999998	2511.0664374999997	99999	sp
2511.0664374999997	2511.0854375	99999	sp
2511.0854375	2511.4764374999995	443	THOSE
2511.4764374999995	2511.6194374999995	484	WHO
2511.6194374999995	2511.9964375	427	TEACH
2511.9964375	2512.6454375	462	VALUES
2512.6454375	2513.1064374999996	156	FIRST
2513.1064374999996	2513.7194375	4	ABOLISH
2513.7194375	2514.2164374999998	87	CHEATING
2514.2164374999998	2523.897125	99999	sp
2523.897125	2523.913125	99999	sp
2523.913125	2524.3221249999997	270	MUM
2524.3221249999997	2524.897125	407	STRONGLY
2524.897125	2525.567125	126	DISLIKES
2525.567125	2526.528125	27	APPETIZERS
2526.528125	2536.1094375	99999	sp
2536.1094375	2537.5564375	115	CYCLICAL
2537.5564375	2538.3694374999995	346	PROGRAMS
2538.3694374999995	2538.4264375	99999	sp
2538.4264375	2538.6144375	485	WILL
2538.6144375	2539.0084374999997	281	NEVER
2539.0084374999997	2539.7194375	100	COMPILE
2539.7194375	2547.8025625	99999	sp
2547.8025625	2548.0155625	476	WE
2548.0155625	2548.4465625000003	480	WELCOME
2548.4465625000003	2548.8265625000004	256	MANY
2548.8265625000004	2549.0665625	282	NEW
2549.0665625	2549.7635625000003	408	STUDENTS
2549.7635625000003	2550.0465625	132	EACH
2550.0465625	2550.4445625	491	YEAR
2550.4445625	2558.7713125	99999	sp
2558.7713125	2558.7913125	99999	sp
2558.7913125	2558.9313125	434	THE
2558.9313125	2559.7053125	111	CRANBERRY
2559.7053125	2560.2023125	57	BOG
2560.2023125	2560.4403125	99999	sp
2560.4403125	2560.7203124999996	178	GETS
2560.7203124999996	2561.1163125000003	465	VERY
2561.1163125000003	2561.5923125	340	PRETTY
2561.5923125	2561.7653124999997	99999	sp
2561.7653124999997	2561.9313125	217	IN
2561.9313125	2562.4313125	40	AUTUMN
2562.4313125	2569.733875	99999	sp
2569.733875	2569.750875	99999	sp
2569.750875	2570.2988750000004	183	GLUCOSE
2570.2988750000004	2570.5348750000003	20	AND
2570.5348750000003	2571.538875	167	FRUCTOSE
2571.538875	2571.654875	99999	sp
2571.654875	2571.814875	30	ARE
2571.814875	2572.3248750000002	276	NATURAL
2572.3248750000002	2573.0148750000003	414	SUGARS
2573.0148750000003	2573.363875	163	FOUND
2573.363875	2573.4908750000004	217	IN
2573.4908750000004	2574.0748750000002	168	FRUIT
2574.0748750000002	2583.463890316702	99999	sp
2583.463890316702	2583.490890316702	99999	sp
2583.490890316702	2583.576890316702	1	A
2583.576890316702	2584.573890316702	371	SCREWDRIVER
2584.573890316702	2584.807890316702	224	IS
2584.807890316702	2585.134890316702	252	MADE
2585.134890316702	2585.4738903167017	166	FROM
2585.4738903167017	2586.0838903167023	469	VODKA
2586.0838903167023	2586.318890316702	99999	sp
2586.318890316702	2586.546890316702	20	AND
2586.546890316702	2587.032890316702	303	ORANGE
2587.032890316702	2587.573890316702	230	JUICE
2587.573890316702	2597.3046875	99999	sp
2597.3046875	2597.4416874999997	434	THE
2597.4416874999997	2597.9006875	369	ROSE
2597.9006875	2598.7806874999997	106	CORSAGE
2598.7806874999997	2599.2806874999997	393	SMELLED
2599.2806874999997	2600.0006875	421	SWEET
2600.0006875	2608.7178750000003	99999	sp
2608.7178750000003	2608.740875	99999	sp
2608.740875	2609.3178749999997	84	CHALLENGE
2609.3178749999997	2609.697875	132	EACH
2609.697875	2610.587875	175	GENERAL'S
2610.587875	2611.606875	221	INTELLIGENCE
2611.606875	2620.90175	99999	sp
2620.90175	2620.91175	99999	sp
2620.91175	2621.2927500000005	145	EVERY
2621.2927500000005	2621.69175	74	CAB
2621.69175	2622.0907500000003	280	NEEDS
2622.0907500000003	2622.76875	364	REPAINTING
2622.76875	2623.3917500000002	296	OFTEN
2623.3917500000002	2634.0829375	99999	sp
2634.0829375	2634.5029375	366	RICH
2634.5029375	2635.0449375	349	PURCHASED
2635.0449375	2635.8129375	374	SEVERAL
2635.8129375	2636.3039375	382	SIGNED
2636.3039375	2637.3329375	245	LITHOGRAPHS
2637.3329375	2646.52475	99999	sp
2646.52475	2646.72175	30	ARE
2646.72175	2646.93275	495	YOU
2646.93275	2647.3827499999998	250	LOOKING
2647.3827499999998	2647.59175	161	FOR
2647.59175	2648.34175	136	EMPLOYMENT
2648.34175	2657.4506875	99999	sp
2657.4506875	2657.7616875000003	142	EVEN
2657.7616875000003	2657.8596875000003	1	A
2657.8596875000003	2658.3886875	383	SIMPLE
2658.3886875	2659.3286875000003	468	VOCABULARY
2659.3286875000003	2659.9036875	104	CONTAINS
2659.9036875	2660.6986875000002	422	SYMBOLS
2660.6986875000002	2670.0406875	99999	sp
2670.0406875	2670.0606875	99999	sp
2670.0606875	2670.1506874999995	434	THE
2670.1506874999995	2670.7606874999997	61	BOSTON
2670.7606874999997	2671.4806874999995	45	BALLET
2671.4806874999995	2671.5606875	99999	sp
2671.5606875	2672.2906875	312	OVERCAME
2672.2906875	2672.4806874999995	435	THEIR
2672.4806874999995	2672.9706874999997	170	FUNDING
2672.9706874999997	2673.7806874999997	380	SHORTAGE
2673.7806874999997	2683.015375	99999	sp
2683.015375	2683.403375	203	HELP
2683.403375	2683.858375	196	GREG
2683.858375	2684.095375	446	TO
2684.095375	2684.485375	325	PICK
2684.485375	2684.586375	99999	sp
2684.586375	2684.784375	1	A
2684.784375	2685.250375	321	PECK
2685.250375	2685.3353749999997	99999	sp
2685.3353749999997	2685.598375	294	OF
2685.598375	2686.495375	338	POTATOES
2686.495375	2695.9714999999997	99999	sp
2695.9714999999997	2696.0035	99999	sp
2696.0035	2696.1875	224	IS
2696.1875	2696.5154999999995	375	SHE
2696.5154999999995	2696.8615	187	GOING
2696.8615	2697.1344999999997	487	WITH
2697.1344999999997	2697.4815	495	YOU
2697.4815	2705.3288125	99999	sp
2705.3288125	2705.3608125	99999	sp
2705.3608125	2706.0288125	75	CALCIUM
2706.0288125	2706.4298125	254	MAKES
2706.4298125	2707.1538125	58	BONES
2707.1538125	2707.4198125000003	20	AND
2707.4198125000003	2707.7498125	430	TEETH
2707.7498125	2708.6748125000004	406	STRONG
2708.6748125000004	2724.5780625	99999	sp
2724.5780625	2724.8070625	30	ARE
2724.8070625	2725.0660625	496	YOUR
2725.0660625	2725.6770625000004	192	GRADES
2725.6770625000004	2726.3280625	206	HIGHER
2726.3280625	2726.4550625	99999	sp
2726.4550625	2726.6360625	302	OR
2726.6360625	2727.1260625	251	LOWER
2727.1260625	2727.3370625000002	432	THAN
2727.3370625000002	2728.2470625	275	NANCY'S
2728.2470625	2737.8870625	99999	sp
2737.8870625	2738.2080625	375	SHE
2738.2080625	2738.5370625	490	WORE
3359.4019999999996	3359.557	99999	sp
3359.557	3359.9519999999998	255	MALE
3359.9519999999998	3360.578	42	BABOON'S
3360.578	3361.08	430	TEETH
3361.08	3361.354	99999	sp
3361.354	3361.5299999999997	30	ARE
3361.5299999999997	3361.7799999999997	285	NOT
3361.7799999999997	3362.5209999999997	415	SUITABLE
3362.5209999999997	3362.7619999999997	99999	sp
3362.7619999999997	3363.051	161	FOR
3363.051	3363.477	135	EATING
3363.477	3364.39	376	SHELLFISH
3364.39	3375.3745	99999	sp
3375.3745	3375.9505	286	NOTHING
3375.9505	3376.1775	224	IS
3376.1775	3376.3215	34	AS
3376.3215	3377.1004999999996	295	OFFENSIVE
3377.1004999999996	3377.3855	34	AS
3377.3855	3377.5164999999997	99999	sp
3377.5164999999997	3378.3345	219	INNOCENCE
3378.3345	3388.96775	99999	sp
3388.96775	3389.3357499999997	210	HOW
3389.3357499999997	3389.5587499999997	189	GOOD
3389.5587499999997	3389.75875	224	IS
3389.75875	3390.13875	496	YOUR
3390.13875	3391.25875	138	ENDURANCE
3391.25875	3400.62825	99999	sp
3400.62825	3400.64725	99999	sp
3400.64725	3401.00725	298	ONLY
3401.00725	3401.1672500000004	434	THE
3401.1672500000004	3401.5372500000003	51	BEST
3401.5372500000003	3402.2382500000003	330	PLAYERS
3402.2382500000003	3402.68825	139	ENJOY
3402.68825	3403.52725	336	POPULARITY
3403.52725	3411.9870625	99999	sp
3411.9870625	3412.1030625	1	A
3412.1030625	3412.5540625	110	CRAB
3412.5540625	3413.1720625	85	CHALLENGED
3413.1720625	3413.6420624999996	258	ME
3413.6420624999996	3413.8940624999996	99999	sp
3413.8940624999996	3414.0420624999997	70	BUT
3414.0420624999997	3414.1800624999996	1	A
3414.1800624999996	3414.4520624999996	350	QUICK
3414.4520624999996	3415.0620624999997	402	STAB
3415.0620624999997	3415.2090624999996	99999	sp
3415.2090624999996	3415.7400624999996	464	VANQUISHED
3415.7400624999996	3416.0910624999997	207	HIM
3416.0910624999997	3425.2356875	99999	sp
3425.2356875	3425.4296875	434	THE
3425.4296875	3426.0286875	165	FRIGHTENED
3426.0286875	3426.7016875000004	89	CHILD
3426.7016875000004	3426.8026875	99999	sp
3426.8026875	3427.0886875	472	WAS
3427.0886875	3427.5936875	176	GENTLY
3427.5936875	3428.5236875	410	SUBDUED
3428.5236875	3428.6996875000004	73	BY
3428.6996875000004	3429.0196875	208	HIS
3429.0196875	3429.2906875000003	52	BIG
3429.2906875000003	3429.8296875	66	BROTHER
3429.8296875	3438.3845	99999	sp
3438.3845	3438.4115	99999	sp
3438.4115	3438.8245	98	COFFEE
3438.8245	3438.9985	224	IS
3438.9985	3439.3655	198	GROWN
3439.3655	3439.5535	297	ON
3439.5535	3440.2605	404	STEEP
3440.2605	3440.8035	231	JUNGLE
3440.8035	3441.0345	241	LIKE
3441.0345	3441.7645	390	SLOPES
3441.7645	3441.8965	99999	sp
3441.8965	3442.1045	217	IN
3442.1045	3442.5635	431	TEMPERATE
3442.5635	3443.3135	497	ZONES
3443.3135	3452.36	99999	sp
3452.36	3452.6160000000004	210	HOW
3452.6160000000004	3452.871	269	MUCH
3452.871	3453.7610000000004	16	ALLOWANCE
3453.7610000000004	3453.8360000000002	99999	sp
3453.8360000000002	3453.9410000000003	128	DO
3453.9410000000003	3454.2470000000003	495	YOU
3454.2470000000003	3454.7280000000005	177	GET
3454.7280000000005	3464.4459375	99999	sp
3464.4459375	3464.9499375000005	433	THAT
3464.9499375000005	3465.8719375000005	326	PICKPOCKET
3465.8719375000005	3465.9999375	99999	sp
3465.9999375	3466.3399375000004	472	WAS
3466.3399375000004	3466.8539375000005	80	CAUGHT
3466.8539375000005	3467.1429375000002	99999	sp
3467.1429375000002	3467.5029375000004	356	RED
3467.5029375000004	3468.1839375000004	199	HANDED
3468.1839375000004	3478.2840625	99999	sp
3478.2840625	3478.5570625	438	THEY
3478.5570625	3478.8380625	317	OWN
3478.8380625	3479.0340625	1	A
3479.0340625	3479.2150625	52	BIG
3479.2150625	3479.8850625	209	HOUSE
3479.8850625	3480.1540625	99999	sp
3480.1540625	3480.3700625	217	IN
3480.3700625	3480.4920625	434	THE
3480.4920625	3481.1850624999997	361	REMOTE
3481.1850624999997	3481.3310625	99999	sp
3481.3310625	3482.3070625	109	COUNTRYSIDE
3482.3070625	3492.508375	99999	sp
3492.508375	3493.101375	229	JOHN'S
3493.101375	3493.522375	66	BROTHER
3493.522375	3494.432375	363	REPAINTED
3494.432375	3494.619375	99999	sp
3494.619375	3494.742375	434	THE
3494.742375	3495.412375	173	GARAGE
3495.412375	3495.862375	129	DOOR
3495.862375	3506.009125	99999	sp
3506.009125	3506.243125	257	MAY
3506.243125	3506.423125	211	I
3506.423125	3506.7821249999997	304	ORDER
3506.7821249999997	3506.952125	1	A
3506.952125	3507.768125	319	PARFAIT
3507.768125	3508.247125	10	AFTER
3508.247125	3508.413125	211	I
3508.413125	3508.8001249999998	134	EAT
3508.8001249999998	3509.2531249999997	124	DINNER
3509.2531249999997	3516.9005625	99999	sp
3516.9005625	3517.6075625	71	BUTTERSCOTCH
3517.6075625	3518.3185625	169	FUDGE
3518.3185625	3518.6755625	186	GOES
3518.6755625	3519.1975625	481	WELL
3519.1975625	3519.4085625	487	WITH
3519.4085625	3519.7875625	463	VANILLA
3519.7875625	3520.1275625	212	ICE
3520.1275625	3520.5275625	112	CREAM
3520.5275625	3531.3685625	99999	sp
3531.3685625	3531.7305625	142	EVEN
3531.7305625	3532.1205625	211	I
3532.1205625	3532.8605625	293	OCCASIONALLY
3532.8605625	3533.3205625	177	GET
3533.3205625	3533.4375625	99999	sp
3533.4375625	3533.5505624999996	434	THE
3533.5505624999996	3533.9885624999997	265	MONDAY
3533.9885624999997	3534.5915625	56	BLUES
3534.5915625	3543.082625	99999	sp
3543.082625	3543.385625	76	CAN
3543.385625	3543.556625	434	THE
3543.556625	3544.336625	11	AGENCY
3544.336625	3545.087625	315	OVERTHROW
3545.087625	3545.576625	13	ALIEN
3545.576625	3546.225625	162	FORCES
3546.225625	3554.5688125	99999	sp
3554.5688125	3554.8538125	210	HOW
3554.8538125	3555.0128125	128	DO
3555.0128125	3555.6028125000003	318	OYSTERS
3555.6028125000003	3555.9258125	253	MAKE
3555.9258125	3556.6128125	320	PEARLS
3556.6128125	3565.7824375	99999	sp
3565.7824375	3566.2864375	405	STEVE
3566.2864375	3566.5474375	490	WORE
3566.5474375	3566.7154375	1	A
3566.7154375	3567.1564375000003	65	BRIGHT
3567.1564375000003	3567.5954375	356	RED
3567.5954375	3567.7724375000003	99999	sp
3567.7724375000003	3568.3584375	78	CASHMERE
3568.3584375	3568.8964375	420	SWEATER
3568.8964375	3578.0619375	99999	sp
3578.0619375	3578.0909375	99999	sp
3578.0909375	3578.5519375000003	46	BARB'S
3578.5519375000003	3578.9319375000005	188	GOLD
3578.9319375000005	3579.7409375	63	BRACELET
3579.7409375	3579.8259375000002	99999	sp
3579.8259375000002	3580.0319375000004	472	WAS
3580.0319375000004	3580.1029375000003	1	A
3580.1029375000003	3580.9609375	193	GRADUATION
3580.9609375	3581.5319375000004	339	PRESENT
3581.5319375000004	3591.7575	99999	sp
3591.7575	3591.9865	30	ARE
3591.9865	3592.2455	496	YOUR
3592.2455	3592.8565000000003	192	GRADES
3592.8565000000003	3593.5075	206	HIGHER
3593.5075	3593.6345	99999	sp
3593.6345	3593.8155	302	OR
3593.8155	3594.3055	251	LOWER
3594.3055	3594.5165	432	THAN
3594.5165	3595.4265	275	NANCY'S
3595.4265	3604.9645625	99999	sp
3604.9645625	3605.3445625	108	COUNT
3605.3445625	3605.4385625	434	THE
3605.4385625	3606.1345625	289	NUMBER
3606.1345625	3606.3685625	294	OF
3606.3685625	3607.1995625	429	TEASPOONS
3607.1995625	3607.3365624999997	294	OF
3607.3365624999997	3608.1855625	395	SOYSAUCE
3608.1855625	3608.3325624999998	99999	sp
3608.3325624999998	3608.5755624999997	433	THAT
3608.5755624999997	3608.8085625	495	YOU
3608.8085625	3609.2595625	7	ADD
3609.2595625	3619.4384375	99999	sp
3619.4384375	3619.6424374999997	476	WE
3619.6424374999997	3619.9684374999997	241	LIKE
3619.9684374999997	3620.2024374999996	55	BLUE
3620.2024374999996	3620.9834374999996	88	CHEESE
3620.9834374999996	3621.4144374999996	99999	sp
3621.4144374999996	3621.5934374999997	70	BUT
3621.5934374999997	3622.1734374999996	466	VICTOR
3622.1734374999996	3622.6134374999997	99999	sp
3622.6134374999997	3623.1634375	242	LIKES
3623.1634375	3623.7124375	64	BRIE
3623.7124375	3634.001875	99999	sp
3634.001875	3634.106875	434	THE
3634.106875	3634.506875	475	WATER
3634.506875	3635.092875	103	CONTAINED
3635.092875	3635.458875	448	TOO
3635.458875	3635.798875	269	MUCH
3635.798875	3636.7308749999997	90	CHLORINE
3636.7308749999997	3636.892875	99999	sp
3636.892875	3637.082875	20	AND
3637.082875	3637.500875	409	STUNG
3637.500875	3637.780875	208	HIS
3637.780875	3638.540875	149	EYES
3638.540875	3646.928875	99999	sp
3646.928875	3647.1728749999997	204	HER
3647.1728749999997	3647.738875	470	WARDROBE
3647.738875	3648.717875	102	CONSISTS
3648.717875	3648.957875	294	OF
3648.957875	3649.3758749999997	298	ONLY
3649.3758749999997	3650.246875	385	SKIRTS
3650.246875	3650.332875	99999	sp
3650.332875	3650.636875	20	AND
3650.636875	3651.484875	54	BLOUSES
3651.484875	3659.6571249999997	99999	sp
3659.6571249999997	3659.691125	99999	sp
3659.691125	3659.977125	226	IT'S
3659.977125	3660.227125	285	NOT
3660.227125	3660.5901249999997	133	EASY
3660.5901249999997	3660.765125	446	TO
3660.765125	3661.5581249999996	113	CREATE
3661.5581249999996	3662.316125	215	ILLUMINATING
3662.316125	3663.258125	146	EXAMPLES
3663.258125	3671.692375	99999	sp
3671.692375	3672.6353750000003	17	AMBIDEXTROUS
3672.6353750000003	3673.650375	327	PICKPOCKETS
3673.650375	3673.714375	99999	sp
3673.714375	3674.372375	6	ACCOMPLISH
3674.372375	3674.872375	267	MORE
3674.872375	3683.538	99999	sp
3683.538	3684.638	44	BAGPIPES
3684.638	3684.792	99999	sp
3684.792	3685.029	20	AND
3685.029	3685.947	59	BONGOS
3685.947	3686.189	99999	sp
3686.189	3686.35	30	ARE
3686.35	3687.0879999999997	273	MUSICAL
3687.0879999999997	3687.55	99999	sp
3687.55	3688.618	220	INSTRUMENTS
3688.618	3697.8744375	99999	sp
3697.8744375	3698.0454375000004	434	THE
3698.0454375000004	3698.3034375	453	TWO
3698.3034375	3699.0734375	33	ARTISTS
3699.0734375	3699.8954375000003	147	EXCHANGED
3699.8954375000003	3700.8434375	39	AUTOGRAPHS
3700.8434375	3708.5474375	99999	sp
3708.5474375	3708.6774374999995	476	WE
3708.6774374999995	3708.8824375	30	ARE
3708.8824375	3709.5474375	301	OPEN
3709.5474375	3709.6134374999997	99999	sp
3709.6134374999997	3710.0074375	145	EVERY
3710.0074375	3710.5904375	265	MONDAY
3710.5904375	3711.3654374999996	143	EVENING
3711.3654374999996	3720.0479375	99999	sp
3720.0479375	3720.3359375	24	ANY
3720.3359375	3721.4269375000003	105	CONTRIBUTIONS
3721.4269375000003	3721.5949375	485	WILL
3721.5949375	3721.7229375	47	BE
3721.7229375	3722.3659375	195	GREATLY
3722.3659375	3723.3659375	28	APPRECIATED
3723.3659375	3734.1559375	99999	sp
3734.1559375	3734.2689375	1	A
3734.2689375	3735.0229375	271	MUSCULAR
3735.0229375	3735.7939375	2	ABDOMEN
3735.7939375	3736.0619375	99999	sp
3736.0619375	3736.3209375	224	IS
3736.3209375	3736.5229375	189	GOOD
3736.5229375	3736.7629375	161	FOR
3736.7629375	3737.0289375	496	YOUR
3737.0289375	3737.281975175672	43	BACK
3737.281975175672	3747.686875	99999	sp
3747.686875	3748.137875	354	READING
3748.137875	3748.3038749999996	217	IN
3748.3038749999996	3748.633875	335	POOR
3748.633875	3749.195875	240	LIGHT
3749.195875	3749.286875	99999	sp
3749.286875	3749.6388749999996	181	GIVES
3749.6388749999996	3749.7708749999997	495	YOU
3749.7708749999997	3750.673875	150	EYESTRAIN
3750.673875	3758.8375	99999	sp
3758.8375	3759.2325	130	DRAW
3759.2325	3759.7375	145	EVERY
3759.7375	3760.1555000000003	308	OUTER
3760.1555000000003	3760.5785	244	LINE
3760.5785	3761.3185000000003	156	FIRST
3761.3185000000003	3761.4295	99999	sp
3761.4295	3761.7675000000004	436	THEN
3761.7675000000004	3762.1365	154	FILL
3762.1365	3762.5385	217	IN
3762.5385	3762.6885	99999	sp
3762.6885	3762.8675000000003	434	THE
3762.8675000000003	3763.6175000000003	222	INTERIOR
3763.6175000000003	3772.8806875	99999	sp
3772.8806875	3773.2016875	375	SHE
3773.2016875	3773.5306875	490	WORE
3773.5306875	3774.1896875	471	WARM
3774.1896875	3774.4006875	99999	sp
3774.4006875	3775.0596875	158	FLEECY
3775.0596875	3775.6706875	489	WOOLEN
3775.6706875	3776.7706875	311	OVERALLS
3776.7706875	3785.8443125	99999	sp
3785.8443125	3785.8683125	99999	sp
3785.8683125	3786.1993125	443	THOSE
3786.1993125	3786.3093125	484	WHO
3786.3093125	3786.6633125	427	TEACH
3786.6633125	3787.3643125	462	VALUES
3787.3643125	3787.7573125	156	FIRST
3787.7573125	3788.2883125	4	ABOLISH
3788.2883125	3788.8143124999997	87	CHEATING
3788.8143124999997	3798.041125	99999	sp
3798.041125	3798.4041250000005	270	MUM
3798.4041250000005	3798.9521250000003	407	STRONGLY
3798.9521250000003	3799.601125	126	DISLIKES
3799.601125	3800.5511250000004	27	APPETIZERS
3800.5511250000004	3809.5355625	99999	sp
3809.5355625	3810.7935625	115	CYCLICAL
3810.7935625	3811.6545625000003	346	PROGRAMS
3811.6545625000003	3811.7815625000003	99999	sp
3811.7815625000003	3812.0415625	485	WILL
3812.0415625	3812.3555625000004	281	NEVER
3812.3555625000004	3812.9955625000002	100	COMPILE
3812.9955625000002	3820.82325	99999	sp
3820.82325	3821.07825	476	WE
3821.07825	3821.50725	480	WELCOME
3821.50725	3821.87725	256	MANY
3821.87725	3822.10825	282	NEW
3822.10825	3822.94825	408	STUDENTS
3822.94825	3823.18525	99999	sp
3823.18525	3823.54625	132	EACH
3823.54625	3824.18825	491	YEAR
3824.18825	3832.433625	99999	sp
3832.433625	3832.540625	434	THE
3832.540625	3833.1826250000004	111	CRANBERRY
3833.1826250000004	3833.7426250000003	57	BOG
3833.7426250000003	3833.9126250000004	99999	sp
3833.9126250000004	3834.1826250000004	178	GETS
3834.1826250000004	3834.5346250000002	465	VERY
3834.5346250000002	3835.0376250000004	340	PRETTY
3835.0376250000004	3835.3606250000003	99999	sp
3835.3606250000003	3835.554625	217	IN
3835.554625	3835.9726250000003	40	AUTUMN
3835.9726250000003	3842.7064375	99999	sp
3842.7064375	3842.7334375	99999	sp
3842.7334375	3843.3004375	183	GLUCOSE
3843.3004375	3843.4364375	20	AND
3843.4364375	3844.2664375	167	FRUCTOSE
3844.2664375	3844.4854375	30	ARE
3844.4854375	3844.9494375	276	NATURAL
3844.9494375	3845.7104375	414	SUGARS
3845.7104375	3845.8704374999998	99999	sp
3845.8704374999998	3846.1894374999997	163	FOUND
3846.1894374999997	3846.3224375	217	IN
3846.3224375	3847.0204375	168	FRUIT
3847.0204375	3854.9035625	99999	sp
3854.9035625	3855.7915625	371	SCREWDRIVER
3855.7915625	3855.9515625	224	IS
3855.9515625	3856.5115625000003	252	MADE
3856.5115625000003	3856.6745625	99999	sp
3856.6745625	3857.0115625000003	166	FROM
3857.0115625000003	3857.6415625	469	VODKA
3857.6415625	3857.9805625	99999	sp
3857.9805625	3858.2015625	20	AND
3858.2015625	3858.7615625000003	303	ORANGE
3858.7615625000003	3859.3215625000003	230	JUICE
3859.3215625000003	3868.721	99999	sp
3868.721	3868.845	434	THE
3868.845	3869.343	369	ROSE
3869.343	3870.247	106	CORSAGE
3870.247	3870.512	99999	sp
3870.512	3871.095	393	SMELLED
3871.095	3871.917	421	SWEET
3871.917	3879.5775625	99999	sp
3879.5775625	3880.2585625	84	CHALLENGE
3880.2585625	3880.6195625	132	EACH
3880.6195625	3881.4175625	175	GENERAL'S
3881.4175625	3882.4675625	221	INTELLIGENCE
3882.4675625	3891.540875	99999	sp
3891.540875	3891.9228749999997	145	EVERY
3891.9228749999997	3892.401875	74	CAB
3892.401875	3892.591875	99999	sp
3892.591875	3893.036875	280	NEEDS
3893.036875	3894.232875	364	REPAINTING
3894.232875	3894.831875	296	OFTEN
3894.831875	3905.9461875	99999	sp
3905.9461875	3906.4941875000004	366	RICH
3906.4941875000004	3906.9501875	349	PURCHASED
3906.9501875	3907.6951875000004	374	SEVERAL
3907.6951875000004	3908.2661875000003	382	SIGNED
3908.2661875000003	3909.3071875000005	245	LITHOGRAPHS
3909.3071875000005	3918.55775	99999	sp
3918.55775	3918.71275	30	ARE
3918.71275	3918.87475	495	YOU
3918.87475	3919.33275	250	LOOKING
3919.33275	3919.57175	161	FOR
3919.57175	3920.46275	136	EMPLOYMENT
3920.46275	3929.923125	99999	sp
3929.923125	3930.3131249999997	142	EVEN
3930.3131249999997	3930.3901249999994	1	A
3930.3901249999994	3930.8781249999997	383	SIMPLE
3930.8781249999997	3931.865125	468	VOCABULARY
3931.865125	3931.9951249999995	99999	sp
3931.9951249999995	3932.635125	104	CONTAINS
3932.635125	3933.597125	422	SYMBOLS
3933.597125	3943.056125	99999	sp
3943.056125	3943.2361250000004	434	THE
3943.2361250000004	3943.7631250000004	61	BOSTON
3943.7631250000004	3944.554125	45	BALLET
3944.554125	3945.2851250000003	312	OVERCAME
3945.2851250000003	3945.4521250000003	435	THEIR
3945.4521250000003	3945.9701250000003	170	FUNDING
3945.9701250000003	3946.7921250000004	380	SHORTAGE
3946.7921250000004	3957.4689375	99999	sp
3957.4689375	3957.8659374999997	203	HELP
3957.8659374999997	3958.4289374999994	196	GREG
3958.4289374999994	3958.5679374999995	99999	sp
3958.5679374999995	3958.7969375	446	TO
3958.7969375	3959.2289374999996	325	PICK
3959.2289374999996	3959.4999374999998	99999	sp
3959.4999374999998	3959.6809375	1	A
3959.6809375	3960.0799374999997	321	PECK
3960.0799374999997	3960.4599375	99999	sp
3960.4599375	3960.7089374999996	294	OF
3960.7089374999996	3961.5429375	338	POTATOES
3961.5429375	3970.88425	99999	sp
3970.88425	3970.9972500000003	224	IS
3970.9972500000003	3971.31025	375	SHE
3971.31025	3971.65725	187	GOING
3971.65725	3971.91125	487	WITH
3971.91125	3972.26625	495	YOU
3972.26625	3980.4726875	99999	sp
3980.4726875	3981.0486875	75	CALCIUM
3981.0486875	3981.3996875	254	MAKES
3981.3996875	3981.9286875	58	BONES
3981.9286875	3982.1186875	20	AND
3982.1186875	3982.4516875	430	TEETH
3982.4516875	3983.3086875	406	STRONG
3983.3086875	3987.65	99999	sp
