37.7761875	38.05977051770138	375	SHE
38.05977051770138	38.59800315960527	490	WORE
38.59800315960527	38.71647704871832	99999	sp
38.71647704871832	39.28555170625946	471	WARM
39.28555170625946	39.98977051770138	158	FLEECY
39.98977051770138	40.42993057210606	489	WOOLEN
40.42993057210606	41.41081491179129	311	OVERALLS
41.41081491179129	51.5949375	99999	sp
51.5949375	52.019042417841156	354	READING
52.019042417841156	52.24160023008648	217	IN
52.24160023008648	52.292139032095534	99999	sp
52.292139032095534	52.602572065421676	335	POOR
52.602572065421676	53.03069629840612	240	LIGHT
53.03069629840612	53.38255666870902	181	GIVES
53.38255666870902	53.552556668709016	495	YOU
53.552556668709016	54.49255666870902	150	EYESTRAIN
54.49255666870902	64.707	99999	sp
64.707	64.9857372991262	142	EVEN
64.9857372991262	65.27495893925379	211	I
65.27495893925379	66.14679701491283	293	OCCASIONALLY
66.14679701491283	66.39977419404033	177	GET
66.39977419404033	66.47495893925378	434	THE
66.47495893925378	67.01545862156367	265	MONDAY
67.01545862156367	67.74495893925379	56	BLUES
67.74495893925379	78.4153125	99999	sp
78.4153125	78.5510145104784	476	WE
78.5510145104784	78.71342748204937	30	ARE
78.71342748204937	79.18514480571015	301	OPEN
79.18514480571015	79.51676371769071	145	EVERY
79.51676371769071	80.05183172870164	265	MONDAY
80.05183172870164	80.68101451047839	143	EVENING
80.68101451047839	92.270875	99999	sp
92.270875	92.55031537802833	226	IT'S
92.55031537802833	92.90693255555742	285	NOT
92.90693255555742	93.37751021269644	133	EASY
93.37751021269644	93.55135723722705	446	TO
93.55135723722705	93.99943093875015	113	CREATE
93.99943093875015	94.84943093875015	215	ILLUMINATING
94.84943093875015	95.92943093875014	146	EXAMPLES
95.92943093875014	106.50525	99999	sp
106.50525	107.0060359931987	270	MUM
107.0060359931987	107.7981769405634	407	STRONGLY
107.7981769405634	108.60603599319869	126	DISLIKES
108.60603599319869	108.70804343127216	99999	sp
108.70804343127216	109.95907688852346	27	APPETIZERS
109.95907688852346	121.6213125	99999	sp
121.6213125	121.96649591588229	443	THOSE
121.96649591588229	122.14914927003596	484	WHO
122.14914927003596	122.47670333793931	427	TEACH
122.47670333793931	123.21434271487676	462	VALUES
123.21434271487676	123.69348546040702	156	FIRST
123.69348546040702	124.35649591588229	4	ABOLISH
124.35649591588229	125.09238441655359	87	CHEATING
125.09238441655359	136.54325	99999	sp
136.54325	136.65383951934857	434	THE
136.65383951934857	137.1412302602528	165	FRIGHTENED
137.1412302602528	137.56383951934856	89	CHILD
137.56383951934856	137.81492001562546	472	WAS
137.81492001562546	138.15383951934857	176	GENTLY
138.15383951934857	138.84094781489108	410	SUBDUED
138.84094781489108	139.02383951934857	73	BY
139.02383951934857	139.32844804874262	208	HIS
139.32844804874262	139.57907930566776	52	BIG
139.57907930566776	140.06383951934856	66	BROTHER
140.06383951934856	151.624375	99999	sp
151.624375	151.9707737131274	142	EVEN
151.9707737131274	152.1347044516787	1	A
152.1347044516787	152.59470445167867	383	SIMPLE
152.59470445167867	153.54053595079407	468	VOCABULARY
153.54053595079407	154.12470445167867	104	CONTAINS
154.12470445167867	154.95622695736105	422	SYMBOLS
154.95622695736105	165.5085625	99999	sp
165.5085625	165.7026918560492	1	A
165.7026918560492	166.12237699887308	110	CRAB
166.12237699887308	166.79755011297544	85	CHALLENGED
166.79755011297544	167.24123667934356	258	ME
167.24123667934356	167.45755011297544	70	BUT
167.45755011297544	167.67484957712665	1	A
167.67484957712665	167.92755011297544	350	QUICK
167.92755011297544	168.45079932931336	402	STAB
168.45079932931336	169.18755011297546	464	VANQUISHED
169.18755011297546	169.54755011297544	207	HIM
169.54755011297544	182.808	99999	sp
182.808	183.58598642833738	183	GLUCOSE
183.58598642833738	183.838	20	AND
183.838	184.77958053550705	167	FRUCTOSE
184.77958053550705	184.95882009544934	30	ARE
184.95882009544934	185.45528222988662	276	NATURAL
185.45528222988662	186.12268329455623	414	SUGARS
186.12268329455623	186.488	163	FOUND
186.488	186.668	217	IN
186.668	187.15276547517445	168	FRUIT
187.15276547517445	197.228375	99999	sp
197.228375	197.37945034984335	30	ARE
197.37945034984335	197.56846390413165	495	YOU
197.56846390413165	198.00075077756298	250	LOOKING
198.00075077756298	198.32075077756298	161	FOR
198.32075077756298	199.00005884793472	136	EMPLOYMENT
199.00005884793472	211.20775	99999	sp
211.20775	211.71880943315898	98	COFFEE
211.71880943315898	212.00028073337654	224	IS
212.00028073337654	212.34017693847161	198	GROWN
212.34017693847161	212.61201814246616	297	ON
212.61201814246616	213.10882119217476	404	STEEP
213.10882119217476	213.60678078607856	99999	sp
213.60678078607856	213.9657215093327	231	JUNGLE
213.9657215093327	214.24847948229868	241	LIKE
214.24847948229868	214.90409724242716	390	SLOPES
214.90409724242716	215.1401654054097	217	IN
215.1401654054097	215.58077109289775	431	TEMPERATE
215.58077109289775	216.38572150933268	497	ZONES
216.38572150933268	226.4915625	99999	sp
226.4915625	226.62732196993016	476	WE
226.62732196993016	227.05672454219012	480	WELCOME
227.05672454219012	227.34832054251905	256	MANY
227.34832054251905	227.54722130109835	282	NEW
227.54722130109835	228.26774636320204	408	STUDENTS
228.26774636320204	228.59066282797593	132	EACH
228.59066282797593	228.98605223152177	491	YEAR
228.98605223152177	239.2785	99999	sp
239.2785	239.5536271808203	298	ONLY
239.5536271808203	239.7283087014515	434	THE
239.7283087014515	240.01942420403384	51	BEST
240.01942420403384	240.0751907718598	99999	sp
240.0751907718598	240.5636271808203	330	PLAYERS
240.5636271808203	241.20595891364303	139	ENJOY
241.20595891364303	242.16865040442417	336	POPULARITY
242.16865040442417	252.21925	99999	sp
252.21925	252.74823496320732	75	CALCIUM
252.74823496320732	253.0682698831425	254	MAKES
253.0682698831425	253.62490895778538	58	BONES
253.62490895778538	253.9886891276574	20	AND
253.9886891276574	254.26887737006726	430	TEETH
254.26887737006726	255.05085743256964	406	STRONG
255.05085743256964	265.199375	99999	sp
265.199375	265.8240249527478	286	NOTHING
265.8240249527478	266.16492790406517	224	IS
266.16492790406517	266.46730435169115	34	AS
266.46730435169115	267.253035217738	295	OFFENSIVE
267.253035217738	267.6605608772222	34	AS
267.6605608772222	268.54492790406516	219	INNOCENCE
268.54492790406516	279.5985	99999	sp
279.5985	280.2922762581623	405	STEVE
280.2922762581623	280.75227625816234	490	WORE
280.75227625816234	281.0458657259504	1	A
281.0458657259504	281.46526640597403	65	BRIGHT
281.46526640597403	281.9098837421125	356	RED
281.9098837421125	282.5222762581623	78	CASHMERE
282.5222762581623	283.1722762581623	420	SWEATER
283.1722762581623	293.774875	99999	sp
293.774875	294.35082338666604	46	BARB'S
294.35082338666604	294.7285925274409	188	GOLD
294.7285925274409	295.25764979092344	63	BRACELET
295.25764979092344	295.4476461525873	472	WAS
295.4476461525873	295.56762233140347	1	A
295.56762233140347	296.4065712206425	193	GRADUATION
296.4065712206425	296.9841243868452	339	PRESENT
296.9841243868452	309.519625	99999	sp
309.519625	309.88669280076556	130	DRAW
309.88669280076556	310.32755703146995	145	EVERY
310.32755703146995	310.70755703146995	308	OUTER
310.70755703146995	311.06755703146996	244	LINE
311.06755703146996	311.6775570314699	156	FIRST
311.6775570314699	312.02755703146994	436	THEN
312.02755703146994	312.4526714031151	154	FILL
312.4526714031151	312.62755703146996	217	IN
312.62755703146996	312.76755703146995	434	THE
312.76755703146995	313.6175570314699	222	INTERIOR
313.6175570314699	323.8885	99999	sp
323.8885	323.951225696217	434	THE
323.951225696217	324.38276995964407	475	WATER
324.38276995964407	324.95928600675694	103	CONTAINED
324.95928600675694	325.14692765925645	448	TOO
325.14692765925645	325.48644254492206	269	MUCH
325.48644254492206	326.068753857347	90	CHLORINE
326.068753857347	326.3338204635478	20	AND
326.3338204635478	326.73122276889836	409	STUNG
326.73122276889836	327.05125143048207	208	HIS
327.05125143048207	327.761225696217	149	EYES
327.761225696217	336.5530625	99999	sp
336.5530625	337.0054407842375	229	JOHN'S
337.0054407842375	337.4107078989707	66	BROTHER
337.4107078989707	338.137515692803	363	REPAINTED
338.137515692803	338.2695935549993	434	THE
338.2695935549993	338.7563482232096	173	GARAGE
338.7563482232096	339.14070789897073	129	DOOR
339.14070789897073	349.875625	99999	sp
349.875625	350.4816982810202	84	CHALLENGE
350.4816982810202	350.8298820188183	132	EACH
350.8298820188183	351.5170787765165	175	GENERAL'S
351.5170787765165	352.5533075809161	221	INTELLIGENCE
352.5533075809161	363.41925	99999	sp
363.41925	364.36773579934214	17	AMBIDEXTROUS
364.36773579934214	365.14980520649334	327	PICKPOCKETS
365.14980520649334	365.8186502907024	6	ACCOMPLISH
365.8186502907024	366.2669590072213	267	MORE
366.2669590072213	376.2115625	99999	sp
376.2115625	376.3337774827311	1	A
376.3337774827311	376.98437566230655	271	MUSCULAR
376.98437566230655	377.57471992377475	2	ABDOMEN
377.57471992377475	377.8425191754003	224	IS
377.8425191754003	377.9837774827311	189	GOOD
377.9837774827311	378.2337774827311	161	FOR
378.2337774827311	378.42993485430526	496	YOUR
378.42993485430526	378.9237774827311	43	BACK
378.9237774827311	388.835875	99999	sp
388.835875	389.06906074291203	438	THEY
389.06906074291203	389.33503823092104	317	OWN
389.33503823092104	389.6391146717163	1	A
389.6391146717163	389.90001147634274	52	BIG
389.90001147634274	390.4403985424917	209	HOUSE
390.4403985424917	390.6800114763427	217	IN
390.6800114763427	390.7500114763427	434	THE
390.7500114763427	391.2772308496254	361	REMOTE
391.2772308496254	392.2107094781565	109	COUNTRYSIDE
392.2107094781565	401.3005	99999	sp
401.3005	401.42059386195365	434	THE
401.42059386195365	401.85076096638903	369	ROSE
401.85076096638903	401.90194681874317	99999	sp
401.90194681874317	402.60857037888303	106	CORSAGE
402.60857037888303	403.12839336375214	393	SMELLED
403.12839336375214	403.82501888190154	421	SWEET
403.82501888190154	413.80075	99999	sp
413.80075	414.08353552615284	433	THAT
414.08353552615284	414.8580752187125	326	PICKPOCKET
414.8580752187125	415.1279087360339	472	WAS
415.1279087360339	415.4020656361819	80	CAUGHT
415.4020656361819	415.72759399715073	356	RED
415.72759399715073	416.40759399715074	199	HANDED
416.40759399715074	428.61075	99999	sp
428.61075	428.71220740251283	19	AN
428.71220740251283	429.1225775265336	9	ADULT
429.1225775265336	429.5170553014697	255	MALE
429.5170553014697	430.14198340594095	42	BABOON'S
430.14198340594095	430.43513405705	430	TEETH
430.43513405705	430.609266620228	30	ARE
430.609266620228	430.9109650914343	285	NOT
430.9109650914343	431.58502749489895	415	SUITABLE
431.58502749489895	431.84622633966603	161	FOR
431.84622633966603	432.1682400385308	135	EATING
432.1682400385308	433.0389831101372	376	SHELLFISH
433.0389831101372	443.5451875	99999	sp
443.5451875	443.70570204592127	204	HER
443.70570204592127	444.2929672936157	470	WARDROBE
444.2929672936157	445.0516520167705	88888	CONSISTED
445.0516520167705	445.2678722870057	294	OF
445.2678722870057	445.58051306743005	298	ONLY
445.58051306743005	446.08368723156934	385	SKIRTS
446.08368723156934	446.3420078521517	20	AND
446.3420078521517	447.17725080996286	54	BLOUSES
447.17725080996286	457.85675	99999	sp
457.85675	458.0087313408208	434	THE
458.0087313408208	458.2840547951373	453	TWO
458.2840547951373	458.76506500108263	33	ARTISTS
458.76506500108263	459.5702789997079	147	EXCHANGED
459.5702789997079	460.4940547951373	39	AUTOGRAPHS
460.4940547951373	471.203125	99999	sp
471.203125	471.82597530659865	71	BUTTERSCOTCH
471.82597530659865	472.251288384866	169	FUDGE
472.251288384866	472.55597530659867	186	GOES
472.55597530659867	472.95597530659865	481	WELL
472.95597530659865	473.12597530659866	487	WITH
473.12597530659866	473.5313346146179	463	VANILLA
473.5313346146179	473.8827258792399	212	ICE
473.8827258792399	474.34597530659863	112	CREAM
474.34597530659863	485.057375	99999	sp
485.057375	485.4574728980707	366	RICH
485.4574728980707	486.07072127991785	349	PURCHASED
486.07072127991785	486.4646276348531	374	SEVERAL
486.4646276348531	486.9987613988187	382	SIGNED
486.9987613988187	488.0184338821464	245	LITHOGRAPHS
488.0184338821464	498.6864375	99999	sp
498.6864375	498.9994443800928	24	ANY
498.9994443800928	500.0130564314512	105	CONTRIBUTIONS
500.0130564314512	500.2490708146017	485	WILL
500.2490708146017	500.42211772206514	47	BE
500.42211772206514	500.84751167059846	195	GREATLY
500.84751167059846	501.8650052161791	28	APPRECIATED
501.8650052161791	511.0436875	99999	sp
511.0436875	511.18193647056546	434	THE
511.18193647056546	511.84391538977013	111	CRANBERRY
511.84391538977013	512.2306517531124	57	BOG
512.2306517531124	512.4376667632724	178	GETS
512.4376667632724	512.8708268597886	465	VERY
512.8708268597886	513.2032677996779	340	PRETTY
513.2032677996779	513.4163493073745	217	IN
513.4163493073745	513.9415630860071	40	AUTUMN
513.9415630860071	523.1301875	99999	sp
523.1301875	523.4562564818651	210	HOW
523.4562564818651	523.6925869417138	128	DO
523.6925869417138	524.2858545801525	318	OYSTERS
524.2858545801525	524.6283011420709	253	MAKE
524.6283011420709	525.3366044462274	320	PEARLS
525.3366044462274	536.2519375	99999	sp
536.2519375	536.6264320469357	257	MAY
536.6264320469357	536.6735973430676	211	I
536.6735973430676	537.0188165868735	304	ORDER
537.0188165868735	537.270295103372	1	A
537.270295103372	537.8464320469357	319	PARFAIT
537.8464320469357	538.3161755879629	10	AFTER
538.3161755879629	538.5252437239644	211	I
538.5252437239644	538.7734905599001	134	EAT
538.7734905599001	539.2164320469357	124	DINNER
539.2164320469357	548.5116875	99999	sp
548.5116875	548.6515666667214	224	IS
548.6515666667214	549.0442766095763	375	SHE
549.0442766095763	549.432886347297	187	GOING
549.432886347297	549.6739376227707	487	WITH
549.6739376227707	550.038660983854	495	YOU
550.038660983854	560.9891875	99999	sp
560.9891875	561.2381538919818	76	CAN
561.2381538919818	561.3734304286656	434	THE
561.3734304286656	561.988461729431	11	AGENCY
561.988461729431	562.6617391847549	315	OVERTHROW
562.6617391847549	563.098461729431	13	ALIEN
563.098461729431	563.888461729431	162	FORCES
563.888461729431	573.625	99999	sp
573.625	573.6709635199585	1	A
573.6709635199585	574.4609635199585	371	SCREWDRIVER
574.4609635199585	574.7209635199584	224	IS
574.7209635199584	575.0409635199585	252	MADE
575.0409635199585	575.2609635199585	166	FROM
575.2609635199585	575.8338085398357	469	VODKA
575.8338085398357	576.0509635199585	20	AND
576.0509635199585	576.4199053542017	303	ORANGE
576.4199053542017	577.0609635199585	230	JUICE
577.0609635199585	586.3547969838015	99999	sp
586.3547969838015	586.5698039707995	210	HOW
586.5698039707995	586.8385492985045	269	MUCH
586.8385492985045	587.5556243784233	16	ALLOWANCE
587.5556243784233	587.7298633688328	128	DO
587.7298633688328	587.9624317900757	495	YOU
587.9624317900757	588.3698633688327	177	GET
588.3698633688327	599.1285	99999	sp
599.1285	599.8779127304465	115	CYCLICAL
599.8779127304465	600.4923067593103	346	PROGRAMS
600.4923067593103	600.6123067593103	485	WILL
600.6123067593103	601.0638812085289	281	NEVER
601.0638812085289	601.7223067593103	100	COMPILE
601.7223067593103	612.692375	99999	sp
612.692375	612.7375987585433	434	THE
612.7375987585433	613.3511621689769	61	BOSTON
613.3511621689769	613.8485507529649	45	BALLET
613.8485507529649	614.8173802938462	312	OVERCAME
614.8173802938462	615.0459689808954	435	THEIR
615.0459689808954	615.6264466640695	170	FUNDING
615.6264466640695	616.5863429635219	380	SHORTAGE
616.5863429635219	624.547125	99999	sp
624.547125	624.9149949664607	145	EVERY
624.9149949664607	625.3163894524017	74	CAB
625.3163894524017	625.6391446787309	280	NEEDS
625.6391446787309	626.4572816714285	364	REPAINTING
626.4572816714285	627.1456484606988	296	OFTEN
627.1456484606988	636.3635625	99999	sp
636.3635625	636.6552066666201	203	HELP
636.6552066666201	637.1036878909358	196	GREG
637.1036878909358	637.2530223986404	446	TO
637.2530223986404	637.4312603594491	99999	sp
637.4312603594491	637.7780507388593	325	PICK
637.7780507388593	637.9911943975844	1	A
637.9911943975844	638.3223991056533	321	PECK
638.3223991056533	638.4669163711739	294	OF
638.4669163711739	638.5610273771401	99999	sp
638.5610273771401	639.561523527751	338	POTATOES
639.561523527751	648.61475	99999	sp
648.61475	648.7881707186245	476	WE
648.7881707186245	649.1035208228251	241	LIKE
649.1035208228251	649.4238674280622	55	BLUE
649.4238674280622	650.0572837174216	88	CHEESE
650.0572837174216	650.2363929999904	70	BUT
650.2363929999904	650.8433144573376	466	VICTOR
650.8433144573376	651.1857184992102	242	LIKES
651.1857184992102	651.6657184992102	64	BRIE
651.6657184992102	660.5171875	99999	sp
660.5171875	660.7970232075531	108	COUNT
660.7970232075531	660.8740990824974	434	THE
660.8740990824974	661.3363005568087	289	NUMBER
661.3363005568087	661.5552521328168	294	OF
661.5552521328168	662.0967051597997	429	TEASPOONS
662.0967051597997	662.2063005568087	294	OF
662.2063005568087	663.0003226723442	395	SOYSAUCE
663.0003226723442	663.2917658244771	433	THAT
663.2917658244771	663.4073796368936	495	YOU
663.4073796368936	663.7763005568087	7	ADD
663.7763005568087	673.4920625	99999	sp
673.4920625	674.1355149697557	44	BAGPIPES
674.1355149697557	674.3856609251352	20	AND
674.3856609251352	674.912662225566	59	BONGOS
674.912662225566	675.0755149697557	30	ARE
675.0755149697557	675.6416802378593	273	MUSICAL
675.6416802378593	676.5555149697557	220	INSTRUMENTS
676.5555149697557	685.9745	99999	sp
685.9745	686.2948466052372	210	HOW
686.2948466052372	686.506805261334	189	GOOD
686.506805261334	686.7005455293075	224	IS
686.7005455293075	686.9568342172398	496	YOUR
686.9568342172398	687.7968342172398	138	ENDURANCE
687.7968342172398	716.5090625	99999	sp
716.5090625	716.6291563619536	434	THE
716.6291563619536	717.0593234663891	369	ROSE
717.0593234663891	717.1105093187432	99999	sp
717.1105093187432	717.8171328788831	106	CORSAGE
717.8171328788831	718.3369558637521	393	SMELLED
718.3369558637521	719.0335813819015	421	SWEET
719.0335813819015	734.7908125	99999	sp
734.7908125	734.8922699025129	19	AN
734.8922699025129	735.3026400265336	9	ADULT
735.3026400265336	735.6971178014697	255	MALE
735.6971178014697	736.322045905941	42	BABOON'S
736.322045905941	736.61519655705	430	TEETH
736.61519655705	736.7893291202281	30	ARE
736.7893291202281	737.0910275914343	285	NOT
737.0910275914343	737.765089994899	415	SUITABLE
737.765089994899	738.026288839666	161	FOR
738.026288839666	738.3483025385308	135	EATING
738.3483025385308	739.2190456101373	376	SHELLFISH
739.2190456101373	750.59825	99999	sp
750.59825	750.7340094699302	476	WE
750.7340094699302	751.1634120421902	480	WELCOME
751.1634120421902	751.455008042519	256	MANY
751.455008042519	751.6539088010984	282	NEW
751.6539088010984	752.3744338632021	408	STUDENTS
752.3744338632021	752.697350327976	132	EACH
752.697350327976	753.0927397315218	491	YEAR
753.0927397315218	763.08125	99999	sp
763.08125	763.1264737585433	434	THE
763.1264737585433	763.7400371689769	61	BOSTON
763.7400371689769	764.2374257529649	45	BALLET
764.2374257529649	765.2062552938462	312	OVERCAME
765.2062552938462	765.4348439808954	435	THEIR
765.4348439808954	766.0153216640695	170	FUNDING
766.0153216640695	766.9752179635219	380	SHORTAGE
766.9752179635219	776.6169375	99999	sp
776.6169375	777.3949239283373	183	GLUCOSE
777.3949239283373	777.6469374999999	20	AND
777.6469374999999	778.5885180355069	167	FRUCTOSE
778.5885180355069	778.7677575954492	30	ARE
778.7677575954492	779.2642197298866	276	NATURAL
779.2642197298866	779.9316207945561	414	SUGARS
779.9316207945561	780.2969374999999	163	FOUND
780.2969374999999	780.4769375	217	IN
780.4769375	780.9617029751744	168	FRUIT
780.9617029751744	791.140375	99999	sp
791.140375	791.2802541667213	224	IS
791.2802541667213	791.6729641095762	375	SHE
791.6729641095762	792.0615738472969	187	GOING
792.0615738472969	792.3026251227707	487	WITH
792.3026251227707	792.667348483854	495	YOU
792.667348483854	802.7915625	99999	sp
802.7915625	803.4162124527479	286	NOTHING
803.4162124527479	803.7571154040653	224	IS
803.7571154040653	804.0594918516913	34	AS
804.0594918516913	804.8452227177381	295	OFFENSIVE
804.8452227177381	805.2527483772224	34	AS
805.2527483772224	806.1371154040653	219	INNOCENCE
806.1371154040653	816.2568125	99999	sp
816.2568125	816.832760886666	46	BARB'S
816.832760886666	817.2105300274409	188	GOLD
817.2105300274409	817.7395872909235	63	BRACELET
817.7395872909235	817.9295836525873	472	WAS
817.9295836525873	818.0495598314035	1	A
818.0495598314035	818.8885087206424	193	GRADUATION
818.8885087206424	819.4660618868452	339	PRESENT
819.4660618868452	829.398	99999	sp
829.398	829.5931164707995	210	HOW
829.5931164707995	829.8618617985045	269	MUCH
829.8618617985045	830.5789368784233	16	ALLOWANCE
830.5789368784233	830.7531758688327	128	DO
830.7531758688327	830.9857442900757	495	YOU
830.9857442900757	831.3931758688327	177	GET
831.3931758688327	842.36075	99999	sp
842.36075	843.1101627304465	115	CYCLICAL
843.1101627304465	843.7245567593103	346	PROGRAMS
843.7245567593103	843.8445567593103	485	WILL
843.8445567593103	844.2961312085289	281	NEVER
844.2961312085289	844.9545567593103	100	COMPILE
844.9545567593103	855.9815625	99999	sp
855.9815625	856.2305288919819	76	CAN
856.2305288919819	856.3658054286657	434	THE
856.3658054286657	856.9808367294311	11	AGENCY
856.9808367294311	857.6541141847549	315	OVERTHROW
857.6541141847549	858.0908367294311	13	ALIEN
858.0908367294311	858.880836729431	162	FORCES
858.880836729431	870.469375	99999	sp
870.469375	870.6076239705656	434	THE
870.6076239705656	871.2696028897701	111	CRANBERRY
871.2696028897701	871.6563392531125	57	BOG
871.6563392531125	871.8633542632724	178	GETS
871.8633542632724	872.2965143597887	465	VERY
872.2965143597887	872.628955299678	340	PRETTY
872.628955299678	872.8420368073745	217	IN
872.8420368073745	873.3672505860072	40	AUTUMN
873.3672505860072	882.0978125000001	99999	sp
882.0978125000001	882.6267974632074	75	CALCIUM
882.6267974632074	882.9468323831426	254	MAKES
882.9468323831426	883.5034714577855	58	BONES
883.5034714577855	883.8672516276575	20	AND
883.8672516276575	884.1474398700674	430	TEETH
884.1474398700674	884.9294199325698	406	STRONG
884.9294199325698	896.827125	99999	sp
896.827125	897.5209012581622	405	STEVE
897.5209012581622	897.9809012581622	490	WORE
897.9809012581622	898.2744907259504	1	A
898.2744907259504	898.693891405974	65	BRIGHT
898.693891405974	899.1385087421124	356	RED
899.1385087421124	899.7509012581622	78	CASHMERE
899.7509012581622	900.4009012581623	420	SWEATER
900.4009012581623	911.977625	99999	sp
911.977625	912.1133270104784	476	WE
912.1133270104784	912.2757399820493	30	ARE
912.2757399820493	912.7474573057102	301	OPEN
912.7474573057102	913.0790762176907	145	EVERY
913.0790762176907	913.6141442287017	265	MONDAY
913.6141442287017	914.2433270104784	143	EVENING
914.2433270104784	923.929	99999	sp
923.929	923.9749635199585	1	A
923.9749635199585	924.7649635199584	371	SCREWDRIVER
924.7649635199584	925.0249635199584	224	IS
925.0249635199584	925.3449635199585	252	MADE
925.3449635199585	925.5649635199585	166	FROM
925.5649635199585	926.1378085398356	469	VODKA
926.1378085398356	926.3549635199585	20	AND
926.3549635199585	926.7239053542016	303	ORANGE
926.7239053542016	927.3649635199585	230	JUICE
927.3649635199585	938.5929671789158	99999	sp
938.5929671789158	938.9128466052372	210	HOW
938.9128466052372	939.1248052613339	189	GOOD
939.1248052613339	939.3185455293075	224	IS
939.3185455293075	939.5748342172398	496	YOUR
939.5748342172398	940.4148342172398	138	ENDURANCE
940.4148342172398	962.9375625	99999	sp
962.9375625	963.0886378498433	30	ARE
963.0886378498433	963.2776514041316	495	YOU
963.2776514041316	963.709938277563	250	LOOKING
963.709938277563	964.0299382775629	161	FOR
964.0299382775629	964.7092463479347	136	EMPLOYMENT
964.7092463479347	975.1911875	99999	sp
975.1911875	975.517256481865	210	HOW
975.517256481865	975.7535869417137	128	DO
975.7535869417137	976.3468545801525	318	OYSTERS
976.3468545801525	976.6893011420708	253	MAKE
976.6893011420708	977.3976044462273	320	PEARLS
977.3976044462273	992.4414375	99999	sp
992.4414375	993.3899232993422	17	AMBIDEXTROUS
993.3899232993422	994.1719927064934	327	PICKPOCKETS
994.1719927064934	994.8408377907024	6	ACCOMPLISH
994.8408377907024	995.2891465072214	267	MORE
995.2891465072214	1006.125875	99999	sp
1006.125875	1006.5259728980707	366	RICH
1006.5259728980707	1007.1392212799178	349	PURCHASED
1007.1392212799178	1007.533127634853	374	SEVERAL
1007.533127634853	1008.0672613988186	382	SIGNED
1008.0672613988186	1009.0869338821462	245	LITHOGRAPHS
1009.0869338821462	1018.964125	99999	sp
1018.964125	1019.5869753065986	71	BUTTERSCOTCH
1019.5869753065986	1020.0122883848659	169	FUDGE
1020.0122883848659	1020.3169753065986	186	GOES
1020.3169753065986	1020.7169753065986	481	WELL
1020.7169753065986	1020.8869753065985	487	WITH
1020.8869753065985	1021.2923346146179	463	VANILLA
1021.2923346146179	1021.6437258792398	212	ICE
1021.6437258792398	1022.1069753065985	112	CREAM
1022.1069753065985	1032.0131875	99999	sp
1032.0131875	1032.0759131962168	434	THE
1032.0759131962168	1032.507457459644	475	WATER
1032.507457459644	1033.0839735067568	103	CONTAINED
1033.0839735067568	1033.2716151592563	448	TOO
1033.2716151592563	1033.611130044922	269	MUCH
1033.611130044922	1034.193441357347	90	CHLORINE
1034.193441357347	1034.4585079635476	20	AND
1034.4585079635476	1034.8559102688982	409	STUNG
1034.8559102688982	1035.175938930482	208	HIS
1035.175938930482	1035.885913196217	149	EYES
1035.885913196217	1046.5095625	99999	sp
1046.5095625	1046.6201520193486	434	THE
1046.6201520193486	1047.1075427602527	165	FRIGHTENED
1047.1075427602527	1047.5301520193484	89	CHILD
1047.5301520193484	1047.7812325156253	472	WAS
1047.7812325156253	1048.1201520193486	176	GENTLY
1048.1201520193486	1048.807260314891	410	SUBDUED
1048.807260314891	1048.9901520193484	73	BY
1048.9901520193484	1049.2947605487425	208	HIS
1049.2947605487425	1049.5453918056676	52	BIG
1049.5453918056676	1050.0301520193484	66	BROTHER
1050.0301520193484	1061.669125	99999	sp
1061.669125	1062.1215032842374	229	JOHN'S
1062.1215032842374	1062.5267703989707	66	BROTHER
1062.5267703989707	1063.253578192803	363	REPAINTED
1063.253578192803	1063.3856560549991	434	THE
1063.3856560549991	1063.8724107232094	173	GARAGE
1063.8724107232094	1064.2567703989707	129	DOOR
1064.2567703989707	1075.053625	99999	sp
1075.053625	1075.2270457186246	476	WE
1075.2270457186246	1075.5423958228253	241	LIKE
1075.5423958228253	1075.8627424280621	55	BLUE
1075.8627424280621	1076.4961587174216	88	CHEESE
1076.4961587174216	1076.6752679999904	70	BUT
1076.6752679999904	1077.2821894573376	466	VICTOR
1077.2821894573376	1077.6245934992103	242	LIKES
1077.6245934992103	1078.1045934992103	64	BRIE
1078.1045934992103	1087.82725	99999	sp
1087.82725	1088.1059872991261	142	EVEN
1088.1059872991261	1088.3952089392537	211	I
1088.3952089392537	1089.2670470149128	293	OCCASIONALLY
1089.2670470149128	1089.5200241940404	177	GET
1089.5200241940404	1089.5952089392538	434	THE
1089.5952089392538	1090.1357086215637	265	MONDAY
1090.1357086215637	1090.8652089392538	56	BLUES
1090.8652089392538	1100.679875	99999	sp
1100.679875	1101.190934433159	98	COFFEE
1101.190934433159	1101.4724057333765	224	IS
1101.4724057333765	1101.8123019384716	198	GROWN
1101.8123019384716	1102.0841431424662	297	ON
1102.0841431424662	1102.580946192175	404	STEEP
1102.580946192175	1103.0789057860786	99999	sp
1103.0789057860786	1103.4378465093328	231	JUNGLE
1103.4378465093328	1103.7206044822988	241	LIKE
1103.7206044822988	1104.3762222424273	390	SLOPES
1104.3762222424273	1104.6122904054098	217	IN
1104.6122904054098	1105.0528960928978	431	TEMPERATE
1105.0528960928978	1105.8578465093328	497	ZONES
1105.8578465093328	1121.8135625	99999	sp
1121.8135625	1122.1265693800929	24	ANY
1122.1265693800929	1123.1401814314513	105	CONTRIBUTIONS
1123.1401814314513	1123.3761958146017	485	WILL
1123.3761958146017	1123.5492427220652	47	BE
1123.5492427220652	1123.9746366705986	195	GREATLY
1123.9746366705986	1124.9921302161792	28	APPRECIATED
1124.9921302161792	1137.271875	99999	sp
1137.271875	1137.6389428007656	130	DRAW
1137.6389428007656	1138.07980703147	145	EVERY
1138.07980703147	1138.4598070314698	308	OUTER
1138.4598070314698	1138.8198070314697	244	LINE
1138.8198070314697	1139.4298070314699	156	FIRST
1139.4298070314699	1139.7798070314698	436	THEN
1139.7798070314698	1140.204921403115	154	FILL
1140.204921403115	1140.37980703147	217	IN
1140.37980703147	1140.5198070314698	434	THE
1140.5198070314698	1141.36980703147	222	INTERIOR
1141.36980703147	1151.1568125	99999	sp
1151.1568125	1151.4362528780282	226	IT'S
1151.4362528780282	1151.7928700555574	285	NOT
1151.7928700555574	1152.2634477126965	133	EASY
1152.2634477126965	1152.437294737227	446	TO
1152.437294737227	1152.88536843875	113	CREATE
1152.88536843875	1153.7353684387501	215	ILLUMINATING
1153.7353684387501	1154.81536843875	146	EXAMPLES
1154.81536843875	1166.781375	99999	sp
1166.781375	1167.064160526153	433	THAT
1167.064160526153	1167.8387002187126	326	PICKPOCKET
1167.8387002187126	1168.108533736034	472	WAS
1168.108533736034	1168.382690636182	80	CAUGHT
1168.382690636182	1168.7082189971509	356	RED
1168.7082189971509	1169.388218997151	199	HANDED
1169.388218997151	1179.96525	99999	sp
1179.96525	1180.2403771808204	298	ONLY
1180.2403771808204	1180.4150587014515	434	THE
1180.4150587014515	1180.7061742040337	51	BEST
1180.7061742040337	1180.7619407718598	99999	sp
1180.7619407718598	1181.2503771808204	330	PLAYERS
1181.2503771808204	1181.892708913643	139	ENJOY
1181.892708913643	1182.855400404424	336	POPULARITY
1182.855400404424	1195.18275	99999	sp
1195.18275	1195.415935742912	438	THEY
1195.415935742912	1195.681913230921	317	OWN
1195.681913230921	1195.9859896717162	1	A
1195.9859896717162	1196.2468864763428	52	BIG
1196.2468864763428	1196.7872735424917	209	HOUSE
1196.7872735424917	1197.0268864763427	217	IN
1197.0268864763427	1197.0968864763427	434	THE
1197.0968864763427	1197.6241058496253	361	REMOTE
1197.6241058496253	1198.5575844781565	109	COUNTRYSIDE
1198.5575844781565	1209.413375	99999	sp
1209.413375	1209.5355899827312	1	A
1209.5355899827312	1210.1861881623067	271	MUSCULAR
1210.1861881623067	1210.7765324237748	2	ABDOMEN
1210.7765324237748	1211.0443316754004	224	IS
1211.0443316754004	1211.1855899827312	189	GOOD
1211.1855899827312	1211.4355899827312	161	FOR
1211.4355899827312	1211.6317473543054	496	YOUR
1211.6317473543054	1212.125589982731	43	BACK
1212.125589982731	1226.629875	99999	sp
1226.629875	1226.9097107075531	108	COUNT
1226.9097107075531	1226.9867865824976	434	THE
1226.9867865824976	1227.448988056809	289	NUMBER
1227.448988056809	1227.6679396328168	294	OF
1227.6679396328168	1228.2093926598	429	TEASPOONS
1228.2093926598	1228.3189880568088	294	OF
1228.3189880568088	1229.1130101723443	395	SOYSAUCE
1229.1130101723443	1229.4044533244773	433	THAT
1229.4044533244773	1229.5200671368937	495	YOU
1229.5200671368937	1229.8889880568088	7	ADD
1229.8889880568088	1240.8996875	99999	sp
1240.8996875	1241.4004734931987	270	MUM
1241.4004734931987	1242.1926144405634	407	STRONGLY
1242.1926144405634	1243.0004734931988	126	DISLIKES
1243.0004734931988	1243.102480931272	99999	sp
1243.102480931272	1244.3535143885235	27	APPETIZERS
1244.3535143885235	1254.200875	99999	sp
1254.200875	1254.3950043560492	1	A
1254.3950043560492	1254.8146894988731	110	CRAB
1254.8146894988731	1255.4898626129755	85	CHALLENGED
1255.4898626129755	1255.9335491793436	258	ME
1255.9335491793436	1256.1498626129755	70	BUT
1256.1498626129755	1256.3671620771267	1	A
1256.3671620771267	1256.6198626129756	350	QUICK
1256.6198626129756	1257.1431118293135	402	STAB
1257.1431118293135	1257.8798626129756	464	VANQUISHED
1257.8798626129756	1258.2398626129755	207	HIM
1258.2398626129755	1272.8305	99999	sp
1272.8305	1273.2049945469357	257	MAY
1273.2049945469357	1273.2521598430676	211	I
1273.2521598430676	1273.5973790868734	304	ORDER
1273.5973790868734	1273.848857603372	1	A
1273.848857603372	1274.4249945469355	319	PARFAIT
1274.4249945469355	1274.8947380879629	10	AFTER
1274.8947380879629	1275.1038062239645	211	I
1275.1038062239645	1275.3520530599	134	EAT
1275.3520530599	1275.7949945469356	124	DINNER
1275.7949945469356	1288.5763125	99999	sp
1288.5763125	1289.0004174178412	354	READING
1289.0004174178412	1289.2229752300866	217	IN
1289.2229752300866	1289.2735140320956	99999	sp
1289.2735140320956	1289.5839470654216	335	POOR
1289.5839470654216	1290.0120712984062	240	LIGHT
1290.0120712984062	1290.363931668709	181	GIVES
1290.363931668709	1290.533931668709	495	YOU
1290.533931668709	1291.4739316687092	150	EYESTRAIN
1291.4739316687092	1300.9188125	99999	sp
1300.9188125	1301.2104566666203	203	HELP
1301.2104566666203	1301.658937890936	196	GREG
1301.658937890936	1301.8082723986404	446	TO
1301.8082723986404	1301.9865103594493	99999	sp
1301.9865103594493	1302.3333007388594	325	PICK
1302.3333007388594	1302.5464443975845	1	A
1302.5464443975845	1302.8776491056533	321	PECK
1302.8776491056533	1303.022166371174	294	OF
1303.022166371174	1303.1162773771402	99999	sp
1303.1162773771402	1304.116773527751	338	POTATOES
1304.116773527751	1314.4555625	99999	sp
1314.4555625	1314.8007459158823	443	THOSE
1314.8007459158823	1314.983399270036	484	WHO
1314.983399270036	1315.3109533379395	427	TEACH
1315.3109533379395	1316.0485927148768	462	VALUES
1316.0485927148768	1316.527735460407	156	FIRST
1316.527735460407	1317.1907459158824	4	ABOLISH
1317.1907459158824	1317.9266344165537	87	CHEATING
1317.9266344165537	1329.50575	99999	sp
1329.50575	1330.149202469756	44	BAGPIPES
1330.149202469756	1330.3993484251353	20	AND
1330.3993484251353	1330.926349725566	59	BONGOS
1330.926349725566	1331.0892024697557	30	ARE
1331.0892024697557	1331.6553677378593	273	MUSICAL
1331.6553677378593	1332.5692024697557	220	INSTRUMENTS
1332.5692024697557	1342.590125	99999	sp
1342.590125	1342.7421063408208	434	THE
1342.7421063408208	1343.0174297951373	453	TWO
1343.0174297951373	1343.4984400010826	33	ARTISTS
1343.4984400010826	1344.3036539997079	147	EXCHANGED
1344.3036539997079	1345.2274297951371	39	AUTOGRAPHS
1345.2274297951371	1356.5525625	99999	sp
1356.5525625	1356.8361455177014	375	SHE
1356.8361455177014	1357.3743781596052	490	WORE
1357.3743781596052	1357.4928520487183	99999	sp
1357.4928520487183	1358.0619267062596	471	WARM
1358.0619267062596	1358.7661455177015	158	FLEECY
1358.7661455177015	1359.206305572106	489	WOOLEN
1359.206305572106	1360.1871899117914	311	OVERALLS
1360.1871899117914	1373.3451875	99999	sp
1373.3451875	1373.5057020459212	204	HER
1373.5057020459212	1374.0929672936159	470	WARDROBE
1374.0929672936159	1374.8516520167705	88888	CONSISTED
1374.8516520167705	1375.0678722870057	294	OF
1375.0678722870057	1375.38051306743	298	ONLY
1375.38051306743	1375.8836872315694	385	SKIRTS
1375.8836872315694	1376.142007852152	20	AND
1376.142007852152	1376.977250809963	54	BLOUSES
1376.977250809963	1389.5741875	99999	sp
1389.5741875	1389.9205862131275	142	EVEN
1389.9205862131275	1390.0845169516788	1	A
1390.0845169516788	1390.5445169516788	383	SIMPLE
1390.5445169516788	1391.4903484507943	468	VOCABULARY
1391.4903484507943	1392.0745169516788	104	CONTAINS
1392.0745169516788	1392.9060394573612	422	SYMBOLS
1392.9060394573612	1405.63775	99999	sp
1405.63775	1406.0056199664607	145	EVERY
1406.0056199664607	1406.4070144524017	74	CAB
1406.4070144524017	1406.729769678731	280	NEEDS
1406.729769678731	1407.5479066714286	364	REPAINTING
1407.5479066714286	1408.2362734606988	296	OFTEN
1408.2362734606988	1417.2952500000001	99999	sp
1417.2952500000001	1417.9013232810203	84	CHALLENGE
1417.9013232810203	1418.2495070188183	132	EACH
1418.2495070188183	1418.9367037765164	175	GENERAL'S
1418.9367037765164	1419.9729325809162	221	INTELLIGENCE
1419.9729325809162	1453.764375	99999	sp
1453.764375	1453.8805762099453	30	ARE
1453.8805762099453	1454.0827101121506	496	YOUR
1454.0827101121506	1454.4795677223858	192	GRADES
1454.4795677223858	1454.9399883028977	206	HIGHER
1454.9399883028977	1455.1437630913888	302	OR
1455.1437630913888	1455.523763091389	251	LOWER
1455.523763091389	1455.7118639836829	432	THAN
1455.7118639836829	1456.6737630913888	275	NANCY'S
1456.6737630913888	1465.940753629016	99999	sp
1465.940753629016	1465.9875	99999	sp
1465.9875	1466.3787307313776	375	SHE
1466.3787307313776	1466.6997377979035	490	WORE
1466.6997377979035	1467.1780206554809	471	WARM
1467.1780206554809	1467.7301304558182	158	FLEECY
1467.7301304558182	1468.1427527360568	489	WOOLEN
1468.1427527360568	1469.007717416113	311	OVERALLS
1469.007717416113	1477.8700625	99999	sp
1477.8700625	1478.2641208697305	354	READING
1478.2641208697305	1478.4733041778802	217	IN
1478.4733041778802	1478.7440053428572	335	POOR
1478.7440053428572	1478.996042545169	240	LIGHT
1478.996042545169	1479.3541208697307	181	GIVES
1479.3541208697307	1479.4779885081534	495	YOU
1479.4779885081534	1480.3307982560787	150	EYESTRAIN
1480.3307982560787	1490.790625	99999	sp
1490.790625	1491.0672890319356	142	EVEN
1491.0672890319356	1491.3921660733163	211	I
1491.3921660733163	1492.1217531426068	293	OCCASIONALLY
1492.1217531426068	1492.311424875841	177	GET
1492.311424875841	1492.3921660733163	434	THE
1492.3921660733163	1492.8368908293264	265	MONDAY
1492.8368908293264	1493.4615240560677	56	BLUES
1493.4615240560677	1503.2134375	99999	sp
1503.2134375	1503.3573183832425	476	WE
1503.3573183832425	1503.4214930298256	30	ARE
1503.4214930298256	1503.8350629744716	301	OPEN
1503.8350629744716	1504.1901626855642	145	EVERY
1504.1901626855642	1504.6116954038787	265	MONDAY
1504.6116954038787	1505.2802454595753	143	EVENING
1505.2802454595753	1517.04375	99999	sp
1517.04375	1517.2363281814694	226	IT'S
1517.2363281814694	1517.4963281814694	285	NOT
1517.4963281814694	1517.9118175519452	133	EASY
1517.9118175519452	1518.073037189436	446	TO
1518.073037189436	1518.3559870013885	113	CREATE
1518.3559870013885	1519.1463281814695	215	ILLUMINATING
1519.1463281814695	1520.1563281814695	146	EXAMPLES
1520.1563281814695	1532.503	99999	sp
1532.503	1532.8297864070382	270	MUM
1532.8297864070382	1533.6860245113455	407	STRONGLY
1533.6860245113455	1534.2454713583243	126	DISLIKES
1534.2454713583243	1535.425363467499	27	APPETIZERS
1535.425363467499	1546.0025	99999	sp
1546.0025	1546.3213380495995	443	THOSE
1546.3213380495995	1546.5214993282013	484	WHO
1546.5214993282013	1546.8346155375932	427	TEACH
1546.8346155375932	1547.434822547458	462	VALUES
1547.434822547458	1547.8483485075526	156	FIRST
1547.8483485075526	1548.4013380495994	4	ABOLISH
1548.4013380495994	1549.036383798124	87	CHEATING
1549.036383798124	1559.9363125	99999	sp
1559.9363125	1560.009351677716	434	THE
1560.009351677716	1560.4631200904007	165	FRIGHTENED
1560.4631200904007	1560.9155160149905	89	CHILD
1560.9155160149905	1561.116766815082	472	WAS
1561.116766815082	1561.439351677716	176	GENTLY
1561.439351677716	1561.909351677716	410	SUBDUED
1561.909351677716	1562.069351677716	73	BY
1562.069351677716	1562.4376207241946	208	HIS
1562.4376207241946	1562.697158986392	52	BIG
1562.697158986392	1563.1746575694285	66	BROTHER
1563.1746575694285	1573.67675	99999	sp
1573.67675	1574.041698012552	142	EVEN
1574.041698012552	1574.1516980125518	1	A
1574.1516980125518	1574.6354181463782	383	SIMPLE
1574.6354181463782	1575.5679779624052	468	VOCABULARY
1575.5679779624052	1576.081698012552	104	CONTAINS
1576.081698012552	1576.899192019534	422	SYMBOLS
1576.899192019534	1590.155625	99999	sp
1590.155625	1590.2892976336404	1	A
1590.2892976336404	1590.5933742955515	110	CRAB
1590.5933742955515	1591.2365048377244	85	CHALLENGED
1591.2365048377244	1591.5333742955515	258	ME
1591.5333742955515	1591.7229486048884	70	BUT
1591.7229486048884	1591.8540506109584	1	A
1591.8540506109584	1592.0751245819788	350	QUICK
1592.0751245819788	1592.4733742955516	402	STAB
1592.4733742955516	1593.065532100605	464	VANQUISHED
1593.065532100605	1593.4033742955514	207	HIM
1593.4033742955514	1608.4601875	99999	sp
1608.4601875	1609.0398640170358	183	GLUCOSE
1609.0398640170358	1609.2447719836705	20	AND
1609.2447719836705	1610.0345933034337	167	FRUCTOSE
1610.0345933034337	1610.202969409269	30	ARE
1610.202969409269	1610.6791651938834	276	NATURAL
1610.6791651938834	1611.2747719836705	414	SUGARS
1611.2747719836705	1611.6147719836704	163	FOUND
1611.6147719836704	1611.7847420167363	217	IN
1611.7847420167363	1612.2447719836705	168	FRUIT
1612.2447719836705	1625.6023125	99999	sp
1625.6023125	1625.7401007096253	30	ARE
1625.7401007096253	1625.8657285444062	495	YOU
1625.8657285444062	1626.2410401696266	250	LOOKING
1626.2410401696266	1626.5401007096254	161	FOR
1626.5401007096254	1627.1771884860684	136	EMPLOYMENT
1627.1771884860684	1638.77875	99999	sp
1638.77875	1639.1511804467054	98	COFFEE
1639.1511804467054	1639.3723406377364	224	IS
1639.3723406377364	1639.6294033947368	198	GROWN
1639.6294033947368	1639.8193725206322	297	ON
1639.8193725206322	1640.3419244796532	404	STEEP
1640.3419244796532	1640.6993725206323	231	JUNGLE
1640.6993725206323	1640.9593725206323	241	LIKE
1640.9593725206323	1641.51419950452	390	SLOPES
1641.51419950452	1641.7571238098853	217	IN
1641.7571238098853	1642.1788705891126	431	TEMPERATE
1642.1788705891126	1642.8687390129824	497	ZONES
1642.8687390129824	1654.696125	99999	sp
1654.696125	1654.86064516448	476	WE
1654.86064516448	1655.2721852463437	480	WELCOME
1655.2721852463437	1655.523867077541	256	MANY
1655.523867077541	1655.7321852463438	282	NEW
1655.7321852463438	1656.2886373618912	408	STUDENTS
1656.2886373618912	1656.5558756964479	132	EACH
1656.5558756964479	1656.943130718498	491	YEAR
1656.943130718498	1672.552	99999	sp
1672.552	1672.739512599734	298	ONLY
1672.739512599734	1672.8899455983887	434	THE
1672.8899455983887	1673.1827559986802	51	BEST
1673.1827559986802	1673.6292696933974	330	PLAYERS
1673.6292696933974	1674.070752426078	139	ENJOY
1674.070752426078	1674.9405690592382	336	POPULARITY
1674.9405690592382	1693.0275	99999	sp
1693.0275	1693.5110356005312	75	CALCIUM
1693.5110356005312	1693.9579757413298	254	MAKES
1693.9579757413298	1694.3440570168905	58	BONES
1694.3440570168905	1694.5748159104166	20	AND
1694.5748159104166	1694.8010356005311	430	TEETH
1694.8010356005311	1695.4910356005312	406	STRONG
1695.4910356005312	1708.36875	99999	sp
1708.36875	1709.0499547240486	286	NOTHING
1709.0499547240486	1709.4836078956846	224	IS
1709.4836078956846	1709.858899162095	34	AS
1709.858899162095	1710.5345147170142	295	OFFENSIVE
1710.5345147170142	1710.8423098590213	34	AS
1710.8423098590213	1711.7023098590212	219	INNOCENCE
1711.7023098590212	1724.0044375	99999	sp
1724.0044375	1724.5397374201325	405	STEVE
1724.5397374201325	1724.8491326412277	490	WORE
1724.8491326412277	1725.0854104304462	1	A
1725.0854104304462	1725.310184306543	65	BRIGHT
1725.310184306543	1725.7076428235953	356	RED
1725.7076428235953	1726.258440802235	78	CASHMERE
1726.258440802235	1726.866458069834	420	SWEATER
1726.866458069834	1753.455625	99999	sp
1753.455625	1753.8660331225558	46	BARB'S
1753.8660331225558	1754.2009601362201	188	GOLD
1754.2009601362201	1754.717159473886	63	BRACELET
1754.717159473886	1754.9596096437676	472	WAS
1754.9596096437676	1755.0986797336172	1	A
1755.0986797336172	1755.8225700899354	193	GRADUATION
1755.8225700899354	1756.3372723095263	339	PRESENT
1756.3372723095263	1767.390125	99999	sp
1767.390125	1767.6566055800895	130	DRAW
1767.6566055800895	1768.0520354025869	145	EVERY
1768.0520354025869	1768.4220354025867	308	OUTER
1768.4220354025867	1768.752035402587	244	LINE
1768.752035402587	1769.2938708605618	156	FIRST
1769.2938708605618	1769.6286581838567	436	THEN
1769.6286581838567	1769.9622552443836	154	FILL
1769.9622552443836	1770.232035402587	217	IN
1770.232035402587	1770.3020354025869	434	THE
1770.3020354025869	1771.1485042881136	222	INTERIOR
1771.1485042881136	1783.059875	99999	sp
1783.059875	1783.130673111384	434	THE
1783.130673111384	1783.4498092134704	475	WATER
1783.4498092134704	1784.0314138907902	103	CONTAINED
1784.0314138907902	1784.2309061983094	448	TOO
1784.2309061983094	1784.5791995397972	269	MUCH
1784.5791995397972	1785.1163032418872	90	CHLORINE
1785.1163032418872	1785.335072190992	20	AND
1785.335072190992	1785.7009061983094	409	STUNG
1785.7009061983094	1785.9402813743066	208	HIS
1785.9402813743066	1786.6109061983093	149	EYES
1786.6109061983093	1800.847125	99999	sp
1800.847125	1801.205472363776	229	JOHN'S
1801.205472363776	1801.5639880261817	66	BROTHER
1801.5639880261817	1802.1708493825897	363	REPAINTED
1802.1708493825897	1802.3027860433842	434	THE
1802.3027860433842	1802.7666794609775	173	GARAGE
1802.7666794609775	1803.1559374593412	129	DOOR
1803.1559374593412	1813.1550625	99999	sp
1813.1550625	1813.6895788039108	84	CHALLENGE
1813.6895788039108	1814.0215013302343	132	EACH
1814.0215013302343	1814.6216723356858	175	GENERAL'S
1814.6216723356858	1815.6788549547175	221	INTELLIGENCE
1815.6788549547175	1827.550125	99999	sp
1827.550125	1828.3843042638666	17	AMBIDEXTROUS
1828.3843042638666	1829.0354391759415	327	PICKPOCKETS
1829.0354391759415	1829.6463093478376	6	ACCOMPLISH
1829.6463093478376	1830.0671597814546	267	MORE
1830.0671597814546	1841.4670625	99999	sp
1841.4670625	1841.529442907201	1	A
1841.529442907201	1842.1532480759752	271	MUSCULAR
1842.1532480759752	1842.714650861737	2	ABDOMEN
1842.714650861737	1842.9571830701711	224	IS
1842.9571830701711	1843.1238913633501	189	GOOD
1843.1238913633501	1843.338857320344	161	FOR
1843.338857320344	1843.5304256221548	496	YOUR
1843.5304256221548	1843.985636878657	43	BACK
1843.985636878657	1853.9	99999	sp
