10.874  10.983	30	ARE
10.983	11.181	496	YOUR
11.181	11.382	192	GRADES
11.382	11.912	206	HIGHER
11.912	12.016	302	OR
12.016	12.421	251	LOWER
12.421	12.607	432	THAN
12.607	13.28	275	NANCY'S
13.28	18.649	99999	sp
18.649	18.899	375	SHE
18.899	19.079	490	WORE
19.079	19.568	471	WARM
19.568	20.368	158	FLEECY
20.368	20.886	489	WOOLEN
20.886	21.634	311	OVERALLS
21.634	30.442	99999	sp
30.442	30.771	354	READING
30.771	30.972	217	IN
30.972	31.271	335	POOR
31.271	31.587	240	LIGHT
31.587	31.79	181	GIVES
31.79	31.928	495	YOU
31.928	32.718	150	EYESTRAIN
32.718	41.371	99999	sp
41.371	41.666	142	EVEN
41.666	41.986	211	I
41.986	42.647	293	OCCASIONALLY
42.647	42.791	177	GET
42.791	42.864	434	THE
42.864	43.376	265	MONDAY
43.376	43.908	56	BLUES
43.908	52.589	99999	sp
52.589	52.701	476	WE
52.701	52.848	30	ARE
52.848	53.3	301	OPEN
53.3	53.649	145	EVERY
53.649	54.018	265	MONDAY
54.018	54.627	143	EVENING
54.627	62.902	99999	sp
62.902	63.108	226	IT'S
63.108	63.307	285	NOT
63.307	63.666	133	EASY
63.666	63.79	446	TO
63.79	64.078	113	CREATE
64.078	64.864	215	ILLUMINATING
64.864	65.726	146	EXAMPLES
65.726	74.905	99999	sp
74.905	75.23	270	MUM
75.23	75.869	407	STRONGLY
75.869	76.512	126	DISLIKES
76.512	77.457	27	APPETIZERS
77.457	86.327	99999	sp
86.327	86.534	443	THOSE
86.534	86.685	484	WHO
86.685	87.026	427	TEACH
87.026	87.602	462	VALUES
87.602	87.941	156	FIRST
87.941	88.68	4	ABOLISH
88.68	89.138	87	CHEATING
89.138	98.67	99999	sp
98.67	98.787	434	THE
98.787	99.167	165	FRIGHTENED
99.167	99.566	89	CHILD
99.566	99.815	472	WAS
99.815	100.183	176	GENTLY
100.183	100.782	410	SUBDUED
100.782	100.933	73	BY
100.933	101.172	208	HIS
101.172	101.434	52	BIG
101.434	101.85	66	BROTHER
101.85	111.239	99999	sp
111.239	111.528	142	EVEN
111.528	111.578	1	A
111.578	112.026	383	SIMPLE
112.026	112.982	468	VOCABULARY
112.982	113.483	104	CONTAINS
113.483	114.18	422	SYMBOLS
114.18	123.538	99999	sp
123.538	123.681	1	A
123.681	124.062	110	CRAB
124.062	124.599	85	CHALLENGED
124.599	125.047	258	ME
125.047	125.147	70	BUT
125.147	125.275	1	A
125.275	125.496	350	QUICK
125.496	126.056	402	STAB
126.056	126.593	464	VANQUISHED
126.593	126.853	207	HIM
126.853	136.077	99999	sp
136.077	136.611	183	GLUCOSE
136.611	136.756	20	AND
136.756	137.419	167	FRUCTOSE
137.419	137.601	30	ARE
137.601	138.058	276	NATURAL
138.058	138.627	414	SUGARS
138.627	138.925	163	FOUND
138.925	139.086	217	IN
139.086	139.485	168	FRUIT
139.485	148.672	99999	sp
148.672	148.784	30	ARE
148.784	148.904	495	YOU
148.904	149.265	250	LOOKING
149.265	149.502	161	FOR
149.502	150.201	136	EMPLOYMENT
150.201	157.59	99999	sp
157.59	157.913	98	COFFEE
157.913	158.171	224	IS
158.171	158.422	198	GROWN
158.422	158.572	297	ON
158.572	159.126	404	STEEP
159.126	159.47	231	JUNGLE
159.47	159.739	241	LIKE
159.739	160.208	390	SLOPES
160.208	160.392	217	IN
160.392	160.846	431	TEMPERATE
160.846	161.382	497	ZONES
161.382	171.161	99999	sp
171.161	171.255	476	WE
171.255	171.662	480	WELCOME
171.662	172.041	256	MANY
172.041	172.203	282	NEW
172.203	172.737	408	STUDENTS
172.737	173.059	132	EACH
173.059	173.437	491	YEAR
173.437	181.547	99999	sp
181.547	181.779	298	ONLY
181.779	182.005	434	THE
182.005	182.335	51	BEST
182.335	182.753	330	PLAYERS
182.753	183.185	139	ENJOY
183.185	184.084	336	POPULARITY
184.084	192.28	99999	sp
192.28	192.784	75	CALCIUM
192.784	193.148	254	MAKES
193.148	193.462	58	BONES
193.462	193.651	20	AND
193.651	193.921	430	TEETH
193.921	194.46	406	STRONG
194.46	201.994	99999	sp
201.994	202.386	286	NOTHING
202.386	202.573	224	IS
202.573	202.78	34	AS
202.78	203.49	295	OFFENSIVE
203.49	203.719	34	AS
203.719	204.467	219	INNOCENCE
204.467	213.028	99999	sp
213.028	213.487	405	STEVE
213.487	213.776	490	WORE
213.776	213.898	1	A
213.898	214.247	65	BRIGHT
214.247	214.573	356	RED
214.573	215.203	78	CASHMERE
215.203	215.772	420	SWEATER
215.772	224.376	99999	sp
224.376	224.783	46	BARB'S
224.783	225.086	188	GOLD
225.086	225.809	63	BRACELET
225.809	225.978	472	WAS
225.978	226.099	1	A
226.099	226.877	193	GRADUATION
226.877	227.385	339	PRESENT
227.385	236.167	99999	sp
236.167	236.475	130	DRAW
236.475	236.794	145	EVERY
236.794	237.143	308	OUTER
237.143	237.4	244	LINE
237.4	238.217	156	FIRST
238.217	238.47	436	THEN
238.47	238.57	154	FILL
238.57	238.679	217	IN
238.679	238.832	434	THE
238.832	239.617	222	INTERIOR
239.617	249.835	99999	sp
249.835	249.913	434	THE
249.913	250.273	475	WATER
250.273	250.762	103	CONTAINED
250.762	250.972	448	TOO
250.972	251.211	269	MUCH
251.211	251.779	90	CHLORINE
251.779	251.908	20	AND
251.908	252.205	409	STUNG
252.205	252.438	208	HIS
252.438	252.929	149	EYES
252.929	262.549	99999	sp
262.549	262.964	229	JOHN'S
262.964	263.337	66	BROTHER
263.337	263.965	363	REPAINTED
263.965	264.103	434	THE
264.103	264.638	173	GARAGE
264.638	264.98	129	DOOR
264.98	274.069	99999	sp
274.069	274.567	84	CHALLENGE
274.567	274.916	132	EACH
274.916	275.48	175	GENERAL'S
275.48	276.353	221	INTELLIGENCE
276.353	284.978	99999	sp
284.978	285.899	17	AMBIDEXTROUS
285.899	286.752	327	PICKPOCKETS
286.752	287.518	6	ACCOMPLISH
287.518	287.89	267	MORE
287.89	297.163	99999	sp
297.163	297.266	1	A
297.266	297.892	271	MUSCULAR
297.892	298.389	2	ABDOMEN
298.389	298.619	224	IS
298.619	298.771	189	GOOD
298.771	298.923	161	FOR
298.923	299.182	496	YOUR
299.182	299.611	43	BACK
299.611	307.854	99999	sp
307.854	307.987	438	THEY
307.987	308.154	317	OWN
308.154	308.36	1	A
308.36	308.63	52	BIG
308.63	308.967	209	HOUSE
308.967	309.1	217	IN
309.1	309.168	434	THE
309.168	309.612	361	REMOTE
309.612	310.411	109	COUNTRYSIDE
310.411	319.421	99999	sp
319.421	319.505	434	THE
319.505	319.921	369	ROSE
319.921	320.603	106	CORSAGE
320.603	320.982	393	SMELLED
320.982	321.44	421	SWEET
321.44	330.971	99999	sp
330.971	331.259	433	THAT
331.259	331.862	326	PICKPOCKET
331.862	332.099	472	WAS
332.099	332.357	80	CAUGHT
332.357	332.656	356	RED
332.656	333.267	199	HANDED
333.267	342.29	99999	sp
342.29	342.407	19	AN
342.407	342.866	9	ADULT
342.866	343.267	255	MALE
343.267	343.849	42	BABOON'S
343.849	344.22	430	TEETH
344.22	344.353	30	ARE
344.353	344.599	285	NOT
344.599	345.028	415	SUITABLE
345.028	345.207	161	FOR
345.207	345.46	135	EATING
345.46	346.214	376	SHELLFISH
346.214	356.468	99999	sp
356.468	356.651	204	HER
356.651	357.254	470	WARDROBE
357.254	357.719	102	CONSISTS
357.719	357.819	294	OF
357.819	358.148	298	ONLY
358.148	358.607	385	SKIRTS
358.607	358.85	20	AND
358.85	359.527	54	BLOUSES
359.527	368.808	99999	sp
368.808	368.942	434	THE
368.942	369.281	453	TWO
369.281	369.772	33	ARTISTS
369.772	370.642	147	EXCHANGED
370.642	371.478	39	AUTOGRAPHS
371.478	381.534	99999	sp
381.534	382.25	71	BUTTERSCOTCH
382.25	382.648	169	FUDGE
382.648	382.901	186	GOES
382.901	383.109	481	WELL
383.109	383.334	487	WITH
383.334	383.684	463	VANILLA
383.684	384.045	212	ICE
384.045	384.358	112	CREAM
384.358	393.734	99999	sp
393.734	394.12	366	RICH
394.12	394.755	349	PURCHASED
394.755	395.432	88888	SEVAL
395.432	396.082	374	SEVERAL
396.082	396.62	382	SIGNED
396.62	397.524	245	LITHOGRAPHS
397.524	408.22	99999	sp
408.22	408.496	24	ANY
408.496	409.351	105	CONTRIBUTIONS
409.351	409.44	485	WILL
409.44	409.606	47	BE
409.606	409.99	195	GREATLY
409.99	410.848	28	APPRECIATED
410.848	419.587	99999	sp
419.587	419.708	434	THE
419.708	420.413	111	CRANBERRY
420.413	420.755	57	BOG
420.755	420.982	178	GETS
420.982	421.363	465	VERY
421.363	421.594	340	PRETTY
421.594	421.752	217	IN
421.752	422.242	40	AUTUMN
422.242	431.232	99999	sp
431.232	431.473	210	HOW
431.473	431.68	128	DO
431.68	432.149	318	OYSTERS
432.149	432.48	253	MAKE
432.48	433.028	320	PEARLS
433.028	442.136	99999	sp
442.136	442.351	257	MAY
442.351	442.387	211	I
442.387	442.697	304	ORDER
442.697	442.783	1	A
442.783	443.31	319	PARFAIT
443.31	443.654	10	AFTER
443.654	443.724	211	I
443.724	443.951	134	EAT
443.951	444.392	124	DINNER
444.392	454.484	99999	sp
454.484	454.629	224	IS
454.629	454.854	375	SHE
454.854	455.2	187	GOING
455.2	455.367	487	WITH
455.367	455.7	495	YOU
455.7	463.646	99999	sp
463.646	463.829	76	CAN
463.829	463.98	434	THE
463.98	464.467	11	AGENCY
464.467	465.078	315	OVERTHROW
465.078	465.502	13	ALIEN
465.502	466.153	162	FORCES
466.153	475.095	99999	sp
475.095	475.202	1	A
475.202	475.95	371	SCREWDRIVER
475.95	476.13	224	IS
476.13	476.353	252	MADE
476.353	476.629	166	FROM
476.629	477.048	469	VODKA
477.048	477.286	20	AND
477.286	477.685	303	ORANGE
477.685	478.355	230	JUICE
478.355	487.961	99999	sp
487.961	488.131	210	HOW
488.131	488.349	269	MUCH
488.349	488.934	16	ALLOWANCE
488.934	488.99	128	DO
488.99	489.187	495	YOU
489.187	489.41	177	GET
489.41	497.332	99999	sp
497.332	498.014	115	CYCLICAL
498.014	498.559	346	PROGRAMS
498.559	498.696	485	WILL
498.696	499.084	281	NEVER
499.084	499.786	100	COMPILE
499.786	508.522	99999	sp
508.522	508.67	434	THE
508.67	509.149	61	BOSTON
509.149	509.659	45	BALLET
509.659	510.276	312	OVERCAME
510.276	510.393	435	THEIR
510.393	511.074	170	FUNDING
511.074	511.779	380	SHORTAGE
511.779	521.573	99999	sp
521.573	521.941	145	EVERY
521.941	522.294	74	CAB
522.294	522.604	280	NEEDS
522.604	523.342	364	REPAINTING
523.342	523.971	296	OFTEN
523.971	532.808	99999	sp
532.808	533.206	203	HELP
533.206	533.549	196	GREG
533.549	533.675	446	TO
533.675	533.899	325	PICK
533.899	534.035	1	A
534.035	534.468	88888	PACK
534.468	534.846	321	PECK
534.846	535.108	294	OF
535.108	535.327	99999	sp
535.327	536.263	338	POTATOES
536.263	549.347	99999	sp
549.347	549.511	476	WE
549.511	549.886	241	LIKE
549.886	550.139	55	BLUE
550.139	550.695	88	CHEESE
550.695	550.929	70	BUT
550.929	551.298	466	VICTOR
551.298	551.754	242	LIKES
551.754	552.116	64	BRIE
552.116	561.954	99999	sp
561.954	562.188	108	COUNT
562.188	562.274	434	THE
562.274	562.722	289	NUMBER
562.722	562.896	294	OF
562.896	563.471	429	TEASPOONS
563.471	563.58	294	OF
563.58	564.302	395	SOYSAUCE
564.302	564.455	433	THAT
564.455	564.632	495	YOU
564.632	564.969	7	ADD
564.969	574.994	99999	sp
574.994	575.644	44	BAGPIPES
575.644	575.874	20	AND
575.874	576.47	59	BONGOS
576.47	576.582	30	ARE
576.582	577.12	273	MUSICAL
577.12	577.888	220	INSTRUMENTS
577.888	586.8	99999	sp
586.8	587.114	210	HOW
587.114	587.287	189	GOOD
587.287	587.437	224	IS
587.437	587.577	496	YOUR
587.577	588.339	138	ENDURANCE
588.339	601.0	99999	sp
601.0	601.395	99999	sp
601.395	602.298	206	HIGHER
602.298	602.616	302	OR
602.616	602.914	251	LOWER
602.914	603.087	432	THAN
603.087	603.635	275	NANCY'S
603.635	611.263	99999	sp
611.263	611.467	375	SHE
611.467	611.707	490	WORE
611.707	612.242	471	WARM
612.242	612.694	158	FLEECY
612.694	613.233	489	WOOLEN
613.233	613.832	311	OVERALLS
613.832	622.343	99999	sp
622.343	622.66	354	READING
622.66	622.873	217	IN
622.873	623.181	335	POOR
623.181	623.492	240	LIGHT
623.492	623.756	181	GIVES
623.756	623.84	495	YOU
623.84	624.558	150	EYESTRAIN
624.558	632.88	99999	sp
632.88	633.235	142	EVEN
633.235	633.508	211	I
633.508	634.182	293	OCCASIONALLY
634.182	634.331	177	GET
634.331	634.405	434	THE
634.405	634.923	265	MONDAY
634.923	635.283	56	BLUES
635.283	644.275	99999	sp
644.275	644.374	476	WE
644.374	644.523	30	ARE
644.523	644.861	301	OPEN
644.861	645.29	145	EVERY
645.29	645.669	265	MONDAY
645.669	646.198	143	EVENING
646.198	652.401	99999	sp
652.401	652.575	226	IT'S
652.575	652.801	285	NOT
652.801	653.137	133	EASY
653.137	653.275	446	TO
653.275	653.768	113	CREATE
653.768	654.63	215	ILLUMINATING
654.63	655.313	146	EXAMPLES
655.313	663.43	99999	sp
663.43	663.752	270	MUM
663.752	664.276	407	STRONGLY
664.276	664.816	126	DISLIKES
664.816	665.756	27	APPETIZERS
665.756	674.129	99999	sp
674.129	674.417	443	THOSE
674.417	674.545	484	WHO
674.545	674.847	427	TEACH
674.847	675.38	462	VALUES
675.38	675.432	99999	sp
675.432	675.712	156	FIRST
675.712	676.2570000000001	4	ABOLISH
676.2570000000001	676.7	87	CHEATING
676.7	685.413	99999	sp
685.413	685.496	434	THE
685.496	685.912	165	FRIGHTENED
685.912	686.297	89	CHILD
686.297	686.539	472	WAS
686.539	686.867	176	GENTLY
686.867	687.423	410	SUBDUED
687.423	687.542	73	BY
687.542	687.789	208	HIS
687.789	688.0409999999999	52	BIG
688.0409999999999	688.403	66	BROTHER
688.403	696.77	99999	sp
696.77	697.053	142	EVEN
697.053	697.126	1	A
697.126	697.552	383	SIMPLE
697.552	698.42	468	VOCABULARY
698.42	698.884	104	CONTAINS
698.884	699.545	422	SYMBOLS
699.545	708.712	99999	sp
708.712	708.852	1	A
708.852	709.215	110	CRAB
709.215	709.754	85	CHALLENGED
709.754	709.985	258	ME
709.985	710.0889999999999	70	BUT
710.0889999999999	710.158	1	A
710.158	710.433	350	QUICK
710.433	710.981	402	STAB
710.981	711.501	464	VANQUISHED
711.501	711.739	207	HIM
711.739	720.537	99999	sp
720.537	721.076	183	GLUCOSE
721.076	721.198	88888	 AND
721.198	721.864	167	FRUCTOSE
721.864	722.02	30	ARE
722.02	722.503	276	NATURAL
722.503	723.0550000000001	414	SUGARS
723.0550000000001	723.355	163	FOUND
723.355	723.534	217	IN
723.534	723.8820000000001	168	FRUIT
723.8820000000001	732.155	99999	sp
732.155	732.304	30	ARE
732.304	732.398	495	YOU
732.398	732.782	250	LOOKING
732.782	733.042	161	FOR
733.042	733.683	136	EMPLOYMENT
733.683	741.466	99999	sp
741.466	741.792	98	COFFEE
741.792	742.0029999999999	224	IS
742.0029999999999	742.1510000000001	198	GROWN
742.1510000000001	742.311	297	ON
742.311	742.768	404	STEEP
742.768	742.888	99999	sp
742.888	743.278	231	JUNGLE
743.278	743.54	241	LIKE
743.54	744.017	390	SLOPES
744.017	744.21	217	IN
744.21	744.784	431	TEMPERATE
744.784	745.114	497	ZONES
745.114	753.109	99999	sp
753.109	753.215	476	WE
753.215	753.585	480	WELCOME
753.585	753.938	256	MANY
753.938	754.106	282	NEW
754.106	754.667	408	STUDENTS
754.667	754.979	132	EACH
754.979	755.361	491	YEAR
755.361	763.7280000000001	99999	sp
763.7280000000001	764.015	298	ONLY
764.015	764.193	434	THE
764.193	764.491	51	BEST
764.491	764.549	99999	sp
764.549	764.996	330	PLAYERS
764.996	765.399	139	ENJOY
765.399	765.432	99999	sp
765.432	766.366	336	POPULARITY
766.366	775.802	99999	sp
775.802	776.303	75	CALCIUM
776.303	776.65	254	MAKES
776.65	776.9490000000001	58	BONES
776.9490000000001	777.113	20	AND
777.113	777.371	430	TEETH
777.371	777.889	406	STRONG
777.889	785.413	99999	sp
785.413	785.812	286	NOTHING
785.812	785.9590000000001	224	IS
785.9590000000001	786.133	34	AS
786.133	786.731	295	OFFENSIVE
786.731	786.899	34	AS
786.899	787.6179999999999	219	INNOCENCE
787.6179999999999	796.922	99999	sp
796.922	797.186	405	STEVE
797.186	797.331	490	WORE
797.331	797.502	1	A
797.502	797.8009999999999	65	BRIGHT
797.8009999999999	798.072	356	RED
798.072	798.693	78	CASHMERE
798.693	799.183	420	SWEATER
799.183	808.304	99999	sp
808.304	808.717	46	BARB'S
808.717	809.028	188	GOLD
809.028	809.586	63	BRACELET
809.586	809.809	99999	sp
809.809	809.967	472	WAS
809.967	810.09	1	A
810.09	810.899	193	GRADUATION
810.899	811.326	339	PRESENT
811.326	820.59	99999	sp
820.59	820.898	130	DRAW
820.898	821.192	145	EVERY
821.192	821.519	308	OUTER
821.519	821.787	244	LINE
821.787	822.277	156	FIRST
822.277	822.4739999999999	99999	sp
822.4739999999999	822.704	436	THEN
822.704	822.9449999999999	154	FILL
822.9449999999999	823.086	217	IN
823.086	823.127	434	THE
823.127	823.856	222	INTERIOR
823.856	831.891	99999	sp
831.891	831.957	434	THE
831.957	832.439	475	WATER
832.439	833.014	103	CONTAINED
833.014	833.124	448	TOO
833.124	833.392	269	MUCH
833.392	833.873	90	CHLORINE
833.873	834.002	20	AND
834.002	834.356	409	STUNG
834.356	834.55	208	HIS
834.55	834.984	149	EYES
834.984	842.881	99999	sp
842.881	843.277	229	JOHN'S
843.277	843.571	66	BROTHER
843.571	844.1990000000001	363	REPAINTED
844.1990000000001	844.297	434	THE
844.297	844.831	173	GARAGE
844.831	845.1469999999999	129	DOOR
845.1469999999999	853.766	99999	sp
853.766	854.236	84	CHALLENGE
854.236	854.586	132	EACH
854.586	855.108	175	GENERAL'S
855.108	855.963	221	INTELLIGENCE
855.963	864.451	99999	sp
864.451	865.284	17	AMBIDEXTROUS
865.284	865.927	327	PICKPOCKETS
865.927	866.567	6	ACCOMPLISH
866.567	866.877	267	MORE
866.877	875.875	99999	sp
875.875	875.951	1	A
875.951	876.567	271	MUSCULAR
876.567	877.0129999999999	2	ABDOMEN
877.0129999999999	877.235	224	IS
877.235	877.444	189	GOOD
877.444	877.553	161	FOR
877.553	877.793	496	YOUR
877.793	878.133	43	BACK
878.133	885.8620000000001	99999	sp
885.8620000000001	885.9639999999999	438	THEY
885.9639999999999	886.1700000000001	317	OWN
886.1700000000001	886.3389999999999	1	A
886.3389999999999	886.553	52	BIG
886.553	886.932	209	HOUSE
886.932	887.091	217	IN
887.091	887.1610000000001	434	THE
887.1610000000001	887.538	361	REMOTE
887.538	888.319	109	COUNTRYSIDE
888.319	897.235	99999	sp
897.235	897.396	434	THE
897.396	897.704	369	ROSE
897.704	897.726	99999	sp
897.726	898.363	106	CORSAGE
898.363	898.7339999999999	393	SMELLED
898.7339999999999	899.154	421	SWEET
899.154	908.02	99999	sp
908.02	908.223	433	THAT
908.223	908.267	99999	sp
908.267	908.8820000000001	326	PICKPOCKET
908.8820000000001	909.05	472	WAS
909.05	909.078	99999	sp
909.078	909.3620000000001	80	CAUGHT
909.3620000000001	909.562	356	RED
909.562	910.0699999999999	199	HANDED
910.0699999999999	919.71	99999	sp
919.71	919.817	19	AN
919.817	920.2139999999999	9	ADULT
920.2139999999999	920.65	255	MALE
920.65	921.212	42	BABOON'S
921.212	921.454	430	TEETH
921.454	921.5509999999999	30	ARE
921.5509999999999	921.783	285	NOT
921.783	922.212	415	SUITABLE
922.212	922.332	161	FOR
922.332	922.69	135	EATING
922.69	923.548	376	SHELLFISH
923.548	932.0899999999999	99999	sp
932.0899999999999	932.284	204	HER
932.284	932.761	470	WARDROBE
932.761	933.2570000000001	102	CONSISTS
933.2570000000001	933.424	294	OF
933.424	933.688	298	ONLY
933.688	934.185	385	SKIRTS
934.185	934.389	20	AND
934.389	935.0609999999999	54	BLOUSES
935.0609999999999	943.682	99999	sp
943.682	943.8	434	THE
943.8	944.1120000000001	453	TWO
944.1120000000001	944.5830000000001	33	ARTISTS
944.5830000000001	945.251	147	EXCHANGED
945.251	946.048	39	AUTOGRAPHS
946.048	955.975	99999	sp
955.975	956.613	71	BUTTERSCOTCH
956.613	956.659	99999	sp
956.659	956.998	169	FUDGE
956.998	957.232	186	GOES
957.232	957.432	481	WELL
957.432	957.607	487	WITH
957.607	958.0	463	VANILLA
958.0	958.344	212	ICE
958.344	958.6890000000001	112	CREAM
958.6890000000001	967.6700000000001	99999	sp
967.6700000000001	967.951	366	RICH
967.951	968.0160000000001	99999	sp
968.0160000000001	968.607	349	PURCHASED
968.607	968.643	99999	sp
968.643	969.135	374	SEVERAL
969.135	969.5640000000001	382	SIGNED
969.5640000000001	970.262	245	LITHOGRAPHS
970.262	978.0360000000001	99999	sp
978.0360000000001	978.294	24	ANY
978.294	979.1320000000001	105	CONTRIBUTIONS
979.1320000000001	979.244	485	WILL
979.244	979.413	47	BE
979.413	979.8	195	GREATLY
979.8	980.65	28	APPRECIATED
980.65	989.086	99999	sp
989.086	989.206	434	THE
989.206	989.828	111	CRANBERRY
989.828	990.098	57	BOG
990.098	990.289	178	GETS
990.289	990.693	465	VERY
990.693	990.966	340	PRETTY
990.966	991.135	217	IN
991.135	991.624	40	AUTUMN
991.624	1000.831	99999	sp
1000.831	1001.002	210	HOW
1001.002	1001.142	128	DO
1001.142	1001.6510000000001	318	OYSTERS
1001.6510000000001	1001.8720000000001	253	MAKE
1001.8720000000001	1001.935	99999	sp
1001.935	1002.438	320	PEARLS
1002.438	1011.491	99999	sp
1011.491	1011.783	257	MAY
1011.783	1011.827	211	I
1011.827	1012.185	304	ORDER
1012.185	1012.258	1	A
1012.258	1012.6890000000001	319	PARFAIT
1012.6890000000001	1012.976	10	AFTER
1012.976	1013.095	211	I
1013.095	1013.317	134	EAT
1013.317	1013.744	124	DINNER
1013.744	1022.704	99999	sp
1022.704	1022.8399999999999	224	IS
1022.8399999999999	1023.052	375	SHE
1023.052	1023.383	187	GOING
1023.383	1023.5699999999999	487	WITH
1023.5699999999999	1023.852	495	YOU
1023.852	1030.7939999999999	99999	sp
1030.7939999999999	1030.9569999999999	76	CAN
1030.9569999999999	1031.0819999999999	434	THE
1031.0819999999999	1031.632	11	AGENCY
1031.632	1032.241	315	OVERTHROW
1032.241	1032.701	13	ALIEN
1032.701	1033.41	162	FORCES
1033.41	1041.979	99999	sp
1041.979	1042.079	1	A
1042.079	1042.866	371	SCREWDRIVER
1042.866	1042.972	224	IS
1042.972	1043.181	252	MADE
1043.181	1043.416	166	FROM
1043.416	1043.796	469	VODKA
1043.796	1044.018	20	AND
1044.018	1044.439	303	ORANGE
1044.439	1044.882	230	JUICE
1044.882	1052.564	99999	sp
1052.564	1052.7350000000001	210	HOW
1052.7350000000001	1052.925	269	MUCH
1052.925	1053.4940000000001	16	ALLOWANCE
1053.4940000000001	1053.5720000000001	128	DO
1053.5720000000001	1053.7359999999999	495	YOU
1053.7359999999999	1054.012	177	GET
1054.012	1064.301	99999	sp
1064.301	1064.97	115	CYCLICAL
1064.97	1065.576	346	PROGRAMS
1065.576	1065.675	485	WILL
1065.675	1066.056	281	NEVER
1066.056	1066.704	100	COMPILE
1066.704	1073.545	99999	sp
1073.545	1073.7	434	THE
1073.7	1074.1390000000001	61	BOSTON
1074.1390000000001	1074.528	45	BALLET
1074.528	1075.184	312	OVERCAME
1075.184	1075.3029999999999	435	THEIR
1075.3029999999999	1075.762	170	FUNDING
1075.762	1076.401	380	SHORTAGE
1076.401	1086.0140000000001	99999	sp
1086.0140000000001	1086.344	145	EVERY
1086.344	1086.606	74	CAB
1086.606	1086.9180000000001	280	NEEDS
1086.9180000000001	1087.6390000000001	364	REPAINTING
1087.6390000000001	1088.262	296	OFTEN
1088.262	1096.229	99999	sp
1096.229	1096.569	203	HELP
1096.569	1096.8600000000001	196	GREG
1096.8600000000001	1097.031	446	TO
1097.031	1097.344	325	PICK
1097.344	1097.407	99999	sp
1097.407	1097.555	1	A
1097.555	1097.8220000000001	321	PECK
1097.8220000000001	1097.979	294	OF
1097.979	1098.661	338	POTATOES
1098.661	1108.35	99999	sp
1108.35	1108.519	476	WE
1108.519	1108.865	241	LIKE
1108.865	1109.09	55	BLUE
1109.09	1109.4769999999999	88	CHEESE
1109.4769999999999	1109.666	70	BUT
1109.666	1110.045	466	VICTOR
1110.045	1110.451	242	LIKES
1110.451	1110.812	64	BRIE
1110.812	1119.6779999999999	99999	sp
1119.6779999999999	1119.937	108	COUNT
1119.937	1120.011	434	THE
1120.011	1120.371	289	NUMBER
1120.371	1120.546	294	OF
1120.546	1121.149	429	TEASPOONS
1121.149	1121.299	294	OF
1121.299	1121.9389999999999	395	SOYSAUCE
1121.9389999999999	1122.087	433	THAT
1122.087	1122.1680000000001	495	YOU
1122.1680000000001	1122.496	7	ADD
1122.496	1131.042	99999	sp
1131.042	1131.625	44	BAGPIPES
1131.625	1131.856	20	AND
1131.856	1132.431	59	BONGOS
1132.431	1132.574	30	ARE
1132.574	1133.068	273	MUSICAL
1133.068	1133.801	220	INSTRUMENTS
1133.801	1141.8020000000001	99999	sp
1141.8020000000001	1142.101	210	HOW
1142.101	1142.266	189	GOOD
1142.266	1142.4569999999999	224	IS
1142.4569999999999	1142.6	496	YOUR
1142.6	1143.23	138	ENDURANCE
1143.23	1154.728	99999	sp
1154.728	1154.8020000000001	30	ARE
1154.8020000000001	1155.002	496	YOUR
1155.002	1155.23	192	GRADES
1155.23	1155.647	206	HIGHER
1155.647	1155.796	302	OR
1155.796	1156.1100000000001	251	LOWER
1156.1100000000001	1156.309	432	THAN
1156.309	1156.9850000000001	275	NANCY'S
1156.9850000000001	1164.7350000000001	99999	sp
1164.7350000000001	1164.95	375	SHE
1164.95	1165.159	490	WORE
1165.159	1165.548	471	WARM
1165.548	1166.1950000000002	158	FLEECY
1166.1950000000002	1166.596	489	WOOLEN
1166.596	1167.35	311	OVERALLS
1167.35	1175.2240000000002	99999	sp
1175.2240000000002	1175.426	354	READING
1175.426	1175.654	217	IN
1175.654	1175.712	99999	sp
1175.712	1175.9560000000001	335	POOR
1175.9560000000001	1176.225	240	LIGHT
1176.225	1176.433	181	GIVES
1176.433	1176.534	495	YOU
1176.534	1177.241	150	EYESTRAIN
1177.241	1184.3609999999999	99999	sp
1184.3609999999999	1184.635	142	EVEN
1184.635	1184.837	211	I
1184.837	1185.538	293	OCCASIONALLY
1185.538	1185.67	177	GET
1185.67	1185.741	434	THE
1185.741	1186.219	265	MONDAY
1186.219	1186.614	56	BLUES
1186.614	1193.982	99999	sp
1193.982	1194.057	476	WE
1194.057	1194.173	30	ARE
1194.173	1194.539	301	OPEN
1194.539	1194.871	145	EVERY
1194.871	1195.2649999999999	265	MONDAY
1195.2649999999999	1195.789	143	EVENING
1195.789	1202.0	99999	sp
1202.0	1202.443	99999	sp
1202.443	1203.229	446	TO
1203.229	1203.568	113	CREATE
1203.568	1204.215	215	ILLUMINATING
1204.215	1205.019	146	EXAMPLES
1205.019	1212.283	99999	sp
1212.283	1212.567	270	MUM
1212.567	1213.172	407	STRONGLY
1213.172	1213.684	126	DISLIKES
1213.684	1214.648	27	APPETIZERS
1214.648	1222.122	99999	sp
1222.122	1222.335	443	THOSE
1222.335	1222.473	484	WHO
1222.473	1222.725	427	TEACH
1222.725	1223.284	462	VALUES
1223.284	1223.649	156	FIRST
1223.649	1224.239	4	ABOLISH
1224.239	1224.71	87	CHEATING
1224.71	1232.651	99999	sp
1232.651	1232.722	434	THE
1232.722	1233.151	165	FRIGHTENED
1233.151	1233.52	89	CHILD
1233.52	1233.721	472	WAS
1233.721	1234.029	176	GENTLY
1234.029	1234.551	410	SUBDUED
1234.551	1234.677	73	BY
1234.677	1234.826	208	HIS
1234.826	1235.137	52	BIG
1235.137	1235.485	66	BROTHER
1235.485	1243.723	99999	sp
1243.723	1243.9470000000001	142	EVEN
1243.9470000000001	1244.026	1	A
1244.026	1244.484	383	SIMPLE
1244.484	1245.376	468	VOCABULARY
1245.376	1245.851	104	CONTAINS
1245.851	1246.521	422	SYMBOLS
1246.521	1254.727	99999	sp
1254.727	1254.843	1	A
1254.843	1255.212	110	CRAB
1255.212	1255.729	85	CHALLENGED
1255.729	1255.889	258	ME
1255.889	1255.998	70	BUT
1255.998	1256.118	1	A
1256.118	1256.338	350	QUICK
1256.338	1256.795	402	STAB
1256.795	1257.295	464	VANQUISHED
1257.295	1257.618	207	HIM
1257.618	1265.64	99999	sp
1265.64	1266.227	183	GLUCOSE
1266.227	1266.445	20	AND
1266.445	1267.042	167	FRUCTOSE
1267.042	1267.213	30	ARE
1267.213	1267.642	276	NATURAL
1267.642	1268.181	414	SUGARS
1268.181	1268.51	163	FOUND
1268.51	1268.641	217	IN
1268.641	1269.029	168	FRUIT
1269.029	1277.599	99999	sp
1277.599	1277.737	30	ARE
1277.737	1277.87	495	YOU
1277.87	1278.248	250	LOOKING
1278.248	1278.477	161	FOR
1278.477	1279.136	136	EMPLOYMENT
1279.136	1285.773	99999	sp
1285.773	1286.081	98	COFFEE
1286.081	1286.292	224	IS
1286.292	1286.48	198	GROWN
1286.48	1286.609	297	ON
1286.609	1287.051	404	STEEP
1287.051	1287.438	231	JUNGLE
1287.438	1287.656	241	LIKE
1287.656	1288.239	390	SLOPES
1288.239	1288.454	217	IN
1288.454	1288.835	431	TEMPERATE
1288.835	1289.37	497	ZONES
1289.37	1298.108	99999	sp
1298.108	1298.172	476	WE
1298.172	1298.581	480	WELCOME
1298.581	1298.865	256	MANY
1298.865	1299.031	282	NEW
1299.031	1299.529	408	STUDENTS
1299.529	1299.829	132	EACH
1299.829	1300.159	491	YEAR
1300.159	1307.374	99999	sp
1307.374	1307.591	298	ONLY
1307.591	1307.791	434	THE
1307.791	1308.141	51	BEST
1308.141	1308.469	330	PLAYERS
1308.469	1308.848	139	ENJOY
1308.848	1309.6970000000001	336	POPULARITY
1309.6970000000001	1317.831	99999	sp
1317.831	1318.297	75	CALCIUM
1318.297	1318.603	254	MAKES
1318.603	1318.876	58	BONES
1318.876	1319.026	20	AND
1319.026	1319.284	430	TEETH
1319.284	1319.773	406	STRONG
1319.773	1326.557	99999	sp
1326.557	1326.907	286	NOTHING
1326.907	1327.037	224	IS
1327.037	1327.206	34	AS
1327.206	1327.745	295	OFFENSIVE
1327.745	1327.936	34	AS
1327.936	1328.763	219	INNOCENCE
1328.763	1335.868	99999	sp
1335.868	1336.327	405	STEVE
1336.327	1336.5	490	WORE
1336.5	1336.624	1	A
1336.624	1336.865	65	BRIGHT
1336.865	1337.145	356	RED
1337.145	1337.694	78	CASHMERE
1337.694	1338.173	420	SWEATER
1338.173	1345.742	99999	sp
1345.742	1346.104	46	BARB'S
1346.104	1346.395	188	GOLD
1346.395	1346.982	63	BRACELET
1346.982	1347.181	472	WAS
1347.181	1347.311	1	A
1347.311	1348.108	193	GRADUATION
1348.108	1348.579	339	PRESENT
1348.579	1356.79	99999	sp
1356.79	1357.06	130	DRAW
1357.06	1357.375	145	EVERY
1357.375	1357.698	308	OUTER
1357.698	1357.931	244	LINE
1357.931	1358.436	156	FIRST
1358.436	1358.642	99999	sp
1358.642	1358.837	436	THEN
1358.837	1359.078	154	FILL
1359.078	1359.185	217	IN
1359.185	1359.354	434	THE
1359.354	1359.993	222	INTERIOR
1359.993	1368.646	99999	sp
1368.646	1368.703	434	THE
1368.703	1369.0720000000001	475	WATER
1369.0720000000001	1369.494	103	CONTAINED
1369.494	1369.6390000000001	448	TOO
1369.6390000000001	1369.927	269	MUCH
1369.927	1370.475	90	CHLORINE
1370.475	1370.649	20	AND
1370.649	1370.988	409	STUNG
1370.988	1371.1680000000001	208	HIS
1371.1680000000001	1371.653	149	EYES
1371.653	1379.84	99999	sp
1379.84	1380.248	229	JOHN'S
1380.248	1380.586	66	BROTHER
1380.586	1381.2	363	REPAINTED
1381.2	1381.334	434	THE
1381.334	1381.837	173	GARAGE
1381.837	1382.163	129	DOOR
1382.163	1389.651	99999	sp
1389.651	1390.144	84	CHALLENGE
1390.144	1390.5529999999999	132	EACH
1390.5529999999999	1391.012	175	GENERAL'S
1391.012	1391.911	221	INTELLIGENCE
1391.911	1399.37	99999	sp
1399.37	1400.229	17	AMBIDEXTROUS
1400.229	1400.87	327	PICKPOCKETS
1400.87	1401.519	6	ACCOMPLISH
1401.519	1401.838	267	MORE
1401.838	1409.261	99999	sp
1409.261	1409.347	1	A
1409.347	1409.952	271	MUSCULAR
1409.952	1410.413	2	ABDOMEN
1410.413	1410.631	224	IS
1410.631	1410.783	189	GOOD
1410.783	1410.937	161	FOR
1410.937	1411.166	496	YOUR
1411.166	1411.526	43	BACK
1411.526	1418.927	99999	sp
1418.927	1419.024	438	THEY
1419.024	1419.208	317	OWN
1419.208	1419.344	1	A
1419.344	1419.568	52	BIG
1419.568	1419.917	209	HOUSE
1419.917	1420.046	217	IN
1420.046	1420.106	434	THE
1420.106	1420.481	361	REMOTE
1420.481	1421.254	109	COUNTRYSIDE
1421.254	1429.685	99999	sp
1429.685	1429.7640000000001	434	THE
1429.7640000000001	1430.147	369	ROSE
1430.147	1430.712	106	CORSAGE
1430.712	1431.05	393	SMELLED
1431.05	1431.48	421	SWEET
1431.48	1438.766	99999	sp
1438.766	1439.022	433	THAT
1439.022	1439.617	326	PICKPOCKET
1439.617	1439.84	472	WAS
1439.84	1440.2	80	CAUGHT
1440.2	1440.41	356	RED
1440.41	1440.9859999999999	199	HANDED
1440.9859999999999	1449.729	99999	sp
1449.729	1449.84	19	AN
1449.84	1450.288	9	ADULT
1450.288	1450.5529999999999	255	MALE
1450.5529999999999	1451.108	42	BABOON'S
1451.108	1451.315	430	TEETH
1451.315	1451.4850000000001	30	ARE
1451.4850000000001	1451.744	285	NOT
1451.744	1452.173	415	SUITABLE
1452.173	1452.312	161	FOR
1452.312	1452.662	135	EATING
1452.662	1453.431	376	SHELLFISH
1453.431	1462.3029999999999	99999	sp
1462.3029999999999	1462.54	204	HER
1462.54	1463.079	470	WARDROBE
1463.079	1463.558	102	CONSISTS
1463.558	1463.6770000000001	294	OF
1463.6770000000001	1463.96	298	ONLY
1463.96	1464.446	385	SKIRTS
1464.446	1464.649	20	AND
1464.649	1465.277	54	BLOUSES
1465.277	1473.078	99999	sp
1473.078	1473.223	434	THE
1473.223	1473.4859999999999	453	TWO
1473.4859999999999	1474.173	33	ARTISTS
1474.173	1474.911	147	EXCHANGED
1474.911	1475.7	39	AUTOGRAPHS
1475.7	1483.7060000000001	99999	sp
1483.7060000000001	1484.339	71	BUTTERSCOTCH
1484.339	1484.734	169	FUDGE
1484.734	1485.042	186	GOES
1485.042	1485.203	481	WELL
1485.203	1485.4479999999999	487	WITH
1485.4479999999999	1485.783	463	VANILLA
1485.783	1486.136	212	ICE
1486.136	1486.475	112	CREAM
1486.475	1495.06	99999	sp
1495.06	1495.384	366	RICH
1495.384	1495.934	349	PURCHASED
1495.934	1496.4270000000001	374	SEVERAL
1496.4270000000001	1496.781	382	SIGNED
1496.781	1497.6	245	LITHOGRAPHS
1497.6	1505.551	99999	sp
1505.551	1505.746	24	ANY
1505.746	1506.7	105	CONTRIBUTIONS
1506.7	1506.788	485	WILL
1506.788	1506.953	47	BE
1506.953	1507.327	195	GREATLY
1507.327	1508.115	28	APPRECIATED
1508.115	1516.01	99999	sp
1516.01	1516.127	434	THE
1516.127	1516.772	111	CRANBERRY
1516.772	1517.048	57	BOG
1517.048	1517.224	178	GETS
1517.224	1517.623	465	VERY
1517.623	1517.94	340	PRETTY
1517.94	1518.0430000000001	217	IN
1518.0430000000001	1518.5720000000001	40	AUTUMN
1518.5720000000001	1526.229	99999	sp
1526.229	1526.435	210	HOW
1526.435	1526.524	128	DO
1526.524	1527.083	318	OYSTERS
1527.083	1527.365	253	MAKE
1527.365	1527.878	320	PEARLS
1527.878	1534.733	99999	sp
1534.733	1534.954	257	MAY
1534.954	1535.005	211	I
1535.005	1535.274	304	ORDER
1535.274	1535.363	1	A
1535.363	1535.714	319	PARFAIT
1535.714	1536.123	10	AFTER
1536.123	1536.212	211	I
1536.212	1536.394	134	EAT
1536.394	1536.851	124	DINNER
1536.851	1544.062	99999	sp
1544.062	1544.254	224	IS
1544.254	1544.453	375	SHE
1544.453	1544.777	187	GOING
1544.777	1544.949	487	WITH
1544.949	1545.233	495	YOU
1545.233	1551.554	99999	sp
1551.554	1551.725	76	CAN
1551.725	1551.805	434	THE
1551.805	1552.336	11	AGENCY
1552.336	1552.82	315	OVERTHROW
1552.82	1553.229	13	ALIEN
1553.229	1553.97	162	FORCES
1553.97	1561.308	99999	sp
1561.308	1561.404	1	A
1561.404	1562.134	371	SCREWDRIVER
1562.134	1562.308	224	IS
1562.308	1562.5529999999999	252	MADE
1562.5529999999999	1562.842	166	FROM
1562.842	1563.266	469	VODKA
1563.266	1563.43	20	AND
1563.43	1563.829	303	ORANGE
1563.829	1564.329	230	JUICE
1564.329	1572.1970000000001	99999	sp
1572.1970000000001	1572.3600000000001	210	HOW
1572.3600000000001	1572.565	269	MUCH
1572.565	1573.12	16	ALLOWANCE
1573.12	1573.1779999999999	128	DO
1573.1779999999999	1573.358	495	YOU
1573.358	1573.687	177	GET
1573.687	1580.145	99999	sp
1580.145	1580.851	115	CYCLICAL
1580.851	1581.442	346	PROGRAMS
1581.442	1581.569	485	WILL
1581.569	1581.9479999999999	281	NEVER
1581.9479999999999	1582.596	100	COMPILE
1582.596	1590.353	99999	sp
1590.353	1590.4940000000001	434	THE
1590.4940000000001	1590.9279999999999	61	BOSTON
1590.9279999999999	1591.287	45	BALLET
1591.287	1591.966	312	OVERCAME
1591.966	1592.105	435	THEIR
1592.105	1592.5430000000001	170	FUNDING
1592.5430000000001	1593.173	380	SHORTAGE
1593.173	1601.05	99999	sp
1601.05	1601.354	145	EVERY
1601.354	1601.663	74	CAB
1601.663	1601.91	280	NEEDS
1601.91	1602.562	364	REPAINTING
1602.562	1603.176	296	OFTEN
1603.176	1610.1480000000001	99999	sp
1610.1480000000001	1610.484	203	HELP
1610.484	1610.768	196	GREG
1610.768	1610.942	446	TO
1610.942	1611.161	325	PICK
1611.161	1611.301	1	A
1611.301	1611.531	321	PECK
1611.531	1611.68	294	OF
1611.68	1612.4	338	POTATOES
1612.4	1619.79	99999	sp
1619.79	1619.992	476	WE
1619.992	1620.316	241	LIKE
1620.316	1620.542	55	BLUE
1620.542	1620.829	88	CHEESE
1620.829	1621.04	70	BUT
1621.04	1621.4180000000001	466	VICTOR
1621.4180000000001	1621.788	242	LIKES
1621.788	1622.127	64	BRIE
1622.127	1629.923	99999	sp
1629.923	1630.1390000000001	108	COUNT
1630.1390000000001	1630.228	434	THE
1630.228	1630.577	289	NUMBER
1630.577	1630.743	294	OF
1630.743	1631.3029999999999	429	TEASPOONS
1631.3029999999999	1631.446	294	OF
1631.446	1632.057	395	SOYSAUCE
1632.057	1632.149	433	THAT
1632.149	1632.2730000000001	495	YOU
1632.2730000000001	1632.686	7	ADD
1632.686	1640.6109999999999	99999	sp
1640.6109999999999	1641.214	44	BAGPIPES
1641.214	1641.395	20	AND
1641.395	1641.846	59	BONGOS
1641.846	1641.942	30	ARE
1641.942	1642.511	273	MUSICAL
1642.511	1643.259	220	INSTRUMENTS
1643.259	1650.733	99999	sp
1650.733	1651.036	210	HOW
1651.036	1651.221	189	GOOD
1651.221	1651.37	224	IS
1651.37	1651.518	496	YOUR
1651.518	1652.228	138	ENDURANCE
1652.228	1661.233	99999	sp
1661.233	1661.308	30	ARE
1661.308	1661.498	496	YOUR
1661.498	1661.776	192	GRADES
1661.776	1662.096	206	HIGHER
1662.096	1662.276	302	OR
1662.276	1662.595	251	LOWER
1662.595	1662.745	432	THAN
1662.745	1663.4470000000001	275	NANCY'S
1663.4470000000001	1670.098	99999	sp
1670.098	1670.308	375	SHE
1670.308	1670.467	490	WORE
1670.467	1670.856	471	WARM
1670.856	1671.445	158	FLEECY
1671.445	1671.8029999999999	489	WOOLEN
1671.8029999999999	1672.68	311	OVERALLS
1672.68	1680.532	99999	sp
1680.532	1680.856	354	READING
1680.856	1681.054	217	IN
1681.054	1681.262	335	POOR
1681.262	1681.559	240	LIGHT
1681.559	1681.791	181	GIVES
1681.791	1681.9189999999999	495	YOU
1681.9189999999999	1682.714	150	EYESTRAIN
1682.714	1690.162	99999	sp
1690.162	1690.4560000000001	142	EVEN
1690.4560000000001	1690.676	211	I
1690.676	1691.316	293	OCCASIONALLY
1691.316	1691.4479999999999	177	GET
1691.4479999999999	1691.517	434	THE
1691.517	1692.0149999999999	265	MONDAY
1692.0149999999999	1692.473	56	BLUES
1692.473	1700.208	99999	sp
1700.208	1700.3	476	WE
1700.3	1700.43	30	ARE
1700.43	1700.798	301	OPEN
1700.798	1701.191	145	EVERY
1701.191	1701.696	265	MONDAY
1701.696	1702.084	143	EVENING
1702.084	1709.499	99999	sp
1709.499	1709.71	226	IT'S
1709.71	1709.887	285	NOT
1709.887	1710.247	133	EASY
1710.247	1710.393	446	TO
1710.393	1710.683	113	CREATE
1710.683	1711.397	215	ILLUMINATING
1711.397	1712.222	146	EXAMPLES
1712.222	1719.786	99999	sp
1719.786	1720.054	270	MUM
1720.054	1720.5720000000001	407	STRONGLY
1720.5720000000001	1721.042	126	DISLIKES
1721.042	1722.068	27	APPETIZERS
1722.068	1729.7	99999	sp
1729.7	1729.9160000000002	443	THOSE
1729.9160000000002	1730.019	484	WHO
1730.019	1730.277	427	TEACH
1730.277	1730.789	462	VALUES
1730.789	1731.039	156	FIRST
1731.039	1731.538	4	ABOLISH
1731.538	1732.047	87	CHEATING
1732.047	1739.4	99999	sp
1739.4	1739.46	434	THE
1739.46	1739.8780000000002	165	FRIGHTENED
1739.8780000000002	1740.254	89	CHILD
1740.254	1740.478	472	WAS
1740.478	1740.79	176	GENTLY
1740.79	1741.3139999999999	410	SUBDUED
1741.3139999999999	1741.4360000000001	73	BY
1741.4360000000001	1741.649	208	HIS
1741.649	1741.9009999999998	52	BIG
1741.9009999999998	1742.2930000000001	66	BROTHER
1742.2930000000001	1749.342	99999	sp
1749.342	1749.577	142	EVEN
1749.577	1749.636	1	A
1749.636	1750.046	383	SIMPLE
1750.046	1750.836	468	VOCABULARY
1750.836	1751.274	104	CONTAINS
1751.274	1751.932	422	SYMBOLS
1751.932	1759.673	99999	sp
1759.673	1759.786	1	A
1759.786	1760.097	110	CRAB
1760.097	1760.601	85	CHALLENGED
1760.601	1760.837	258	ME
1760.837	1760.933	70	BUT
1760.933	1761.066	1	A
1761.066	1761.255	350	QUICK
1761.255	1761.7530000000002	402	STAB
1761.7530000000002	1762.279	464	VANQUISHED
1762.279	1762.5140000000001	207	HIM
1762.5140000000001	1770.3020000000001	99999	sp
1770.3020000000001	1770.8490000000002	183	GLUCOSE
1770.8490000000002	1770.999	20	AND
1770.999	1771.609	167	FRUCTOSE
1771.609	1771.726	30	ARE
1771.726	1772.125	276	NATURAL
1772.125	1772.654	414	SUGARS
1772.654	1772.964	163	FOUND
1772.964	1773.0700000000002	217	IN
1773.0700000000002	1773.482	168	FRUIT
1773.482	1781.152	99999	sp
1781.152	1781.255	30	ARE
1781.255	1781.4450000000002	495	YOU
1781.4450000000002	1781.784	250	LOOKING
1781.784	1782.0140000000001	161	FOR
1782.0140000000001	1782.672	136	EMPLOYMENT
1782.672	1789.547	99999	sp
1789.547	1789.856	98	COFFEE
1789.856	1790.0839999999998	224	IS
1790.0839999999998	1790.245	198	GROWN
1790.245	1790.385	297	ON
1790.385	1790.85	404	STEEP
1790.85	1791.2530000000002	231	JUNGLE
1791.2530000000002	1791.491	241	LIKE
1791.491	1791.971	390	SLOPES
1791.971	1792.137	217	IN
1792.137	1792.539	431	TEMPERATE
1792.539	1793.048	497	ZONES
1793.048	1800.2359999999999	99999	sp
1800.2359999999999	1800.392	476	WE
1800.392	1800.75	480	WELCOME
1800.75	1801.0700000000002	256	MANY
1801.0700000000002	1801.25	282	NEW
1801.25	1801.719	408	STUDENTS
1801.719	1803.0	132	EACH
1803.0	1809.957	99999	sp
1809.957	1810.206	298	ONLY
1810.206	1810.411	434	THE
1810.411	1810.661	51	BEST
1810.661	1811.083	330	PLAYERS
1811.083	1811.435	139	ENJOY
1811.435	1811.469	99999	sp
1811.469	1812.39	336	POPULARITY
1812.39	1821.209	99999	sp
1821.209	1821.709	75	CALCIUM
1821.709	1822.006	254	MAKES
1822.006	1822.278	58	BONES
1822.278	1822.441	20	AND
1822.441	1822.787	430	TEETH
1822.787	1823.236	406	STRONG
1823.236	1830.388	99999	sp
1830.388	1830.648	286	NOTHING
1830.648	1830.928	224	IS
1830.928	1831.109	34	AS
1831.109	1831.707	295	OFFENSIVE
1831.707	1831.925	34	AS
1831.925	1832.754	219	INNOCENCE
1832.754	1841.46	99999	sp
1841.46	1841.923	405	STEVE
1841.923	1842.133	490	WORE
1842.133	1842.262	1	A
1842.262	1842.57	65	BRIGHT
1842.57	1842.858	356	RED
1842.858	1843.52	78	CASHMERE
1843.52	1843.9279999999999	420	SWEATER
1843.9279999999999	1851.742	99999	sp
1851.742	1852.08	46	BARB'S
1852.08	1852.118	99999	sp
1852.118	1852.399	188	GOLD
1852.399	1852.936	63	BRACELET
1852.936	1853.087	472	WAS
1853.087	1853.211	1	A
1853.211	1854.001	193	GRADUATION
1854.001	1854.418	339	PRESENT
1854.418	1862.658	99999	sp
1862.658	1862.9470000000001	130	DRAW
1862.9470000000001	1863.314	145	EVERY
1863.314	1863.623	308	OUTER
1863.623	1863.865	244	LINE
1863.865	1864.298	156	FIRST
1864.298	1864.509	99999	sp
1864.509	1864.853	436	THEN
1864.853	1865.02	154	FILL
1865.02	1865.11	217	IN
1865.11	1865.27	434	THE
1865.27	1865.898	222	INTERIOR
1865.898	1873.4180000000001	99999	sp
1873.4180000000001	1873.471	434	THE
1873.471	1873.829	475	WATER
1873.829	1874.249	103	CONTAINED
1874.249	1874.4	448	TOO
1874.4	1874.638	269	MUCH
1874.638	1874.675	99999	sp
1874.675	1875.097	90	CHLORINE
1875.097	1875.4	20	AND
1875.4	1875.608	409	STUNG
1875.608	1875.809	208	HIS
1875.809	1876.253	149	EYES
1876.253	1883.033	99999	sp
1883.033	1883.406	229	JOHN'S
1883.406	1883.709	66	BROTHER
1883.709	1884.316	363	REPAINTED
1884.316	1884.44	434	THE
1884.44	1884.862	173	GARAGE
1884.862	1884.92	99999	sp
1884.92	1885.194	129	DOOR
1885.194	1893.177	99999	sp
1893.177	1893.665	84	CHALLENGE
1893.665	1894.0	132	EACH
1894.0	1894.493	175	GENERAL'S
1894.493	1895.352	221	INTELLIGENCE
1895.352	1903.419	99999	sp
1903.419	1904.235	17	AMBIDEXTROUS
1904.235	1904.889	327	PICKPOCKETS
1904.889	1905.54	6	ACCOMPLISH
1905.54	1905.9180000000001	267	MORE
1905.9180000000001	1913.78	99999	sp
1913.78	1913.847	1	A
1913.847	1914.349	271	MUSCULAR
1914.349	1914.867	2	ABDOMEN
1914.867	1915.148	224	IS
1915.148	1915.282	189	GOOD
1915.282	1915.486	161	FOR
1915.486	1915.624	496	YOUR
1915.624	1915.954	43	BACK
1915.954	1922.497	99999	sp
1922.497	1922.568	438	THEY
1922.568	1922.774	317	OWN
1922.774	1922.9569999999999	1	A
1922.9569999999999	1923.159	52	BIG
1923.159	1923.517	209	HOUSE
1923.517	1923.578	217	IN
1923.578	1923.677	434	THE
1923.677	1924.051	361	REMOTE
1924.051	1924.775	109	COUNTRYSIDE
1924.775	1931.824	99999	sp
1931.824	1931.961	434	THE
1931.961	1932.24	369	ROSE
1932.24	1932.267	99999	sp
1932.267	1932.787	106	CORSAGE
1932.787	1933.18	393	SMELLED
1933.18	1933.492	421	SWEET
1933.492	1941.714	99999	sp
1941.714	1941.99	433	THAT
1941.99	1942.564	326	PICKPOCKET
1942.564	1942.77	472	WAS
1942.77	1943.004	80	CAUGHT
1943.004	1943.282	356	RED
1943.282	1943.787	199	HANDED
1943.787	1951.827	99999	sp
1951.827	1951.915	19	AN
1951.915	1952.401	9	ADULT
1952.401	1952.592	255	MALE
1952.592	1953.13	42	BABOON'S
1953.13	1953.154	99999	sp
1953.154	1953.4	430	TEETH
1953.4	1953.522	30	ARE
1953.522	1953.755	285	NOT
1953.755	1954.198	415	SUITABLE
1954.198	1954.353	161	FOR
1954.353	1954.657	135	EATING
1954.657	1955.395	376	SHELLFISH
1955.395	1962.897	99999	sp
1962.897	1963.157	204	HER
1963.157	1963.696	470	WARDROBE
1963.696	1964.116	102	CONSISTS
1964.116	1964.206	294	OF
1964.206	1964.504	298	ONLY
1964.504	1964.974	385	SKIRTS
1964.974	1965.227	20	AND
1965.227	1965.882	54	BLOUSES
1965.882	1973.333	99999	sp
1973.333	1973.497	434	THE
1973.497	1973.721	453	TWO
1973.721	1974.436	33	ARTISTS
1974.436	1975.141	147	EXCHANGED
1975.141	1975.959	39	AUTOGRAPHS
1975.959	1984.002	99999	sp
1984.002	1984.624	71	BUTTERSCOTCH
1984.624	1984.683	99999	sp
1984.683	1985.07	169	FUDGE
1985.07	1985.278	186	GOES
1985.278	1985.537	481	WELL
1985.537	1985.69	487	WITH
1985.69	1985.7350000000001	99999	sp
1985.7350000000001	1986.058	463	VANILLA
1986.058	1986.458	212	ICE
1986.458	1986.794	112	CREAM
1986.794	1994.911	99999	sp
1994.911	1995.217	366	RICH
1995.217	1995.249	99999	sp
1995.249	1995.66	349	PURCHASED
1995.66	1996.123	374	SEVERAL
1996.123	1996.502	382	SIGNED
1996.502	1997.231	245	LITHOGRAPHS
1997.231	2004.597	99999	sp
2004.597	2004.847	24	ANY
2004.847	2004.879	99999	sp
2004.879	2005.602	105	CONTRIBUTIONS
2005.602	2005.7640000000001	485	WILL
2005.7640000000001	2005.9569999999999	47	BE
2005.9569999999999	2006.33	195	GREATLY
2006.33	2007.208	28	APPRECIATED
2007.208	2014.587	99999	sp
2014.587	2014.703	434	THE
2014.703	2015.3029999999999	111	CRANBERRY
2015.3029999999999	2015.569	57	BOG
2015.569	2015.87	178	GETS
2015.87	2016.158	465	VERY
2016.158	2016.489	340	PRETTY
2016.489	2016.556	217	IN
2016.556	2017.046	40	AUTUMN
2017.046	2025.086	99999	sp
2025.086	2025.176	210	HOW
2025.176	2025.317	128	DO
2025.317	2025.756	318	OYSTERS
2025.756	2025.992	253	MAKE
2025.992	2026.041	99999	sp
2026.041	2026.534	320	PEARLS
2026.534	2033.841	99999	sp
2033.841	2033.997	257	MAY
2033.997	2034.107	211	I
2034.107	2034.365	304	ORDER
2034.365	2034.425	1	A
2034.425	2034.815	319	PARFAIT
2034.815	2035.284	10	AFTER
2035.284	2035.364	211	I
2035.364	2035.556	134	EAT
2035.556	2036.012	124	DINNER
2036.012	2043.913	99999	sp
2043.913	2044.174	224	IS
2044.174	2044.422	375	SHE
2044.422	2044.757	187	GOING
2044.757	2044.925	487	WITH
2044.925	2045.241	495	YOU
2045.241	2051.52	99999	sp
2051.52	2051.772	76	CAN
2051.772	2051.937	434	THE
2051.937	2052.385	11	AGENCY
2052.385	2053.054	315	OVERTHROW
2053.054	2053.408	13	ALIEN
2053.408	2053.982	162	FORCES
2053.982	2061.86	99999	sp
2061.86	2061.963	1	A
2061.963	2062.742	371	SCREWDRIVER
2062.742	2062.911	224	IS
2062.911	2063.111	252	MADE
2063.111	2063.435	166	FROM
2063.435	2063.81	469	VODKA
2063.81	2063.978	20	AND
2063.978	2064.398	303	ORANGE
2064.398	2064.937	230	JUICE
2064.937	2071.9610000000002	99999	sp
2071.9610000000002	2072.1	210	HOW
2072.1	2072.32	269	MUCH
2072.32	2072.858	16	ALLOWANCE
2072.858	2072.947	128	DO
2072.947	2073.136	495	YOU
2073.136	2073.437	177	GET
2073.437	2080.611	99999	sp
2080.611	2081.241	115	CYCLICAL
2081.241	2081.838	346	PROGRAMS
2081.838	2081.953	485	WILL
2081.953	2082.357	281	NEVER
2082.357	2082.976	100	COMPILE
2082.976	2089.392	99999	sp
2089.392	2089.529	434	THE
2089.529	2089.984	61	BOSTON
2089.984	2090.409	45	BALLET
2090.409	2091.067	312	OVERCAME
2091.067	2091.166	435	THEIR
2091.166	2091.636	170	FUNDING
2091.636	2092.264	380	SHORTAGE
2092.264	2101.171	99999	sp
2101.171	2101.469	145	EVERY
2101.469	2101.773	74	CAB
2101.773	2101.982	280	NEEDS
2101.982	2102.6549999999997	364	REPAINTING
2102.6549999999997	2103.162	296	OFTEN
2103.162	2110.376	99999	sp
2110.376	2110.603	203	HELP
2110.603	2110.7110000000002	99999	sp
2110.7110000000002	2110.977	196	GREG
2110.977	2111.14	446	TO
2111.14	2111.329	325	PICK
2111.329	2111.455	1	A
2111.455	2111.66	321	PECK
2111.66	2111.811	294	OF
2111.811	2112.494	338	POTATOES
2112.494	2120.82	99999	sp
2120.82	2121.029	476	WE
2121.029	2121.359	241	LIKE
2121.359	2121.577	55	BLUE
2121.577	2121.896	88	CHEESE
2121.896	2122.128	70	BUT
2122.128	2122.456	466	VICTOR
2122.456	2122.767	242	LIKES
2122.767	2122.867	99999	sp
2122.867	2123.254	64	BRIE
2123.254	2130.887	99999	sp
2130.887	2131.122	108	COUNT
2131.122	2131.193	434	THE
2131.193	2131.545	289	NUMBER
2131.545	2131.71	294	OF
2131.71	2132.254	429	TEASPOONS
2132.254	2132.373	294	OF
2132.373	2132.945	395	SOYSAUCE
2132.945	2133.082	433	THAT
2133.082	2133.165	495	YOU
2133.165	2133.49	7	ADD
2133.49	2141.312	99999	sp
2141.312	2141.901	44	BAGPIPES
2141.901	2142.142	20	AND
2142.142	2142.66	59	BONGOS
2142.66	2142.727	30	ARE
2142.727	2143.309	273	MUSICAL
2143.309	2144.026	220	INSTRUMENTS
2144.026	2151.462	99999	sp
2151.462	2151.787	210	HOW
2151.787	2151.892	189	GOOD
2151.892	2152.038	224	IS
2152.038	2152.213	496	YOUR
2152.213	2152.937	138	ENDURANCE
2152.937	2163.371	99999	sp
2163.371	2163.49	30	ARE
2163.49	2163.651	496	YOUR
2163.651	2163.934	192	GRADES
2163.934	2164.293	206	HIGHER
2164.293	2164.458	302	OR
2164.458	2164.7690000000002	251	LOWER
2164.7690000000002	2164.978	432	THAN
2164.978	2165.63	275	NANCY'S
2165.63	2173.4700000000003	99999	sp
2173.4700000000003	2173.681	375	SHE
2173.681	2173.8940000000002	490	WORE
2173.8940000000002	2174.308	471	WARM
2174.308	2174.867	158	FLEECY
2174.867	2175.3360000000002	489	WOOLEN
2175.3360000000002	2176.034	311	OVERALLS
2176.034	2184.268	99999	sp
2184.268	2184.593	354	READING
2184.593	2184.824	217	IN
2184.824	2185.074	335	POOR
2185.074	2185.4030000000002	240	LIGHT
2185.4030000000002	2185.632	181	GIVES
2185.632	2185.764	495	YOU
2185.764	2186.4700000000003	150	EYESTRAIN
2186.4700000000003	2193.533	99999	sp
2193.533	2193.841	142	EVEN
2193.841	2194.1530000000002	211	I
2194.1530000000002	2194.757	293	OCCASIONALLY
2194.757	2194.891	177	GET
2194.891	2194.966	434	THE
2194.966	2195.526	265	MONDAY
2195.526	2195.889	56	BLUES
2195.889	2203.0280000000002	99999	sp
2203.0280000000002	2203.148	476	WE
2203.148	2203.233	30	ARE
2203.233	2203.572	301	OPEN
2203.572	2203.9610000000002	145	EVERY
2203.9610000000002	2204.328	265	MONDAY
2204.328	2204.809	143	EVENING
2204.809	2211.526	99999	sp
2211.526	2211.723	226	IT'S
2211.723	2211.923	285	NOT
2211.923	2212.317	133	EASY
2212.317	2212.471	446	TO
2212.471	2212.785	113	CREATE
2212.785	2213.52	215	ILLUMINATING
2213.52	2214.067	146	EXAMPLES
2214.067	2221.482	99999	sp
2221.482	2221.764	270	MUM
2221.764	2222.384	407	STRONGLY
2222.384	2222.928	126	DISLIKES
2222.928	2223.796	27	APPETIZERS
2223.796	2231.399	99999	sp
2231.399	2231.658	443	THOSE
2231.658	2231.782	484	WHO
2231.782	2232.0969999999998	427	TEACH
2232.0969999999998	2232.623	462	VALUES
2232.623	2232.7200000000003	99999	sp
2232.7200000000003	2233.008	156	FIRST
2233.008	2233.587	4	ABOLISH
2233.587	2234.034	87	CHEATING
2234.034	2241.747	99999	sp
2241.747	2241.8450000000003	434	THE
2241.8450000000003	2242.264	165	FRIGHTENED
2242.264	2242.62	89	CHILD
2242.62	2242.857	472	WAS
2242.857	2243.192	176	GENTLY
2243.192	2243.6440000000002	410	SUBDUED
2243.6440000000002	2243.79	73	BY
2243.79	2243.955	208	HIS
2243.955	2244.129	52	BIG
2244.129	2244.193	99999	sp
2244.193	2244.618	66	BROTHER
2244.618	2252.672	99999	sp
2252.672	2252.928	142	EVEN
2252.928	2253.007	1	A
2253.007	2253.468	383	SIMPLE
2253.468	2254.294	468	VOCABULARY
2254.294	2254.835	104	CONTAINS
2254.835	2255.423	422	SYMBOLS
2255.423	2263.059	99999	sp
2263.059	2263.185	1	A
2263.185	2263.524	110	CRAB
2263.524	2264.064	85	CHALLENGED
2264.064	2264.273	258	ME
2264.273	2264.346	70	BUT
2264.346	2264.488	1	A
2264.488	2264.656	350	QUICK
2264.656	2265.235	402	STAB
2265.235	2265.75	464	VANQUISHED
2265.75	2265.921	207	HIM
2265.921	2274.016	99999	sp
2274.016	2274.63	183	GLUCOSE
2274.63	2274.85	20	AND
2274.85	2275.482	167	FRUCTOSE
2275.482	2275.63	30	ARE
2275.63	2276.067	276	NATURAL
2276.067	2276.678	414	SUGARS
2276.678	2276.96	163	FOUND
2276.96	2277.204	217	IN
2277.204	2277.514	168	FRUIT
2277.514	2286.2110000000002	99999	sp
2286.2110000000002	2286.339	30	ARE
2286.339	2286.4700000000003	495	YOU
2286.4700000000003	2286.851	250	LOOKING
2286.851	2287.112	161	FOR
2287.112	2287.91	136	EMPLOYMENT
2287.91	2294.691	99999	sp
2294.691	2295.053	98	COFFEE
2295.053	2295.205	224	IS
2295.205	2295.337	198	GROWN
2295.337	2295.483	297	ON
2295.483	2296.11	404	STEEP
2296.11	2296.2110000000002	99999	sp
2296.2110000000002	2296.56	231	JUNGLE
2296.56	2296.829	241	LIKE
2296.829	2297.329	390	SLOPES
2297.329	2297.498	217	IN
2297.498	2297.927	431	TEMPERATE
2297.927	2298.305	497	ZONES
2298.305	2306.881	99999	sp
2306.881	2307.026	476	WE
2307.026	2307.396	480	WELCOME
2307.396	2307.753	256	MANY
2307.753	2307.934	282	NEW
2307.934	2308.493	408	STUDENTS
2308.493	2308.882	132	EACH
2308.882	2309.161	491	YEAR
2309.161	2316.6440000000002	99999	sp
2316.6440000000002	2316.923	298	ONLY
2316.923	2317.12	434	THE
2317.12	2317.3630000000003	51	BEST
2317.3630000000003	2317.426	99999	sp
2317.426	2317.802	330	PLAYERS
2317.802	2318.13	139	ENJOY
2318.13	2318.1639999999998	99999	sp
2318.1639999999998	2319.027	336	POPULARITY
2319.027	2326.339	99999	sp
2326.339	2326.89	75	CALCIUM
2326.89	2327.217	254	MAKES
2327.217	2327.5190000000002	58	BONES
2327.5190000000002	2327.69	20	AND
2327.69	2327.95	430	TEETH
2327.95	2328.732	406	STRONG
2328.732	2335.9	99999	sp
2335.9	2336.341	286	NOTHING
2336.341	2336.467	224	IS
2336.467	2336.6530000000002	34	AS
2336.6530000000002	2337.227	295	OFFENSIVE
2337.227	2337.417	34	AS
2337.417	2338.274	219	INNOCENCE
2338.274	2345.876	99999	sp
2345.876	2346.366	405	STEVE
2346.366	2346.471	490	WORE
2346.471	2346.702	1	A
2346.702	2346.995	65	BRIGHT
2346.995	2347.331	356	RED
2347.331	2347.923	78	CASHMERE
2347.923	2348.432	420	SWEATER
2348.432	2356.261	99999	sp
2356.261	2356.62	46	BARB'S
2356.62	2356.9030000000002	188	GOLD
2356.9030000000002	2357.351	63	BRACELET
2357.351	2357.5190000000002	472	WAS
2357.5190000000002	2357.64	1	A
2357.64	2358.45	193	GRADUATION
2358.45	2358.947	339	PRESENT
2358.947	2366.561	99999	sp
2366.561	2366.86	130	DRAW
2366.86	2367.24	145	EVERY
2367.24	2367.548	308	OUTER
2367.548	2367.817	244	LINE
2367.817	2368.337	156	FIRST
2368.337	2368.565	99999	sp
2368.565	2368.951	436	THEN
2368.951	2369.125	154	FILL
2369.125	2369.245	217	IN
2369.245	2369.385	434	THE
2369.385	2370.071	222	INTERIOR
2370.071	2378.608	99999	sp
2378.608	2378.701	434	THE
2378.701	2379.0389999999998	475	WATER
2379.0389999999998	2379.491	103	CONTAINED
2379.491	2379.63	448	TOO
2379.63	2379.886	269	MUCH
2379.886	2380.32	90	CHLORINE
2380.32	2380.48	20	AND
2380.48	2380.909	409	STUNG
2380.909	2381.087	208	HIS
2381.087	2381.506	149	EYES
2381.506	2389.888	99999	sp
2389.888	2390.228	229	JOHN'S
2390.228	2390.273	99999	sp
2390.273	2390.587	66	BROTHER
2390.587	2391.284	363	REPAINTED
2391.284	2391.3940000000002	434	THE
2391.3940000000002	2391.878	173	GARAGE
2391.878	2391.922	99999	sp
2391.922	2392.253	129	DOOR
2392.253	2399.926	99999	sp
2399.926	2400.565	84	CHALLENGE
2400.565	2400.917	132	EACH
2400.917	2401.442	175	GENERAL'S
2401.442	2402.2690000000002	221	INTELLIGENCE
2402.2690000000002	2404.0	99999	sp
2404.0	2409.846	99999	sp
2409.846	2410.784	17	AMBIDEXTROUS
2410.784	2411.445	327	PICKPOCKETS
2411.445	2412.103	6	ACCOMPLISH
2412.103	2412.502	267	MORE
2412.502	2420.387	99999	sp
2420.387	2420.464	1	A
2420.464	2421.073	271	MUSCULAR
2421.073	2421.542	2	ABDOMEN
2421.542	2421.843	224	IS
2421.843	2422.006	189	GOOD
2422.006	2422.161	161	FOR
2422.161	2422.379	496	YOUR
2422.379	2422.77	43	BACK
2422.77	2430.678	99999	sp
2430.678	2430.768	438	THEY
2430.768	2430.996	317	OWN
2430.996	2431.172	1	A
2431.172	2431.41	52	BIG
2431.41	2431.838	209	HOUSE
2431.838	2431.998	217	IN
2431.998	2432.078	434	THE
2432.078	2432.492	361	REMOTE
2432.492	2433.265	109	COUNTRYSIDE
2433.265	2441.11	99999	sp
2441.11	2441.271	434	THE
2441.271	2441.551	369	ROSE
2441.551	2442.104	106	CORSAGE
2442.104	2442.465	393	SMELLED
2442.465	2442.913	421	SWEET
2442.913	2449.889	99999	sp
2449.889	2450.156	433	THAT
2450.156	2450.846	326	PICKPOCKET
2450.846	2451.097	472	WAS
2451.097	2451.343	80	CAUGHT
2451.343	2451.613	356	RED
2451.613	2452.177	199	HANDED
2452.177	2460.238	99999	sp
2460.238	2460.473	19	AN
2460.473	2460.792	9	ADULT
2460.792	2461.015	255	MALE
2461.015	2461.564	42	BABOON'S
2461.564	2461.79	430	TEETH
2461.79	2461.979	30	ARE
2461.979	2462.27	285	NOT
2462.27	2462.688	415	SUITABLE
2462.688	2462.797	161	FOR
2462.797	2463.067	135	EATING
2463.067	2463.845	376	SHELLFISH
2463.845	2472.453	99999	sp
2472.453	2472.745	204	HER
2472.745	2473.275	470	WARDROBE
2473.275	2473.892	102	CONSISTS
2473.892	2474.002	294	OF
2474.002	2474.302	298	ONLY
2474.302	2474.76	385	SKIRTS
2474.76	2474.973	20	AND
2474.973	2475.734	54	BLOUSES
2475.734	2484.375	99999	sp
2484.375	2484.529	434	THE
2484.529	2484.629	453	TWO
2484.629	2485.376	33	ARTISTS
2485.376	2486.075	147	EXCHANGED
2486.075	2486.971	39	AUTOGRAPHS
2486.971	2495.003	99999	sp
2495.003	2495.6440000000002	71	BUTTERSCOTCH
2495.6440000000002	2496.087	169	FUDGE
2496.087	2496.322	186	GOES
2496.322	2496.538	481	WELL
2496.538	2496.782	487	WITH
2496.782	2497.04	463	VANILLA
2497.04	2497.535	212	ICE
2497.535	2497.909	112	CREAM
2497.909	2506.186	99999	sp
2506.186	2506.569	366	RICH
2506.569	2507.087	349	PURCHASED
2507.087	2507.6059999999998	374	SEVERAL
2507.6059999999998	2507.995	382	SIGNED
2507.995	2508.853	245	LITHOGRAPHS
2508.853	2516.751	99999	sp
2516.751	2517.054	24	ANY
2517.054	2517.782	105	CONTRIBUTIONS
2517.782	2517.882	485	WILL
2517.882	2518.048	47	BE
2518.048	2518.412	195	GREATLY
2518.412	2519.319	28	APPRECIATED
2519.319	2527.035	99999	sp
2527.035	2527.167	434	THE
2527.167	2527.797	111	CRANBERRY
2527.797	2528.079	57	BOG
2528.079	2528.267	178	GETS
2528.267	2528.701	465	VERY
2528.701	2528.947	340	PRETTY
2528.947	2529.097	217	IN
2529.097	2529.556	40	AUTUMN
2529.556	2536.849	99999	sp
2536.849	2537.04	210	HOW
2537.04	2537.209	128	DO
2537.209	2537.702	318	OYSTERS
2537.702	2537.954	253	MAKE
2537.954	2538.508	320	PEARLS
2538.508	2545.07	99999	sp
2545.07	2545.371	257	MAY
2545.371	2545.421	211	I
2545.421	2545.71	304	ORDER
2545.71	2545.795	1	A
2545.795	2546.3559999999998	319	PARFAIT
2546.3559999999998	2546.608	10	AFTER
2546.608	2546.728	211	I
2546.728	2546.888	134	EAT
2546.888	2547.346	124	DINNER
2547.346	2554.569	99999	sp
2554.569	2554.758	224	IS
2554.758	2554.951	375	SHE
2554.951	2555.218	187	GOING
2555.218	2555.452	487	WITH
2555.452	2556.139	495	YOU
2556.139	2561.902	99999	sp
2561.902	2562.066	76	CAN
2562.066	2562.145	434	THE
2562.145	2562.751	11	AGENCY
2562.751	2563.299	315	OVERTHROW
2563.299	2563.752	13	ALIEN
2563.752	2564.493	162	FORCES
2564.493	2572.658	99999	sp
2572.658	2572.758	1	A
2572.758	2573.487	371	SCREWDRIVER
2573.487	2573.656	224	IS
2573.656	2573.886	252	MADE
2573.886	2574.178	166	FROM
2574.178	2574.552	469	VODKA
2574.552	2574.764	20	AND
2574.764	2575.193	303	ORANGE
2575.193	2575.676	230	JUICE
2575.676	2583.187	99999	sp
2583.187	2583.347	210	HOW
2583.347	2583.564	269	MUCH
2583.564	2584.092	16	ALLOWANCE
2584.092	2584.143	128	DO
2584.143	2584.302	495	YOU
2584.302	2584.7309999999998	177	GET
2584.7309999999998	2591.542	99999	sp
2591.542	2592.235	115	CYCLICAL
2592.235	2592.849	346	PROGRAMS
2592.849	2593.012	485	WILL
2593.012	2593.382	281	NEVER
2593.382	2594.09	100	COMPILE
2594.09	2601.169	99999	sp
2601.169	2601.312	434	THE
2601.312	2601.77	61	BOSTON
2601.77	2602.137	45	BALLET
2602.137	2602.8	312	OVERCAME
2602.8	2602.93	435	THEIR
2602.93	2603.359	170	FUNDING
2603.359	2604.007	380	SHORTAGE
2604.007	2612.016	99999	sp
2612.016	2612.378	145	EVERY
2612.378	2612.668	74	CAB
2612.668	2612.867	280	NEEDS
2612.867	2613.506	364	REPAINTING
2613.506	2614.05	296	OFTEN
2614.05	2621.127	99999	sp
2621.127	2621.455	203	HELP
2621.455	2621.752	196	GREG
2621.752	2621.9139999999998	446	TO
2621.9139999999998	2622.126	325	PICK
2622.126	2622.259	1	A
2622.259	2622.495	321	PECK
2622.495	2622.64	294	OF
2622.64	2623.435	338	POTATOES
2623.435	2630.657	99999	sp
2630.657	2630.906	476	WE
2630.906	2631.227	241	LIKE
2631.227	2631.425	55	BLUE
2631.425	2631.771	88	CHEESE
2631.771	2631.984	70	BUT
2631.984	2632.343	466	VICTOR
2632.343	2632.752	242	LIKES
2632.752	2633.171	64	BRIE
2633.171	2640.256	99999	sp
2640.256	2640.507	108	COUNT
2640.507	2640.596	434	THE
2640.596	2640.953	289	NUMBER
2640.953	2641.115	294	OF
2641.115	2641.681	429	TEASPOONS
2641.681	2641.812	294	OF
2641.812	2642.43	395	SOYSAUCE
2642.43	2642.57	433	THAT
2642.57	2642.712	495	YOU
2642.712	2643.136	7	ADD
2643.136	2650.726	99999	sp
2650.726	2651.31	44	BAGPIPES
2651.31	2651.578	20	AND
2651.578	2651.909	59	BONGOS
2651.909	2652.188	30	ARE
2652.188	2652.797	273	MUSICAL
2652.797	2653.645	220	INSTRUMENTS
2653.645	2661.702	99999	sp
2661.702	2662.06	210	HOW
2662.06	2662.245	189	GOOD
2662.245	2662.3940000000002	224	IS
2662.3940000000002	2662.485	496	YOUR
2662.485	2663.333	138	ENDURANCE
2663.333	2673.463	99999	sp
2673.463	2673.599	30	ARE
2673.599	2673.759	496	YOUR
2673.759	2674.118	192	GRADES
2674.118	2674.557	206	HIGHER
2674.557	2674.707	302	OR
2674.707	2674.966	251	LOWER
2674.966	2675.206	432	THAN
2675.206	2675.953	275	NANCY'S
2675.953	2682.793	99999	sp
2682.793	2683.067	375	SHE
2683.067	2683.247	490	WORE
2683.247	2683.656	471	WARM
2683.656	2684.295	158	FLEECY
2684.295	2684.793	489	WOOLEN
2684.793	2685.63	311	OVERALLS
2685.63	2693.274	99999	sp
2693.274	2693.543	354	READING
2693.543	2693.822	217	IN
2693.822	2694.053	335	POOR
2694.053	2694.372	240	LIGHT
2694.372	2694.572	181	GIVES
2694.572	2694.721	495	YOU
2694.721	2695.45	150	EYESTRAIN
2695.45	2702.703	99999	sp
2702.703	2703.043	142	EVEN
2703.043	2703.351	211	I
2703.351	2703.99	293	OCCASIONALLY
2703.99	2704.15	177	GET
2704.15	2704.216	434	THE
2704.216	2704.71	265	MONDAY
2704.71	2705.291	56	BLUES
2705.291	2713.199	99999	sp
2713.199	2713.339	476	WE
2713.339	2713.369	30	ARE
2713.369	2713.838	301	OPEN
2713.838	2714.257	145	EVERY
2714.257	2714.736	265	MONDAY
2714.736	2715.175	143	EVENING
2715.175	2722.7110000000002	99999	sp
2722.7110000000002	2722.916	226	IT'S
2722.916	2723.127	285	NOT
2723.127	2723.505	133	EASY
2723.505	2723.656	446	TO
2723.656	2724.0950000000003	113	CREATE
2724.0950000000003	2724.713	215	ILLUMINATING
2724.713	2725.444	146	EXAMPLES
2725.444	2732.853	99999	sp
2732.853	2733.194	270	MUM
2733.194	2733.738	407	STRONGLY
2733.738	2734.261	126	DISLIKES
2734.261	2735.255	27	APPETIZERS
2735.255	2743.453	99999	sp
2743.453	2743.69	443	THOSE
2743.69	2743.809	484	WHO
2743.809	2744.108	427	TEACH
2744.108	2744.618	462	VALUES
2744.618	2744.971	156	FIRST
2744.971	2745.546	4	ABOLISH
2745.546	2745.995	87	CHEATING
2745.995	2754.147	99999	sp
2754.147	2754.255	434	THE
2754.255	2754.704	165	FRIGHTENED
2754.704	2755.094	89	CHILD
2755.094	2755.306	472	WAS
2755.306	2755.642	176	GENTLY
2755.642	2756.145	410	SUBDUED
2756.145	2756.3	73	BY
2756.3	2756.434	208	HIS
2756.434	2756.678	52	BIG
2756.678	2757.04	66	BROTHER
2757.04	2764.294	99999	sp
2764.294	2764.553	142	EVEN
2764.553	2764.622	1	A
2764.622	2765.071	383	SIMPLE
2765.071	2765.887	468	VOCABULARY
2765.887	2766.377	104	CONTAINS
2766.377	2767.084	422	SYMBOLS
2767.084	2775.098	99999	sp
2775.098	2775.219	1	A
2775.219	2775.607	110	CRAB
2775.607	2776.1059999999998	85	CHALLENGED
2776.1059999999998	2776.373	258	ME
2776.373	2776.457	70	BUT
2776.457	2776.584	1	A
2776.584	2776.815	350	QUICK
2776.815	2777.343	402	STAB
2777.343	2777.862	464	VANQUISHED
2777.862	2778.072	207	HIM
2778.072	2785.918	99999	sp
2785.918	2786.43	183	GLUCOSE
2786.43	2786.579	20	AND
2786.579	2787.132	167	FRUCTOSE
2787.132	2787.255	30	ARE
2787.255	2787.649	276	NATURAL
2787.649	2788.209	414	SUGARS
2788.209	2788.558	163	FOUND
2788.558	2788.673	217	IN
2788.673	2789.096	168	FRUIT
2789.096	2796.259	99999	sp
2796.259	2796.41	30	ARE
2796.41	2796.55	495	YOU
2796.55	2796.909	250	LOOKING
2796.909	2797.139	161	FOR
2797.139	2797.857	136	EMPLOYMENT
2797.857	2804.991	99999	sp
2804.991	2805.37	98	COFFEE
2805.37	2805.589	224	IS
2805.589	2805.759	198	GROWN
2805.759	2805.909	297	ON
2805.909	2806.424	404	STEEP
2806.424	2806.826	231	JUNGLE
2806.826	2807.046	241	LIKE
2807.046	2807.535	390	SLOPES
2807.535	2807.714	217	IN
2807.714	2808.1530000000002	431	TEMPERATE
2808.1530000000002	2808.719	497	ZONES
2808.719	2816.372	99999	sp
2816.372	2816.536	476	WE
2816.536	2816.923	480	WELCOME
2816.923	2817.173	256	MANY
2817.173	2817.353	282	NEW
2817.353	2817.88	408	STUDENTS
2817.88	2818.2110000000002	132	EACH
2818.2110000000002	2818.57	491	YEAR
2818.57	2826.596	99999	sp
2826.596	2826.891	298	ONLY
2826.891	2827.075	434	THE
2827.075	2827.379	51	BEST
2827.379	2827.779	330	PLAYERS
2827.779	2828.177	139	ENJOY
2828.177	2829.076	336	POPULARITY
2829.076	2837.797	99999	sp
2837.797	2838.325	75	CALCIUM
2838.325	2838.672	254	MAKES
2838.672	2838.963	58	BONES
2838.963	2839.11	20	AND
2839.11	2839.353	430	TEETH
2839.353	2839.857	406	STRONG
2839.857	2846.6059999999998	99999	sp
2846.6059999999998	2847.04	286	NOTHING
2847.04	2847.1549999999997	224	IS
2847.1549999999997	2847.317	34	AS
2847.317	2847.833	295	OFFENSIVE
2847.833	2848.023	34	AS
2848.023	2848.94	219	INNOCENCE
2848.94	2857.791	99999	sp
2857.791	2858.295	405	STEVE
2858.295	2858.488	490	WORE
2858.488	2858.615	1	A
2858.615	2858.918	65	BRIGHT
2858.918	2859.235	356	RED
2859.235	2859.815	78	CASHMERE
2859.815	2860.385	420	SWEATER
2860.385	2867.9030000000002	99999	sp
2867.9030000000002	2868.247	46	BARB'S
2868.247	2868.511	188	GOLD
2868.511	2869.005	63	BRACELET
2869.005	2869.154	472	WAS
2869.154	2869.283	1	A
2869.283	2870.062	193	GRADUATION
2870.062	2870.552	339	PRESENT
2870.552	2879.279	99999	sp
2879.279	2879.601	130	DRAW
2879.601	2879.93	145	EVERY
2879.93	2880.24	308	OUTER
2880.24	2880.499	244	LINE
2880.499	2881.119	156	FIRST
2881.119	2881.311	436	THEN
2881.311	2881.547	154	FILL
2881.547	2881.685	217	IN
2881.685	2881.805	434	THE
2881.805	2882.553	222	INTERIOR
2882.553	2889.977	99999	sp
2889.977	2890.0969999999998	434	THE
2890.0969999999998	2890.392	475	WATER
2890.392	2890.8360000000002	103	CONTAINED
2890.8360000000002	2891.005	448	TOO
2891.005	2891.275	269	MUCH
2891.275	2891.75	90	CHLORINE
2891.75	2891.868	20	AND
2891.868	2892.262	409	STUNG
2892.262	2892.462	208	HIS
2892.462	2892.988	149	EYES
2892.988	2899.632	99999	sp
2899.632	2900.041	229	JOHN'S
2900.041	2900.254	66	BROTHER
2900.254	2900.98	363	REPAINTED
2900.98	2901.082	434	THE
2901.082	2901.661	173	GARAGE
2901.661	2902.061	129	DOOR
2902.061	2909.735	99999	sp
2909.735	2910.271	84	CHALLENGE
2910.271	2910.55	132	EACH
2910.55	2911.04	175	GENERAL'S
2911.04	2911.908	221	INTELLIGENCE
2911.908	2919.3360000000002	99999	sp
2919.3360000000002	2920.147	17	AMBIDEXTROUS
2920.147	2920.7960000000003	327	PICKPOCKETS
2920.7960000000003	2921.426	6	ACCOMPLISH
2921.426	2921.745	267	MORE
2921.745	2929.466	99999	sp
2929.466	2929.524	1	A
2929.524	2930.161	271	MUSCULAR
2930.161	2930.514	2	ABDOMEN
2930.514	2930.827	224	IS
2930.827	2931.014	189	GOOD
2931.014	2931.134	161	FOR
2931.134	2931.3559999999998	496	YOUR
2931.3559999999998	2931.861	43	BACK
2931.861	2938.61	99999	sp
2938.61	2938.823	438	THEY
2938.823	2938.938	317	OWN
2938.938	2939.185	1	A
2939.185	2939.375	52	BIG
2939.375	2939.784	209	HOUSE
2939.784	2939.913	217	IN
2939.913	2940.014	434	THE
2940.014	2940.379	361	REMOTE
2940.379	2941.15	109	COUNTRYSIDE
2941.15	2948.2	99999	sp
2948.2	2948.255	434	THE
2948.255	2948.614	369	ROSE
2948.614	2949.163	106	CORSAGE
2949.163	2949.501	393	SMELLED
2949.501	2949.941	421	SWEET
2949.941	2958.057	99999	sp
2958.057	2958.341	433	THAT
2958.341	2958.899	326	PICKPOCKET
2958.899	2959.123	472	WAS
2959.123	2959.44	80	CAUGHT
2959.44	2959.688	356	RED
2959.688	2960.148	199	HANDED
2960.148	2968.267	99999	sp
2968.267	2968.359	19	AN
2968.359	2968.8469999999998	9	ADULT
2968.8469999999998	2969.0950000000003	255	MALE
2969.0950000000003	2969.627	42	BABOON'S
2969.627	2969.91	430	TEETH
2969.91	2970.085	30	ARE
2970.085	2970.355	285	NOT
2970.355	2970.803	415	SUITABLE
2970.803	2970.904	161	FOR
2970.904	2971.192	135	EATING
2971.192	2971.965	376	SHELLFISH
2971.965	2979.219	99999	sp
2979.219	2979.384	204	HER
2979.384	2979.962	470	WARDROBE
2979.962	2980.432	102	CONSISTS
2980.432	2980.511	294	OF
2980.511	2980.883	298	ONLY
2980.883	2981.35	385	SKIRTS
2981.35	2981.568	20	AND
2981.568	2982.324	54	BLOUSES
2982.324	2989.7690000000002	99999	sp
2989.7690000000002	2989.945	434	THE
2989.945	2990.13	453	TWO
2990.13	2990.928	33	ARTISTS
2990.928	2991.625	147	EXCHANGED
2991.625	2992.555	39	AUTOGRAPHS
2992.555	3000.188	99999	sp
3000.188	3000.782	71	BUTTERSCOTCH
3000.782	3001.234	169	FUDGE
3001.234	3001.474	186	GOES
3001.474	3001.743	481	WELL
3001.743	3001.92	487	WITH
3001.92	3002.245	463	VANILLA
3002.245	3002.629	212	ICE
3002.629	3002.971	112	CREAM
3002.971	3005.0	99999	sp
3005.0	3011.023	99999	sp
3011.023	3011.305	366	RICH
3011.305	3011.774	349	PURCHASED
3011.774	3011.971	99999	sp
3011.971	3012.304	374	SEVERAL
3012.304	3012.635	382	SIGNED
3012.635	3013.432	245	LITHOGRAPHS
3013.432	3020.79	99999	sp
3020.79	3021.075	24	ANY
3021.075	3021.844	105	CONTRIBUTIONS
3021.844	3021.954	485	WILL
3021.954	3022.114	47	BE
3022.114	3022.532	195	GREATLY
3022.532	3023.38	28	APPRECIATED
3023.38	3030.889	99999	sp
3030.889	3031.011	434	THE
3031.011	3031.622	111	CRANBERRY
3031.622	3031.986	57	BOG
3031.986	3032.157	178	GETS
3032.157	3032.471	465	VERY
3032.471	3032.699	340	PRETTY
3032.699	3032.838	217	IN
3032.838	3033.308	40	AUTUMN
3033.308	3040.734	99999	sp
3040.734	3040.939	210	HOW
3040.939	3041.09	128	DO
3041.09	3041.538	318	OYSTERS
3041.538	3041.797	253	MAKE
3041.797	3042.167	320	PEARLS
3042.167	3049.664	99999	sp
3049.664	3049.829	257	MAY
3049.829	3050.085	211	I
3050.085	3050.428	304	ORDER
3050.428	3050.512	1	A
3050.512	3051.069	319	PARFAIT
3051.069	3051.396	10	AFTER
3051.396	3051.528	211	I
3051.528	3051.764	134	EAT
3051.764	3052.144	124	DINNER
3052.144	3059.931	99999	sp
3059.931	3060.116	224	IS
3060.116	3060.292	375	SHE
3060.292	3060.586	187	GOING
3060.586	3060.754	487	WITH
3060.754	3060.932	495	YOU
3060.932	3067.443	99999	sp
3067.443	3067.639	76	CAN
3067.639	3067.78	434	THE
3067.78	3068.262	11	AGENCY
3068.262	3068.845	315	OVERTHROW
3068.845	3069.305	13	ALIEN
3069.305	3069.953	162	FORCES
3069.953	3078.959	99999	sp
3078.959	3079.063	1	A
3079.063	3079.813	371	SCREWDRIVER
3079.813	3079.971	224	IS
3079.971	3080.24	252	MADE
3080.24	3080.51	166	FROM
3080.51	3080.982	469	VODKA
3080.982	3081.2690000000002	20	AND
3081.2690000000002	3081.748	303	ORANGE
3081.748	3082.325	230	JUICE
3082.325	3089.992	99999	sp
3089.992	3090.177	210	HOW
3090.177	3090.397	269	MUCH
3090.397	3090.956	16	ALLOWANCE
3090.956	3091.046	128	DO
3091.046	3091.218	495	YOU
3091.218	3091.534	177	GET
3091.534	3098.585	99999	sp
3098.585	3099.201	115	CYCLICAL
3099.201	3099.825	346	PROGRAMS
3099.825	3099.975	485	WILL
3099.975	3100.383	281	NEVER
3100.383	3100.963	100	COMPILE
3100.963	3107.33	99999	sp
3107.33	3107.476	434	THE
3107.476	3107.976	61	BOSTON
3107.976	3108.397	45	BALLET
3108.397	3109.007	312	OVERCAME
3109.007	3109.135	435	THEIR
3109.135	3109.574	170	FUNDING
3109.574	3110.263	380	SHORTAGE
3110.263	3118.879	99999	sp
3118.879	3119.173	145	EVERY
3119.173	3119.441	74	CAB
3119.441	3119.691	280	NEEDS
3119.691	3120.2690000000002	364	REPAINTING
3120.2690000000002	3120.756	296	OFTEN
3120.756	3128.417	99999	sp
3128.417	3128.737	203	HELP
3128.737	3128.997	196	GREG
3128.997	3129.17	446	TO
3129.17	3129.365	325	PICK
3129.365	3129.518	1	A
3129.518	3129.706	321	PECK
3129.706	3129.885	294	OF
3129.885	3130.549	338	POTATOES
3130.549	3139.109	99999	sp
3139.109	3139.377	476	WE
3139.377	3139.596	241	LIKE
3139.596	3139.616	99999	sp
3139.616	3139.885	55	BLUE
3139.885	3140.205	88	CHEESE
3140.205	3140.424	70	BUT
3140.424	3140.752	466	VICTOR
3140.752	3141.113	242	LIKES
3141.113	3141.532	64	BRIE
3141.532	3149.362	99999	sp
3149.362	3149.623	108	COUNT
3149.623	3149.777	434	THE
3149.777	3150.0389999999998	289	NUMBER
3150.0389999999998	3150.227	294	OF
3150.227	3150.751	429	TEASPOONS
3150.751	3150.86	294	OF
3150.86	3151.53	395	SOYSAUCE
3151.53	3151.662	433	THAT
3151.662	3151.768	495	YOU
3151.768	3152.088	7	ADD
3152.088	3160.026	99999	sp
3160.026	3160.592	44	BAGPIPES
3160.592	3160.794	20	AND
3160.794	3161.242	59	BONGOS
3161.242	3161.397	30	ARE
3161.397	3161.915	273	MUSICAL
3161.915	3162.674	220	INSTRUMENTS
3162.674	3170.122	99999	sp
3170.122	3170.427	210	HOW
3170.427	3170.583	189	GOOD
3170.583	3170.744	224	IS
3170.744	3170.876	496	YOUR
3170.876	3171.573	138	ENDURANCE
