24.188208616780045	24.438208616780045	375	SHE
24.438208616780045	24.618208616780045	490	WORE
24.618208616780045	25.107208616780046	471	WARM
25.107208616780046	25.907208616780043	158	FLEECY
25.907208616780043	26.425208616780044	489	WOOLEN
26.425208616780044	27.173208616780045	311	OVERALLS
27.173208616780045	35.59972789115646	99999	sp
35.59972789115646	35.92872789115646	354	READING
35.92872789115646	36.12972789115646	217	IN
36.12972789115646	36.42872789115646	335	POOR
36.42872789115646	36.74472789115646	240	LIGHT
36.74472789115646	36.94772789115646	181	GIVES
36.94772789115646	37.085727891156466	495	YOU
37.085727891156466	37.875727891156465	150	EYESTRAIN
37.875727891156465	46.68643990929705	99999	sp
46.68643990929705	46.981439909297045	142	EVEN
46.981439909297045	47.301439909297045	211	I
47.301439909297045	47.962439909297046	293	OCCASIONALLY
47.962439909297046	48.106439909297045	177	GET
48.106439909297045	48.179439909297045	434	THE
48.179439909297045	48.691439909297046	265	MONDAY
48.691439909297046	49.22343990929705	56	BLUES
49.22343990929705	57.36643990929705	99999	sp
57.36643990929705	57.47843990929705	476	WE
57.47843990929705	57.62543990929705	30	ARE
57.62543990929705	58.07743990929705	301	OPEN
58.07743990929705	58.42643990929705	145	EVERY
58.42643990929705	58.79543990929705	265	MONDAY
58.79543990929705	59.404439909297054	143	EVENING
59.404439909297054	68.65160997732427	99999	sp
68.65160997732427	68.85760997732427	226	IT'S
68.85760997732427	69.05660997732427	285	NOT
69.05660997732427	69.41560997732427	133	EASY
69.41560997732427	69.53960997732426	446	TO
69.53960997732426	69.82760997732427	113	CREATE
69.82760997732427	70.61360997732427	215	ILLUMINATING
70.61360997732427	71.47560997732427	146	EXAMPLES
71.47560997732427	80.20625850340136	99999	sp
80.20625850340136	80.53125850340136	270	MUM
80.53125850340136	81.17025850340136	407	STRONGLY
81.17025850340136	81.81325850340136	126	DISLIKES
81.81325850340136	82.75825850340135	27	APPETIZERS
82.75825850340135	92.47267800441556	99999	sp
92.47267800441556	92.67967800441556	443	THOSE
92.67967800441556	92.83067800441556	484	WHO
92.83067800441556	93.17167800441555	427	TEACH
93.17167800441555	93.74767800441556	462	VALUES
93.74767800441556	94.08667800441556	156	FIRST
94.08667800441556	94.82567800441556	4	ABOLISH
94.82567800441556	95.28367800441556	87	CHEATING
95.28367800441556	104.53767227652608	99999	sp
104.53767227652608	104.65467227652609	434	THE
104.65467227652609	105.03467227652608	165	FRIGHTENED
105.03467227652608	105.43367227652608	89	CHILD
105.43367227652608	105.68267227652608	472	WAS
105.68267227652608	106.05067227652609	176	GENTLY
106.05067227652609	106.64967227652608	410	SUBDUED
106.64967227652608	106.80067227652609	73	BY
106.80067227652609	107.03967227652608	208	HIS
107.03967227652608	107.30167227652608	52	BIG
107.30167227652608	107.71767227652607	66	BROTHER
107.71767227652607	117.13297052154195	99999	sp
117.13297052154195	117.42197052154195	142	EVEN
117.42197052154195	117.47197052154195	1	A
117.47197052154195	117.91997052154194	383	SIMPLE
117.91997052154194	118.87597052154194	468	VOCABULARY
118.87597052154194	119.37697052154195	104	CONTAINS
119.37697052154195	120.07397052154195	422	SYMBOLS
120.07397052154195	129.7074829931973	99999	sp
129.7074829931973	129.8504829931973	1	A
129.8504829931973	130.2314829931973	110	CRAB
130.2314829931973	130.7684829931973	85	CHALLENGED
130.7684829931973	131.2164829931973	258	ME
131.2164829931973	131.3164829931973	70	BUT
131.3164829931973	131.4444829931973	1	A
131.4444829931973	131.6654829931973	350	QUICK
131.6654829931973	132.2254829931973	402	STAB
132.2254829931973	132.7624829931973	464	VANQUISHED
132.7624829931973	133.0224829931973	207	HIM
133.0224829931973	142.16580498866213	99999	sp
142.16580498866213	142.69980498866212	183	GLUCOSE
142.69980498866212	142.84480498866213	20	AND
142.84480498866213	143.50780498866214	167	FRUCTOSE
143.50780498866214	143.68980498866213	30	ARE
143.68980498866213	144.14680498866213	276	NATURAL
144.14680498866213	144.71580498866214	414	SUGARS
144.71580498866214	145.01380498866214	163	FOUND
145.01380498866214	145.17480498866215	217	IN
145.17480498866215	145.57380498866215	168	FRUIT
145.57380498866215	152.73950113378686	99999	sp
152.73950113378686	152.85150113378685	30	ARE
152.85150113378685	152.97150113378686	495	YOU
152.97150113378686	153.33250113378685	250	LOOKING
153.33250113378685	153.56950113378687	161	FOR
153.56950113378687	154.26850113378686	136	EMPLOYMENT
154.26850113378686	164.3544671201814	99999	sp
164.3544671201814	164.6774671201814	98	COFFEE
164.6774671201814	164.93546712018139	224	IS
164.93546712018139	165.1864671201814	198	GROWN
165.1864671201814	165.3364671201814	297	ON
165.3364671201814	165.8904671201814	404	STEEP
165.8904671201814	166.2344671201814	231	JUNGLE
166.2344671201814	166.5034671201814	241	LIKE
166.5034671201814	166.9724671201814	390	SLOPES
166.9724671201814	167.1564671201814	217	IN
167.1564671201814	167.6104671201814	431	TEMPERATE
167.6104671201814	168.1464671201814	497	ZONES
168.1464671201814	176.09197278911566	99999	sp
176.09197278911566	176.18597278911565	476	WE
176.18597278911565	176.59297278911566	480	WELCOME
176.59297278911566	176.97197278911565	256	MANY
176.97197278911565	177.13397278911566	282	NEW
177.13397278911566	177.66797278911565	408	STUDENTS
177.66797278911565	177.98997278911565	132	EACH
177.98997278911565	178.36797278911567	491	YEAR
178.36797278911567	186.8754648526077	99999	sp
186.8754648526077	187.1074648526077	298	ONLY
187.1074648526077	187.3334648526077	434	THE
187.3334648526077	187.66346485260772	51	BEST
187.66346485260772	188.0814648526077	330	PLAYERS
188.0814648526077	188.5134648526077	139	ENJOY
188.5134648526077	189.4124648526077	336	POPULARITY
189.4124648526077	196.93931972789116	99999	sp
196.93931972789116	197.44331972789115	75	CALCIUM
197.44331972789115	197.80731972789116	254	MAKES
197.80731972789116	198.12131972789115	58	BONES
198.12131972789115	198.31031972789117	20	AND
198.31031972789117	198.58031972789115	430	TEETH
198.58031972789115	199.11931972789117	406	STRONG
199.11931972789117	207.30077097505668	99999	sp
207.30077097505668	207.69277097505667	286	NOTHING
207.69277097505667	207.8797709750567	224	IS
207.8797709750567	208.08677097505668	34	AS
208.08677097505668	208.7967709750567	295	OFFENSIVE
208.7967709750567	209.02577097505667	34	AS
209.02577097505667	209.7737709750567	219	INNOCENCE
209.7737709750567	218.41414965986394	99999	sp
218.41414965986394	218.87314965986394	405	STEVE
218.87314965986394	219.16214965986396	490	WORE
219.16214965986396	219.28414965986394	1	A
219.28414965986394	219.63314965986396	65	BRIGHT
219.63314965986396	219.95914965986395	356	RED
219.95914965986395	220.58914965986395	78	CASHMERE
220.58914965986395	221.15814965986394	420	SWEATER
221.15814965986394	230.07120181405895	99999	sp
230.07120181405895	230.47820181405893	46	BARB'S
230.47820181405893	230.78120181405896	188	GOLD
230.78120181405896	231.50420181405894	63	BRACELET
231.50420181405894	231.67320181405896	472	WAS
231.67320181405896	231.79420181405894	1	A
231.79420181405894	232.57220181405896	193	GRADUATION
232.57220181405896	233.08020181405894	339	PRESENT
233.08020181405894	242.75691609977324	99999	sp
242.75691609977324	243.06491609977323	130	DRAW
243.06491609977323	243.38391609977324	145	EVERY
243.38391609977324	243.73291609977323	308	OUTER
243.73291609977323	243.98991609977324	244	LINE
243.98991609977324	244.80691609977325	156	FIRST
244.80691609977325	245.05991609977323	436	THEN
245.05991609977323	245.15991609977323	154	FILL
245.15991609977323	245.26891609977324	217	IN
245.26891609977324	245.42191609977323	434	THE
245.42191609977323	246.20691609977322	222	INTERIOR
246.20691609977322	256.08589569161	99999	sp
256.08589569161	256.16389569161004	434	THE
256.16389569161004	256.52389569161	475	WATER
256.52389569161	257.01289569160997	103	CONTAINED
257.01289569160997	257.22289569161	448	TOO
257.22289569161	257.46189569161004	269	MUCH
257.46189569161004	258.02989569161	90	CHLORINE
258.02989569161	258.15889569161	20	AND
258.15889569161	258.45589569161	409	STUNG
258.45589569161	258.68889569161	208	HIS
258.68889569161	259.17989569161	149	EYES
259.17989569161	267.76	99999	sp
267.76	268.175	229	JOHN'S
268.175	268.548	66	BROTHER
268.548	269.176	363	REPAINTED
269.176	269.314	434	THE
269.314	269.849	173	GARAGE
269.849	270.19100000000003	129	DOOR
270.19100000000003	279.4033560090703	99999	sp
279.4033560090703	279.9013560090703	84	CHALLENGE
279.9013560090703	280.2503560090703	132	EACH
280.2503560090703	280.8143560090703	175	GENERAL'S
280.8143560090703	281.6873560090703	221	INTELLIGENCE
281.6873560090703	290.67709750566894	99999	sp
290.67709750566894	291.59809750566893	17	AMBIDEXTROUS
291.59809750566893	292.45109750566894	327	PICKPOCKETS
292.45109750566894	293.2170975056689	6	ACCOMPLISH
293.2170975056689	293.5890975056689	267	MORE
293.5890975056689	302.2164172335601	99999	sp
302.2164172335601	302.3194172335601	1	A
302.3194172335601	302.9454172335601	271	MUSCULAR
302.9454172335601	303.4424172335601	2	ABDOMEN
303.4424172335601	303.6724172335601	224	IS
303.6724172335601	303.8244172335601	189	GOOD
303.8244172335601	303.9764172335601	161	FOR
303.9764172335601	304.2354172335601	496	YOUR
304.2354172335601	304.6644172335601	43	BACK
304.6644172335601	313.0280272108844	99999	sp
313.0280272108844	313.1610272108844	438	THEY
313.1610272108844	313.3280272108844	317	OWN
313.3280272108844	313.5340272108844	1	A
313.5340272108844	313.8040272108844	52	BIG
313.8040272108844	314.1410272108844	209	HOUSE
314.1410272108844	314.2740272108844	217	IN
314.2740272108844	314.3420272108844	434	THE
314.3420272108844	314.7860272108844	361	REMOTE
314.7860272108844	315.5850272108844	109	COUNTRYSIDE
315.5850272108844	324.972	99999	sp
324.972	325.056	434	THE
325.056	325.472	369	ROSE
325.472	326.154	106	CORSAGE
326.154	326.533	393	SMELLED
326.533	326.991	421	SWEET
326.991	336.2244922540704	99999	sp
336.2244922540704	336.5591783987541	433	THAT
336.5591783987541	337.1621783987541	326	PICKPOCKET
337.1621783987541	337.3991783987541	472	WAS
337.3991783987541	337.6571783987541	80	CAUGHT
337.6571783987541	337.9561783987541	356	RED
337.9561783987541	338.5671783987541	199	HANDED
338.5671783987541	349.06965986394556	99999	sp
349.06965986394556	349.1866598639455	19	AN
349.1866598639455	349.6456598639455	9	ADULT
349.6456598639455	350.04665986394554	255	MALE
350.04665986394554	350.62865986394553	42	BABOON'S
350.62865986394553	350.99965986394557	430	TEETH
350.99965986394557	351.13265986394555	30	ARE
351.13265986394555	351.37865986394553	285	NOT
351.37865986394553	351.80765986394556	415	SUITABLE
351.80765986394556	351.98665986394553	161	FOR
351.98665986394553	352.2396598639455	135	EATING
352.2396598639455	352.99365986394554	376	SHELLFISH
352.99365986394554	362.2766439909297	99999	sp
362.2766439909297	362.4596439909297	204	HER
362.4596439909297	363.0626439909297	470	WARDROBE
363.0626439909297	363.5276439909297	102	CONSISTS
363.5276439909297	363.6276439909297	294	OF
363.6276439909297	363.9566439909297	298	ONLY
363.9566439909297	364.4156439909297	385	SKIRTS
364.4156439909297	364.6586439909297	20	AND
364.6586439909297	365.33564399092967	54	BLOUSES
365.33564399092967	374.69043083900226	99999	sp
374.69043083900226	374.8244308390023	434	THE
374.8244308390023	375.1634308390023	453	TWO
375.1634308390023	375.65443083900226	33	ARTISTS
375.65443083900226	376.52443083900226	147	EXCHANGED
376.52443083900226	377.3604308390023	39	AUTOGRAPHS
377.3604308390023	387.3246258503401	99999	sp
387.3246258503401	388.0406258503401	71	BUTTERSCOTCH
388.0406258503401	388.43862585034015	169	FUDGE
388.43862585034015	388.69162585034013	186	GOES
388.69162585034013	388.8996258503401	481	WELL
388.8996258503401	389.1246258503401	487	WITH
389.1246258503401	389.47462585034015	463	VANILLA
389.47462585034015	389.83562585034014	212	ICE
389.83562585034014	390.1486258503401	112	CREAM
390.1486258503401	400.77469387755104	99999	sp
400.77469387755104	401.16069387755107	366	RICH
401.16069387755107	401.79569387755106	349	PURCHASED
401.79569387755106	402.4726938775511	88888	SEVAL
402.4726938775511	403.12269387755106	374	SEVERAL
403.12269387755106	403.66069387755107	382	SIGNED
403.66069387755107	404.56469387755106	245	LITHOGRAPHS
404.56469387755106	413.5977664029242	99999	sp
413.5977664029242	413.87376640292416	24	ANY
413.87376640292416	414.7287664029242	105	CONTRIBUTIONS
414.7287664029242	414.8177664029242	485	WILL
414.8177664029242	414.9837664029242	47	BE
414.9837664029242	415.3677664029242	195	GREATLY
415.3677664029242	416.2257664029242	28	APPRECIATED
416.2257664029242	425.1501820640485	99999	sp
425.1501820640485	425.27118206404856	434	THE
425.27118206404856	425.97618206404854	111	CRANBERRY
425.97618206404854	426.31818206404853	57	BOG
426.31818206404853	426.54518206404856	178	GETS
426.54518206404856	426.92618206404853	465	VERY
426.92618206404853	427.1571820640485	340	PRETTY
427.1571820640485	427.31518206404854	217	IN
427.31518206404854	427.80518206404855	40	AUTUMN
427.80518206404855	435.9979138321996	99999	sp
435.9979138321996	436.23891383219956	210	HOW
436.23891383219956	436.44591383219955	128	DO
436.44591383219955	436.91491383219955	318	OYSTERS
436.91491383219955	437.24591383219956	253	MAKE
437.24591383219956	437.79391383219956	320	PEARLS
437.79391383219956	448.2960544217687	99999	sp
448.2960544217687	448.5110544217687	257	MAY
448.5110544217687	448.5470544217687	211	I
448.5470544217687	448.8570544217687	304	ORDER
448.8570544217687	448.9430544217687	1	A
448.9430544217687	449.4700544217687	319	PARFAIT
449.4700544217687	449.8140544217687	10	AFTER
449.8140544217687	449.88405442176867	211	I
449.88405442176867	450.1110544217687	134	EAT
450.1110544217687	450.5520544217687	124	DINNER
450.5520544217687	458.5737868480726	99999	sp
458.5737868480726	458.7187868480726	224	IS
458.7187868480726	458.9437868480726	375	SHE
458.9437868480726	459.2897868480726	187	GOING
459.2897868480726	459.4567868480726	487	WITH
459.4567868480726	459.7897868480726	495	YOU
459.7897868480726	468.92371882086167	99999	sp
468.92371882086167	469.10671882086166	76	CAN
469.10671882086166	469.25771882086167	434	THE
469.25771882086167	469.74471882086164	11	AGENCY
469.74471882086164	470.3557188208616	315	OVERTHROW
470.3557188208616	470.77971882086166	13	ALIEN
470.77971882086166	471.43071882086167	162	FORCES
471.43071882086167	481.5137366716997	99999	sp
481.5137366716997	481.62073667169966	1	A
481.62073667169966	482.36873667169965	371	SCREWDRIVER
482.36873667169965	482.54873667169966	224	IS
482.54873667169966	482.77173667169967	252	MADE
482.77173667169967	483.0477366716997	166	FROM
483.0477366716997	483.46673667169966	469	VODKA
483.46673667169966	483.70473667169966	20	AND
483.70473667169966	484.10373667169966	303	ORANGE
484.10373667169966	484.7737366716997	230	JUICE
484.7737366716997	492.3863038548753	99999	sp
492.3863038548753	492.55630385487524	210	HOW
492.55630385487524	492.77430385487526	269	MUCH
492.77430385487526	493.3593038548753	16	ALLOWANCE
493.3593038548753	493.4153038548753	128	DO
493.4153038548753	493.6123038548753	495	YOU
493.6123038548753	493.8353038548753	177	GET
493.8353038548753	502.636462585034	99999	sp
502.636462585034	503.318462585034	115	CYCLICAL
503.318462585034	503.86346258503403	346	PROGRAMS
503.86346258503403	504.00046258503403	485	WILL
504.00046258503403	504.388462585034	281	NEVER
504.388462585034	505.090462585034	100	COMPILE
505.090462585034	514.8059863945579	99999	sp
514.8059863945579	514.9539863945579	434	THE
514.9539863945579	515.4329863945579	61	BOSTON
515.4329863945579	515.9429863945579	45	BALLET
515.9429863945579	516.5599863945579	312	OVERCAME
516.5599863945579	516.6769863945578	435	THEIR
516.6769863945578	517.3579863945579	170	FUNDING
517.3579863945579	518.0629863945578	380	SHORTAGE
518.0629863945578	527.0427210884354	99999	sp
527.0427210884354	527.4107210884355	145	EVERY
527.4107210884355	527.7637210884354	74	CAB
527.7637210884354	528.0737210884355	280	NEEDS
528.0737210884355	528.8117210884354	364	REPAINTING
528.8117210884354	529.4407210884355	296	OFTEN
529.4407210884355	540.5800453514739	99999	sp
540.5800453514739	540.978045351474	203	HELP
540.978045351474	541.3210453514739	196	GREG
541.3210453514739	541.4470453514739	446	TO
541.4470453514739	541.6710453514739	325	PICK
541.6710453514739	541.8070453514739	1	A
541.8070453514739	542.2400453514739	88888	PACK
542.2400453514739	542.6180453514739	321	PECK
542.6180453514739	542.8800453514739	294	OF
542.8800453514739	543.0990453514739	99999	sp
543.0990453514739	544.035045351474	338	POTATOES
544.035045351474	555.392925170068	99999	sp
555.392925170068	555.556925170068	476	WE
555.556925170068	555.931925170068	241	LIKE
555.931925170068	556.184925170068	55	BLUE
556.184925170068	556.7409251700681	88	CHEESE
556.7409251700681	556.974925170068	70	BUT
556.974925170068	557.343925170068	466	VICTOR
557.343925170068	557.799925170068	242	LIKES
557.799925170068	558.161925170068	64	BRIE
558.161925170068	568.1688888888889	99999	sp
568.1688888888889	568.4028888888889	108	COUNT
568.4028888888889	568.4888888888889	434	THE
568.4888888888889	568.9368888888889	289	NUMBER
568.9368888888889	569.1108888888889	294	OF
569.1108888888889	569.6858888888889	429	TEASPOONS
569.6858888888889	569.794888888889	294	OF
569.794888888889	570.516888888889	395	SOYSAUCE
570.516888888889	570.669888888889	433	THAT
570.669888888889	570.8468888888889	495	YOU
570.8468888888889	571.183888888889	7	ADD
571.183888888889	580.8521541950114	99999	sp
580.8521541950114	581.5021541950114	44	BAGPIPES
581.5021541950114	581.7321541950114	20	AND
581.7321541950114	582.3281541950114	59	BONGOS
582.3281541950114	582.4401541950114	30	ARE
582.4401541950114	582.9781541950114	273	MUSICAL
582.9781541950114	583.7461541950114	220	INSTRUMENTS
583.7461541950114	590.9157369614512	99999	sp
590.9157369614512	591.2297369614513	210	HOW
591.2297369614513	591.4027369614513	189	GOOD
591.4027369614513	591.5527369614513	224	IS
591.5527369614513	591.6927369614513	496	YOUR
591.6927369614513	592.4547369614513	138	ENDURANCE
592.4547369614513	606.3949206349206	99999	sp
1159.56126984127	1159.63526984127	30	ARE
1159.63526984127	1159.8352698412698	496	YOUR
1159.8352698412698	1160.0632698412699	192	GRADES
1160.0632698412699	1160.4802698412698	206	HIGHER
1160.4802698412698	1160.62926984127	302	OR
1160.62926984127	1160.94326984127	251	LOWER
1160.94326984127	1161.1422698412698	432	THAN
1161.1422698412698	1161.81826984127	275	NANCY'S
1161.81826984127	1169.8731972789117	99999	sp
1169.8731972789117	1170.0881972789116	375	SHE
1170.0881972789116	1170.2971972789117	490	WORE
1170.2971972789117	1170.6861972789115	471	WARM
1170.6861972789115	1171.3331972789117	158	FLEECY
1171.3331972789117	1171.7341972789116	489	WOOLEN
1171.7341972789116	1172.4881972789115	311	OVERALLS
1172.4881972789115	1179.575	99999	sp
1179.575	1179.7769999999998	354	READING
1179.7769999999998	1180.0049999999999	217	IN
1180.0049999999999	1180.0629999999999	99999	sp
1180.0629999999999	1180.307	335	POOR
1180.307	1180.5759999999998	240	LIGHT
1180.5759999999998	1180.7839999999999	181	GIVES
1180.7839999999999	1180.885	495	YOU
1180.885	1181.5919999999999	150	EYESTRAIN
1181.5919999999999	1189.0236085611814	99999	sp
1189.0236085611814	1189.3226167800456	142	EVEN
1189.3226167800456	1189.5246167800456	211	I
1189.5246167800456	1190.2256167800456	293	OCCASIONALLY
1190.2256167800456	1190.3576167800456	177	GET
1190.3576167800456	1190.4286167800456	434	THE
1190.4286167800456	1190.9066167800456	265	MONDAY
1190.9066167800456	1191.3016167800456	56	BLUES
1191.3016167800456	1198.1255328798186	99999	sp
1198.1255328798186	1198.2005328798186	476	WE
1198.2005328798186	1198.3165328798186	30	ARE
1198.3165328798186	1198.6825328798186	301	OPEN
1198.6825328798186	1199.0145328798187	145	EVERY
1199.0145328798187	1199.4085328798185	265	MONDAY
1199.4085328798185	1199.9325328798186	143	EVENING
1199.9325328798186	1206.741678004535	99999	sp
1206.741678004535	1207.1941156241155	99999	sp
1207.1941156241155	1207.3463617796735	226	ITS
1207.3463617796735	1207.5235209425048	285	NOT
1207.5235209425048	1207.8487740930152	133	EASY
1207.8487740930152	1207.970678004535	446	TO
1207.970678004535	1208.309678004535	113	CREATE
1208.309678004535	1208.956678004535	215	ILLUMINATING
1208.956678004535	1209.760678004535	146	EXAMPLES
1209.760678004535	1217.0115192743765	99999	sp
1217.0115192743765	1217.2955192743766	270	MUM
1217.2955192743766	1217.9005192743766	407	STRONGLY
1217.9005192743766	1218.4125192743766	126	DISLIKES
1218.4125192743766	1219.3765192743765	27	APPETIZERS
1219.3765192743765	1227.2372789115645	99999	sp
1227.2372789115645	1227.4502789115645	443	THOSE
1227.4502789115645	1227.5882789115644	484	WHO
1227.5882789115644	1227.8402789115644	427	TEACH
1227.8402789115644	1228.3992789115646	462	VALUES
1228.3992789115646	1228.7642789115644	156	FIRST
1228.7642789115644	1229.3542789115645	4	ABOLISH
1229.3542789115645	1229.8252789115645	87	CHEATING
1229.8252789115645	1238.0900187132463	99999	sp
1238.0900187132463	1238.1610187132462	434	THE
1238.1610187132462	1238.5900187132463	165	FRIGHTENED
1238.5900187132463	1238.9590187132462	89	CHILD
1238.9590187132462	1239.1600187132462	472	WAS
1239.1600187132462	1239.4680187132462	176	GENTLY
1239.4680187132462	1239.9900187132462	410	SUBDUED
1239.9900187132462	1240.1160187132461	73	BY
1240.1160187132461	1240.2650187132463	208	HIS
1240.2650187132463	1240.5760187132462	52	BIG
1240.5760187132462	1240.9240187132461	66	BROTHER
1240.9240187132461	1249.0227664399092	99999	sp
1249.0227664399092	1249.2467664399094	142	EVEN
1249.2467664399094	1249.3257664399093	1	A
1249.3257664399093	1249.7837664399092	383	SIMPLE
1249.7837664399092	1250.6757664399092	468	VOCABULARY
1250.6757664399092	1251.1507664399094	104	CONTAINS
1251.1507664399094	1251.8207664399092	422	SYMBOLS
1251.8207664399092	1260.141768707483	99999	sp
1260.141768707483	1260.257768707483	1	A
1260.257768707483	1260.6267687074828	110	CRAB
1260.6267687074828	1261.1437687074829	85	CHALLENGED
1261.1437687074829	1261.3037687074827	258	ME
1261.3037687074827	1261.4127687074829	70	BUT
1261.4127687074829	1261.5327687074828	1	A
1261.5327687074828	1261.7527687074828	350	QUICK
1261.7527687074828	1262.209768707483	402	STAB
1262.209768707483	1262.709768707483	464	VANQUISHED
1262.709768707483	1263.0327687074828	207	HIM
1263.0327687074828	1271.558276643991	99999	sp
1271.558276643991	1272.1452766439909	183	GLUCOSE
1272.1452766439909	1272.3632766439907	20	AND
1272.3632766439907	1272.9602766439907	167	FRUCTOSE
1272.9602766439907	1273.1312766439908	30	ARE
1273.1312766439908	1273.5602766439908	276	NATURAL
1273.5602766439908	1274.0992766439908	414	SUGARS
1274.0992766439908	1274.4282766439908	163	FOUND
1274.4282766439908	1274.5592766439909	217	IN
1274.5592766439909	1274.9472766439908	168	FRUIT
1274.9472766439908	1281.5491156462585	99999	sp
1281.5491156462585	1281.6871156462587	30	ARE
1281.6871156462587	1281.8201156462585	495	YOU
1281.8201156462585	1282.1981156462587	250	LOOKING
1282.1981156462587	1282.4271156462587	161	FOR
1282.4271156462587	1283.0861156462586	136	EMPLOYMENT
1283.0861156462586	1291.848888888889	99999	sp
1291.848888888889	1292.156888888889	98	COFFEE
1292.156888888889	1292.367888888889	224	IS
1292.367888888889	1292.555888888889	198	GROWN
1292.555888888889	1292.684888888889	297	ON
1292.684888888889	1293.126888888889	404	STEEP
1293.126888888889	1293.5138888888891	231	JUNGLE
1293.5138888888891	1293.731888888889	241	LIKE
1293.731888888889	1294.314888888889	390	SLOPES
1294.314888888889	1294.529888888889	217	IN
1294.529888888889	1294.910888888889	431	TEMPERATE
1294.910888888889	1295.445888888889	497	ZONES
1295.445888888889	1302.575873015873	99999	sp
1302.575873015873	1302.639873015873	476	WE
1302.639873015873	1303.048873015873	480	WELCOME
1303.048873015873	1303.332873015873	256	MANY
1303.332873015873	1303.498873015873	282	NEW
1303.498873015873	1303.996873015873	408	STUDENTS
1303.996873015873	1304.296873015873	132	EACH
1304.296873015873	1304.6268730158731	491	YEAR
1304.6268730158731	1312.4891609977324	99999	sp
1312.4891609977324	1312.7061609977322	298	ONLY
1312.7061609977322	1312.9061609977323	434	THE
1312.9061609977323	1313.2561609977324	51	BEST
1313.2561609977324	1313.5841609977324	330	PLAYERS
1313.5841609977324	1313.9631609977323	139	ENJOY
1313.9631609977323	1314.8121609977325	336	POPULARITY
1314.8121609977325	1322.0608616780046	99999	sp
1322.0608616780046	1322.5268616780047	75	CALCIUM
1322.5268616780047	1322.8328616780047	254	MAKES
1322.8328616780047	1323.1058616780047	58	BONES
1323.1058616780047	1323.2558616780047	20	AND
1323.2558616780047	1323.5138616780048	430	TEETH
1323.5138616780048	1324.0028616780046	406	STRONG
1324.0028616780046	1331.0679365079366	99999	sp
1331.0679365079366	1331.4179365079365	286	NOTHING
1331.4179365079365	1331.5479365079366	224	IS
1331.5479365079366	1331.7169365079365	34	AS
1331.7169365079365	1332.2559365079364	295	OFFENSIVE
1332.2559365079364	1332.4469365079365	34	AS
1332.4469365079365	1333.2739365079365	219	INNOCENCE
1333.2739365079365	1340.647074829932	99999	sp
1340.647074829932	1341.1060748299321	405	STEVE
1341.1060748299321	1341.2790748299321	490	WORE
1341.2790748299321	1341.4030748299322	1	A
1341.4030748299322	1341.6440748299322	65	BRIGHT
1341.6440748299322	1341.9240748299321	356	RED
1341.9240748299321	1342.473074829932	78	CASHMERE
1342.473074829932	1342.9520748299321	420	SWEATER
1342.9520748299321	1351.029387755102	99999	sp
1351.029387755102	1351.3913877551022	46	BARB'S
1351.3913877551022	1351.6823877551021	188	GOLD
1351.6823877551021	1352.2693877551021	63	BRACELET
1352.2693877551021	1352.4683877551022	472	WAS
1352.4683877551022	1352.598387755102	1	A
1352.598387755102	1353.395387755102	193	GRADUATION
1353.395387755102	1353.866387755102	339	PRESENT
1353.866387755102	1362.7019501133786	99999	sp
1362.7019501133786	1362.9719501133786	130	DRAW
1362.9719501133786	1363.2869501133787	145	EVERY
1363.2869501133787	1363.6099501133788	308	OUTER
1363.6099501133788	1363.8429501133787	244	LINE
1363.8429501133787	1364.3479501133786	156	FIRST
1364.3479501133786	1364.5539501133787	99999	sp
1364.5539501133787	1364.7489501133787	436	THEN
1364.7489501133787	1364.9899501133787	154	FILL
1364.9899501133787	1365.0969501133786	217	IN
1365.0969501133786	1365.2659501133787	434	THE
1365.2659501133787	1365.9049501133786	222	INTERIOR
1365.9049501133786	1374.0953287981858	99999	sp
1374.0953287981858	1374.1523287981859	434	THE
1374.1523287981859	1374.521328798186	475	WATER
1374.521328798186	1374.9433287981858	103	CONTAINED
1374.9433287981858	1375.088328798186	448	TOO
1375.088328798186	1375.3763287981858	269	MUCH
1375.3763287981858	1375.9243287981858	90	CHLORINE
1375.9243287981858	1376.0983287981858	20	AND
1376.0983287981858	1376.437328798186	409	STUNG
1376.437328798186	1376.617328798186	208	HIS
1376.617328798186	1377.102328798186	149	EYES
1377.102328798186	1384.6112471655329	99999	sp
1384.6112471655329	1385.019247165533	229	JOHN'S
1385.019247165533	1385.357247165533	66	BROTHER
1385.357247165533	1385.971247165533	363	REPAINTED
1385.971247165533	1386.105247165533	434	THE
1386.105247165533	1386.608247165533	173	GARAGE
1386.608247165533	1386.934247165533	129	DOOR
1386.934247165533	1394.37179138322	99999	sp
1394.37179138322	1394.8647913832199	84	CHALLENGE
1394.8647913832199	1395.2737913832198	132	EACH
1395.2737913832198	1395.7327913832198	175	GENERAL'S
1395.7327913832198	1396.63179138322	221	INTELLIGENCE
1396.63179138322	1404.2307482993197	99999	sp
1404.2307482993197	1405.0897482993198	17	AMBIDEXTROUS
1405.0897482993198	1405.7307482993197	327	PICKPOCKETS
1405.7307482993197	1406.3797482993198	6	ACCOMPLISH
1406.3797482993198	1406.6987482993197	267	MORE
1406.6987482993197	1413.844716553288	99999	sp
1413.844716553288	1413.930716553288	1	A
1413.930716553288	1414.535716553288	271	MUSCULAR
1414.535716553288	1414.996716553288	2	ABDOMEN
1414.996716553288	1415.214716553288	224	IS
1415.214716553288	1415.366716553288	189	GOOD
1415.366716553288	1415.520716553288	161	FOR
1415.520716553288	1415.749716553288	496	YOUR
1415.749716553288	1416.109716553288	43	BACK
1416.109716553288	1423.95873015873	99999	sp
1423.95873015873	1424.05573015873	438	THEY
1424.05573015873	1424.2397301587303	317	OWN
1424.2397301587303	1424.3757301587302	1	A
1424.3757301587302	1424.5997301587302	52	BIG
1424.5997301587302	1424.94873015873	209	HOUSE
1424.94873015873	1425.0777301587302	217	IN
1425.0777301587302	1425.1377301587302	434	THE
1425.1377301587302	1425.5127301587302	361	REMOTE
1425.5127301587302	1426.28573015873	109	COUNTRYSIDE
1426.28573015873	1434.2176870748299	99999	sp
1434.2176870748299	1434.29668707483	434	THE
1434.29668707483	1434.6796870748299	369	ROSE
1434.6796870748299	1435.24468707483	106	CORSAGE
1435.24468707483	1435.58268707483	393	SMELLED
1435.58268707483	1436.01268707483	421	SWEET
1436.01268707483	1443.96194727723	99999	sp
1443.96194727723	1444.2179472772298	433	THAT
1444.2179472772298	1444.8129472772298	326	PICKPOCKET
1444.8129472772298	1445.0359472772298	472	WAS
1445.0359472772298	1445.3959472772299	80	CAUGHT
1445.3959472772299	1445.60594727723	356	RED
1445.60594727723	1446.1819472772297	199	HANDED
1446.1819472772297	1456.0538775510204	99999	sp
1456.0538775510204	1456.1648775510203	19	AN
1456.1648775510203	1456.6128775510203	9	ADULT
1456.6128775510203	1456.8778775510202	255	MALE
1456.8778775510202	1457.4328775510203	42	BABOON'S
1457.4328775510203	1457.6398775510204	430	TEETH
1457.6398775510204	1457.8098775510205	30	ARE
1457.8098775510205	1458.0688775510203	285	NOT
1458.0688775510203	1458.4978775510203	415	SUITABLE
1458.4978775510203	1458.6368775510202	161	FOR
1458.6368775510202	1458.9868775510204	135	EATING
1458.9868775510204	1459.7558775510204	376	SHELLFISH
1459.7558775510204	1467.554739229025	99999	sp
1467.554739229025	1467.791739229025	204	HER
1467.791739229025	1468.330739229025	470	WARDROBE
1468.330739229025	1468.8097392290251	102	CONSISTS
1468.8097392290251	1468.9287392290253	294	OF
1468.9287392290253	1469.2117392290252	298	ONLY
1469.2117392290252	1469.697739229025	385	SKIRTS
1469.697739229025	1469.900739229025	20	AND
1469.900739229025	1470.5287392290252	54	BLOUSES
1470.5287392290252	1478.2019047619049	99999	sp
1478.2019047619049	1478.3469047619049	434	THE
1478.3469047619049	1478.6099047619048	453	TWO
1478.6099047619048	1479.296904761905	33	ARTISTS
1479.296904761905	1480.034904761905	147	EXCHANGED
1480.034904761905	1480.823904761905	39	AUTOGRAPHS
1480.823904761905	1489.2393650793651	99999	sp
1489.2393650793651	1489.872365079365	71	BUTTERSCOTCH
1489.872365079365	1490.267365079365	169	FUDGE
1490.267365079365	1490.575365079365	186	GOES
1490.575365079365	1490.736365079365	481	WELL
1490.736365079365	1490.9813650793649	487	WITH
1490.9813650793649	1491.316365079365	463	VANILLA
1491.316365079365	1491.669365079365	212	ICE
1491.669365079365	1492.008365079365	112	CREAM
1492.008365079365	1500.1560997732427	99999	sp
1500.1560997732427	1500.4800997732427	366	RICH
1500.4800997732427	1501.0300997732427	349	PURCHASED
1501.0300997732427	1501.5230997732428	374	SEVERAL
1501.5230997732428	1501.8770997732427	382	SIGNED
1501.8770997732427	1502.6960997732426	245	LITHOGRAPHS
1502.6960997732426	1510.6885402772916	99999	sp
1510.6885402772916	1510.8835402772918	24	ANY
1510.8835402772918	1511.8375402772917	105	CONTRIBUTIONS
1511.8375402772917	1511.9255402772917	485	WILL
1511.9255402772917	1512.0905402772917	47	BE
1512.0905402772917	1512.4645402772917	195	GREATLY
1512.4645402772917	1513.2525402772917	28	APPRECIATED
1513.2525402772917	1521.0541545892304	99999	sp
1521.0541545892304	1521.1711545892304	434	THE
1521.1711545892304	1521.8161545892303	111	CRANBERRY
1521.8161545892303	1522.0921545892304	57	BOG
1522.0921545892304	1522.2681545892303	178	GETS
1522.2681545892303	1522.6671545892304	465	VERY
1522.6671545892304	1522.9841545892305	340	PRETTY
1522.9841545892305	1523.0871545892305	217	IN
1523.0871545892305	1523.6161545892305	40	AUTUMN
1523.6161545892305	1530.3053968253969	99999	sp
1530.3053968253969	1530.5113968253968	210	HOW
1530.5113968253968	1530.6003968253967	128	DO
1530.6003968253967	1531.159396825397	318	OYSTERS
1531.159396825397	1531.4413968253969	253	MAKE
1531.4413968253969	1531.9543968253968	320	PEARLS
1531.9543968253968	1539.3480272108843	99999	sp
1539.3480272108843	1539.5690272108843	257	MAY
1539.5690272108843	1539.6200272108845	211	I
1539.6200272108845	1539.8890272108843	304	ORDER
1539.8890272108843	1539.9780272108844	1	A
1539.9780272108844	1540.3290272108843	319	PARFAIT
1540.3290272108843	1540.7380272108844	10	AFTER
1540.7380272108844	1540.8270272108844	211	I
1540.8270272108844	1541.0090272108844	134	EAT
1541.0090272108844	1541.4660272108845	124	DINNER
1541.4660272108845	1547.699501133787	99999	sp
1547.699501133787	1547.891501133787	224	IS
1547.891501133787	1548.090501133787	375	SHE
1548.090501133787	1548.414501133787	187	GOING
1548.414501133787	1548.5865011337871	487	WITH
1548.5865011337871	1548.870501133787	495	YOU
1548.870501133787	1556.3110204081634	99999	sp
1556.3110204081634	1556.4820204081632	76	CAN
1556.4820204081632	1556.5620204081633	434	THE
1556.5620204081633	1557.0930204081633	11	AGENCY
1557.0930204081633	1557.5770204081632	315	OVERTHROW
1557.5770204081632	1557.9860204081633	13	ALIEN
1557.9860204081633	1558.7270204081633	162	FORCES
1558.7270204081633	1566.7612369281885	99999	sp
1566.7612369281885	1566.8572369281885	1	A
1566.8572369281885	1567.5872369281885	371	SCREWDRIVER
1567.5872369281885	1567.7612369281885	224	IS
1567.7612369281885	1568.0062369281884	252	MADE
1568.0062369281884	1568.2952369281886	166	FROM
1568.2952369281886	1568.7192369281886	469	VODKA
1568.7192369281886	1568.8832369281886	20	AND
1568.8832369281886	1569.2822369281885	303	ORANGE
1569.2822369281885	1569.7822369281885	230	JUICE
1569.7822369281885	1575.8836281179138	99999	sp
1575.8836281179138	1576.0466281179138	210	HOW
1576.0466281179138	1576.2516281179137	269	MUCH
1576.2516281179137	1576.8066281179135	16	ALLOWANCE
1576.8066281179135	1576.8646281179135	128	DO
1576.8646281179135	1577.0446281179136	495	YOU
1577.0446281179136	1577.3736281179135	177	GET
1577.3736281179135	1584.9191836734694	99999	sp
1584.9191836734694	1585.6251836734696	115	CYCLICAL
1585.6251836734696	1586.2161836734695	346	PROGRAMS
1586.2161836734695	1586.3431836734694	485	WILL
1586.3431836734694	1586.7221836734693	281	NEVER
1586.7221836734693	1587.3701836734695	100	COMPILE
1587.3701836734695	1595.4422675736962	99999	sp
1595.4422675736962	1595.5832675736963	434	THE
1595.5832675736963	1596.017267573696	61	BOSTON
1596.017267573696	1596.3762675736962	45	BALLET
1596.3762675736962	1597.055267573696	312	OVERCAME
1597.055267573696	1597.1942675736962	435	THEIR
1597.1942675736962	1597.6322675736963	170	FUNDING
1597.6322675736963	1598.2622675736961	380	SHORTAGE
1598.2622675736961	1605.6113378684806	99999	sp
1605.6113378684806	1605.9153378684807	145	EVERY
1605.9153378684807	1606.2243378684807	74	CAB
1606.2243378684807	1606.4713378684808	280	NEEDS
1606.4713378684808	1607.1233378684806	364	REPAINTING
1607.1233378684806	1607.7373378684806	296	OFTEN
1607.7373378684806	1614.7178231292517	99999	sp
1614.7178231292517	1615.0538231292514	203	HELP
1615.0538231292514	1615.3378231292515	196	GREG
1615.3378231292515	1615.5118231292515	446	TO
1615.5118231292515	1615.7308231292516	325	PICK
1615.7308231292516	1615.8708231292514	1	A
1615.8708231292514	1616.1008231292515	321	PECK
1616.1008231292515	1616.2498231292516	294	OF
1616.2498231292516	1616.9698231292516	338	POTATOES
1616.9698231292516	1624.6640714358966	99999	sp
1624.6640714358966	1624.8660714358966	476	WE
1624.8660714358966	1625.1900714358967	241	LIKE
1625.1900714358967	1625.4160714358966	55	BLUE
1625.4160714358966	1625.7030714358966	88	CHEESE
1625.7030714358966	1625.9140714358966	70	BUT
1625.9140714358966	1626.2920714358968	466	VICTOR
1626.2920714358968	1626.6620714358967	242	LIKES
1626.6620714358967	1627.0010714358966	64	BRIE
1627.0010714358966	1635.1586394557823	99999	sp
1635.1586394557823	1635.3746394557825	108	COUNT
1635.3746394557825	1635.4636394557824	434	THE
1635.4636394557824	1635.8126394557823	289	NUMBER
1635.8126394557823	1635.9786394557823	294	OF
1635.9786394557823	1636.5386394557822	429	TEASPOONS
1636.5386394557822	1636.6816394557823	294	OF
1636.6816394557823	1637.2926394557824	395	SOYSAUCE
1637.2926394557824	1637.3846394557822	433	THAT
1637.3846394557822	1637.5086394557825	495	YOU
1637.5086394557825	1637.9216394557823	7	ADD
1637.9216394557823	1645.6614965986394	99999	sp
1645.6614965986394	1646.2644965986394	44	BAGPIPES
1646.2644965986394	1646.4454965986395	20	AND
1646.4454965986395	1646.8964965986395	59	BONGOS
1646.8964965986395	1646.9924965986395	30	ARE
1646.9924965986395	1647.5614965986395	273	MUSICAL
1647.5614965986395	1648.3094965986395	220	INSTRUMENTS
1648.3094965986395	1654.5009523809524	99999	sp
1654.5009523809524	1654.8039523809525	210	HOW
1654.8039523809525	1654.9889523809525	189	GOOD
1654.9889523809525	1655.1379523809524	224	IS
1655.1379523809524	1655.2859523809525	496	YOUR
1655.2859523809525	1655.9959523809525	138	ENDURANCE
1655.9959523809525	1665.6946031746031	99999	sp
2168.3956462585033	2168.514646258503	30	ARE
2168.514646258503	2168.675646258503	496	YOUR
2168.675646258503	2168.9586462585034	192	GRADES
2168.9586462585034	2169.3176462585034	206	HIGHER
2169.3176462585034	2169.4826462585033	302	OR
2169.4826462585033	2169.7936462585035	251	LOWER
2169.7936462585035	2170.0026462585033	432	THAN
2170.0026462585033	2170.6546462585034	275	NANCY'S
2170.6546462585034	2178.6321995464855	99999	sp
2178.6321995464855	2178.8431995464853	375	SHE
2178.8431995464853	2179.0561995464855	490	WORE
2179.0561995464855	2179.470199546485	471	WARM
2179.470199546485	2180.0291995464854	158	FLEECY
2180.0291995464854	2180.4981995464855	489	WOOLEN
2180.4981995464855	2181.1961995464853	311	OVERALLS
2181.1961995464853	2188.7955555555554	99999	sp
2188.7955555555554	2189.1205555555553	354	READING
2189.1205555555553	2189.3515555555555	217	IN
2189.3515555555555	2189.6015555555555	335	POOR
2189.6015555555555	2189.9305555555557	240	LIGHT
2189.9305555555557	2190.1595555555555	181	GIVES
2190.1595555555555	2190.2915555555555	495	YOU
2190.2915555555555	2190.9975555555557	150	EYESTRAIN
2190.9975555555557	2198.158185941043	99999	sp
2198.158185941043	2198.466185941043	142	EVEN
2198.466185941043	2198.7781859410434	211	I
2198.7781859410434	2199.382185941043	293	OCCASIONALLY
2199.382185941043	2199.516185941043	177	GET
2199.516185941043	2199.591185941043	434	THE
2199.591185941043	2200.151185941043	265	MONDAY
2200.151185941043	2200.5141859410433	56	BLUES
2200.5141859410433	2207.1338775510203	99999	sp
2207.1338775510203	2207.25387755102	476	WE
2207.25387755102	2207.3388775510202	30	ARE
2207.3388775510202	2207.67787755102	301	OPEN
2207.67787755102	2208.0668775510203	145	EVERY
2208.0668775510203	2208.43387755102	265	MONDAY
2208.43387755102	2208.9148775510203	143	EVENING
2208.9148775510203	2216.4239455782313	99999	sp
2216.4239455782313	2216.6209455782314	226	IT'S
2216.6209455782314	2216.820945578231	285	NOT
2216.820945578231	2217.2149455782314	133	EASY
2217.2149455782314	2217.3689455782314	446	TO
2217.3689455782314	2217.6829455782313	113	CREATE
2217.6829455782313	2218.4179455782314	215	ILLUMINATING
2218.4179455782314	2218.9649455782314	146	EXAMPLES
2218.9649455782314	2226.2804535147393	99999	sp
2226.2804535147393	2226.5624535147394	270	MUM
2226.5624535147394	2227.1824535147393	407	STRONGLY
2227.1824535147393	2227.726453514739	126	DISLIKES
2227.726453514739	2228.594453514739	27	APPETIZERS
2228.594453514739	2236.50358276644	99999	sp
2236.50358276644	2236.76258276644	443	THOSE
2236.76258276644	2236.8865827664404	484	WHO
2236.8865827664404	2237.20158276644	427	TEACH
2237.20158276644	2237.7275827664403	462	VALUES
2237.7275827664403	2237.8245827664405	99999	sp
2237.8245827664405	2238.11258276644	156	FIRST
2238.11258276644	2238.69158276644	4	ABOLISH
2238.69158276644	2239.1385827664403	87	CHEATING
2239.1385827664403	2247.032931675593	99999	sp
2247.032931675593	2247.1309316755933	434	THE
2247.1309316755933	2247.549931675593	165	FRIGHTENED
2247.549931675593	2247.905931675593	89	CHILD
2247.905931675593	2248.142931675593	472	WAS
2248.142931675593	2248.477931675593	176	GENTLY
2248.477931675593	2248.9299316755933	410	SUBDUED
2248.9299316755933	2249.075931675593	73	BY
2249.075931675593	2249.240931675593	208	HIS
2249.240931675593	2249.414931675593	52	BIG
2249.414931675593	2249.4789316755932	99999	sp
2249.4789316755932	2249.903931675593	66	BROTHER
2249.903931675593	2257.768163265306	99999	sp
2257.768163265306	2258.024163265306	142	EVEN
2258.024163265306	2258.103163265306	1	A
2258.103163265306	2258.564163265306	383	SIMPLE
2258.564163265306	2259.390163265306	468	VOCABULARY
2259.390163265306	2259.931163265306	104	CONTAINS
2259.931163265306	2260.519163265306	422	SYMBOLS
2260.519163265306	2268.3625396825396	99999	sp
2268.3625396825396	2268.4885396825393	1	A
2268.4885396825393	2268.8275396825393	110	CRAB
2268.8275396825393	2269.3675396825392	85	CHALLENGED
2269.3675396825392	2269.5765396825395	258	ME
2269.5765396825395	2269.6495396825394	70	BUT
2269.6495396825394	2269.791539682539	1	A
2269.791539682539	2269.9595396825393	350	QUICK
2269.9595396825393	2270.5385396825395	402	STAB
2270.5385396825395	2271.0535396825394	464	VANQUISHED
2271.0535396825394	2271.224539682539	207	HIM
2271.224539682539	2280.163083900227	99999	sp
2280.163083900227	2280.777083900227	183	GLUCOSE
2280.777083900227	2280.9970839002267	20	AND
2280.9970839002267	2281.6290839002268	167	FRUCTOSE
2281.6290839002268	2281.777083900227	30	ARE
2281.777083900227	2282.214083900227	276	NATURAL
2282.214083900227	2282.8250839002267	414	SUGARS
2282.8250839002267	2283.107083900227	163	FOUND
2283.107083900227	2283.351083900227	217	IN
2283.351083900227	2283.661083900227	168	FRUIT
2283.661083900227	2290.3434920634922	99999	sp
2290.3434920634922	2290.471492063492	30	ARE
2290.471492063492	2290.6024920634923	495	YOU
2290.6024920634923	2290.983492063492	250	LOOKING
2290.983492063492	2291.244492063492	161	FOR
2291.244492063492	2292.042492063492	136	EMPLOYMENT
2292.042492063492	2300.792925170068	99999	sp
2300.792925170068	2301.154925170068	98	COFFEE
2301.154925170068	2301.306925170068	224	IS
2301.306925170068	2301.438925170068	198	GROWN
2301.438925170068	2301.5849251700683	297	ON
2301.5849251700683	2302.2119251700683	404	STEEP
2302.2119251700683	2302.3129251700684	99999	sp
2302.3129251700684	2302.661925170068	231	JUNGLE
2302.661925170068	2302.9309251700683	241	LIKE
2302.9309251700683	2303.4309251700683	390	SLOPES
2303.4309251700683	2303.599925170068	217	IN
2303.599925170068	2304.0289251700683	431	TEMPERATE
2304.0289251700683	2304.406925170068	497	ZONES
2304.406925170068	2311.561179138322	99999	sp
2311.561179138322	2311.706179138322	476	WE
2311.706179138322	2312.0761791383225	480	WELCOME
2312.0761791383225	2312.4331791383224	256	MANY
2312.4331791383224	2312.6141791383225	282	NEW
2312.6141791383225	2313.173179138322	408	STUDENTS
2313.173179138322	2313.5621791383223	132	EACH
2313.5621791383223	2313.8411791383223	491	YEAR
2313.8411791383223	2321.3908390022675	99999	sp
2321.3908390022675	2321.669839002267	298	ONLY
2321.669839002267	2321.866839002267	434	THE
2321.866839002267	2322.1098390022676	51	BEST
2322.1098390022676	2322.172839002267	99999	sp
2322.172839002267	2322.5488390022674	330	PLAYERS
2322.5488390022674	2322.8768390022674	139	ENJOY
2322.8768390022674	2322.910839002267	99999	sp
2322.910839002267	2323.7738390022673	336	POPULARITY
2323.7738390022673	2331.02358276644	99999	sp
2331.02358276644	2331.57458276644	75	CALCIUM
2331.57458276644	2331.9015827664402	254	MAKES
2331.9015827664402	2332.2035827664404	58	BONES
2332.2035827664404	2332.37458276644	20	AND
2332.37458276644	2332.63458276644	430	TEETH
2332.63458276644	2333.41658276644	406	STRONG
2333.41658276644	2340.654784580499	99999	sp
2340.654784580499	2341.0957845804987	286	NOTHING
2341.0957845804987	2341.221784580499	224	IS
2341.221784580499	2341.407784580499	34	AS
2341.407784580499	2341.9817845804987	295	OFFENSIVE
2341.9817845804987	2342.1717845804988	34	AS
2342.1717845804988	2343.0287845804987	219	INNOCENCE
2343.0287845804987	2350.9031292517006	99999	sp
2350.9031292517006	2351.3931292517004	405	STEVE
2351.3931292517004	2351.4981292517004	490	WORE
2351.4981292517004	2351.7291292517007	1	A
2351.7291292517007	2352.0221292517003	65	BRIGHT
2352.0221292517003	2352.3581292517006	356	RED
2352.3581292517006	2352.9501292517	78	CASHMERE
2352.9501292517	2353.4591292517002	420	SWEATER
2353.4591292517002	2361.329523809524	99999	sp
2361.329523809524	2361.6885238095238	46	BARB'S
2361.6885238095238	2361.971523809524	188	GOLD
2361.971523809524	2362.419523809524	63	BRACELET
2362.419523809524	2362.587523809524	472	WAS
2362.587523809524	2362.7085238095237	1	A
2362.7085238095237	2363.5185238095237	193	GRADUATION
2363.5185238095237	2364.015523809524	339	PRESENT
2364.015523809524	2372.5738775510204	99999	sp
2372.5738775510204	2372.8728775510203	130	DRAW
2372.8728775510203	2373.25287755102	145	EVERY
2373.25287755102	2373.56087755102	308	OUTER
2373.56087755102	2373.82987755102	244	LINE
2373.82987755102	2374.34987755102	156	FIRST
2374.34987755102	2374.5778775510203	99999	sp
2374.5778775510203	2374.9638775510202	436	THEN
2374.9638775510202	2375.13787755102	154	FILL
2375.13787755102	2375.25787755102	217	IN
2375.25787755102	2375.3978775510204	434	THE
2375.3978775510204	2376.08387755102	222	INTERIOR
2376.08387755102	2383.9855782312925	99999	sp
2383.9855782312925	2384.0785782312923	434	THE
2384.0785782312923	2384.416578231292	475	WATER
2384.416578231292	2384.8685782312923	103	CONTAINED
2384.8685782312923	2385.0075782312924	448	TOO
2385.0075782312924	2385.2635782312923	269	MUCH
2385.2635782312923	2385.6975782312925	90	CHLORINE
2385.6975782312925	2385.8575782312923	20	AND
2385.8575782312923	2386.2865782312924	409	STUNG
2386.2865782312924	2386.4645782312923	208	HIS
2386.4645782312923	2386.883578231292	149	EYES
2386.883578231292	2394.785124716553	99999	sp
2394.785124716553	2395.1251247165533	229	JOHN'S
2395.1251247165533	2395.1701247165533	99999	sp
2395.1701247165533	2395.484124716553	66	BROTHER
2395.484124716553	2396.1811247165533	363	REPAINTED
2396.1811247165533	2396.2911247165534	434	THE
2396.2911247165534	2396.7751247165534	173	GARAGE
2396.7751247165534	2396.8191247165532	99999	sp
2396.8191247165532	2397.1501247165534	129	DOOR
2397.1501247165534	2404.8595918367346	99999	sp
2404.8595918367346	2405.4985918367347	84	CHALLENGE
2405.4985918367347	2405.8505918367346	132	EACH
2405.8505918367346	2406.3755918367347	175	GENERAL'S
2406.3755918367347	2407.202591836735	221	INTELLIGENCE
2407.202591836735	2414.9719727891156	99999	sp
2414.9719727891156	2415.9099727891157	17	AMBIDEXTROUS
2415.9099727891157	2416.570972789116	327	PICKPOCKETS
2416.570972789116	2417.2289727891157	6	ACCOMPLISH
2417.2289727891157	2417.6279727891156	267	MORE
2417.6279727891156	2425.206621315193	99999	sp
2425.206621315193	2425.2836213151927	1	A
2425.2836213151927	2425.8926213151926	271	MUSCULAR
2425.8926213151926	2426.3616213151927	2	ABDOMEN
2426.3616213151927	2426.6626213151926	224	IS
2426.6626213151926	2426.8256213151926	189	GOOD
2426.8256213151926	2426.980621315193	161	FOR
2426.980621315193	2427.1986213151927	496	YOUR
2427.1986213151927	2427.5896213151927	43	BACK
2427.5896213151927	2435.8146031746032	99999	sp
2435.8146031746032	2435.9046031746034	438	THEY
2435.9046031746034	2436.1326031746034	317	OWN
2436.1326031746034	2436.3086031746034	1	A
2436.3086031746034	2436.546603174603	52	BIG
2436.546603174603	2436.9746031746035	209	HOUSE
2436.9746031746035	2437.1346031746034	217	IN
2437.1346031746034	2437.2146031746033	434	THE
2437.2146031746033	2437.6286031746035	361	REMOTE
2437.6286031746035	2438.401603174603	109	COUNTRYSIDE
2438.401603174603	2445.3950113378683	99999	sp
2445.3950113378683	2445.5560113378683	434	THE
2445.5560113378683	2445.836011337868	369	ROSE
2445.836011337868	2446.389011337868	106	CORSAGE
2446.389011337868	2446.7500113378683	393	SMELLED
2446.7500113378683	2447.198011337868	421	SWEET
2447.198011337868	2454.916767881941	99999	sp
2454.916767881941	2455.1837678819406	433	THAT
2455.1837678819406	2455.8737678819407	326	PICKPOCKET
2455.8737678819407	2456.124767881941	472	WAS
2456.124767881941	2456.3707678819405	80	CAUGHT
2456.3707678819405	2456.6407678819405	356	RED
2456.6407678819405	2457.204767881941	199	HANDED
2457.204767881941	2466.2580498866214	99999	sp
2466.2580498866214	2466.4930498866215	19	AN
2466.4930498866215	2466.8120498866215	9	ADULT
2466.8120498866215	2467.0350498866214	255	MALE
2467.0350498866214	2467.5840498866214	42	BABOON'S
2467.5840498866214	2467.8100498866215	430	TEETH
2467.8100498866215	2467.9990498866214	30	ARE
2467.9990498866214	2468.2900498866215	285	NOT
2468.2900498866215	2468.7080498866217	415	SUITABLE
2468.7080498866217	2468.8170498866216	161	FOR
2468.8170498866216	2469.0870498866216	135	EATING
2469.0870498866216	2469.8650498866214	376	SHELLFISH
2469.8650498866214	2478.2258503401363	99999	sp
2478.2258503401363	2478.517850340136	204	HER
2478.517850340136	2479.0478503401364	470	WARDROBE
2479.0478503401364	2479.664850340136	102	CONSISTS
2479.664850340136	2479.7748503401363	294	OF
2479.7748503401363	2480.0748503401364	298	ONLY
2480.0748503401364	2480.5328503401365	385	SKIRTS
2480.5328503401365	2480.7458503401363	20	AND
2480.7458503401363	2481.506850340136	54	BLOUSES
2481.506850340136	2489.6267573696146	99999	sp
2489.6267573696146	2489.7807573696145	434	THE
2489.7807573696145	2489.8807573696145	453	TWO
2489.8807573696145	2490.6277573696148	33	ARTISTS
2490.6277573696148	2491.3267573696144	147	EXCHANGED
2491.3267573696144	2492.2227573696146	39	AUTOGRAPHS
2492.2227573696146	2500.421859410431	99999	sp
2500.421859410431	2501.062859410431	71	BUTTERSCOTCH
2501.062859410431	2501.5058594104307	169	FUDGE
2501.5058594104307	2501.740859410431	186	GOES
2501.740859410431	2501.9568594104308	481	WELL
2501.9568594104308	2502.200859410431	487	WITH
2502.200859410431	2502.4588594104307	463	VANILLA
2502.4588594104307	2502.9538594104306	212	ICE
2502.9538594104306	2503.327859410431	112	CREAM
2503.327859410431	2511.208798185941	99999	sp
2511.208798185941	2511.5917981859407	366	RICH
2511.5917981859407	2512.1097981859407	349	PURCHASED
2512.1097981859407	2512.6287981859405	374	SEVERAL
2512.6287981859405	2513.0177981859406	382	SIGNED
2513.0177981859406	2513.8757981859408	245	LITHOGRAPHS
2513.8757981859408	2521.7196821929197	99999	sp
2521.7196821929197	2522.0226821929195	24	ANY
2522.0226821929195	2522.7506821929196	105	CONTRIBUTIONS
2522.7506821929196	2522.8506821929195	485	WILL
2522.8506821929195	2523.0166821929192	47	BE
2523.0166821929192	2523.3806821929193	195	GREATLY
2523.3806821929193	2524.2876821929194	28	APPRECIATED
2524.2876821929194	2531.7864736921592	99999	sp
2531.7864736921592	2531.9184736921593	434	THE
2531.9184736921593	2532.5484736921594	111	CRANBERRY
2532.5484736921594	2532.8304736921596	57	BOG
2532.8304736921596	2533.018473692159	178	GETS
2533.018473692159	2533.4524736921594	465	VERY
2533.4524736921594	2533.6984736921595	340	PRETTY
2533.6984736921595	2533.8484736921596	217	IN
2533.8484736921596	2534.3074736921594	40	AUTUMN
2534.3074736921594	2540.667664399093	99999	sp
2540.667664399093	2540.858664399093	210	HOW
2540.858664399093	2541.027664399093	128	DO
2541.027664399093	2541.520664399093	318	OYSTERS
2541.520664399093	2541.772664399093	253	MAKE
2541.772664399093	2542.326664399093	320	PEARLS
2542.326664399093	2549.6731065759636	99999	sp
2549.6731065759636	2549.9741065759636	257	MAY
2549.9741065759636	2550.0241065759633	211	I
2550.0241065759633	2550.3131065759635	304	ORDER
2550.3131065759635	2550.3981065759635	1	A
2550.3981065759635	2550.9591065759632	319	PARFAIT
2550.9591065759632	2551.2111065759636	10	AFTER
2551.2111065759636	2551.3311065759635	211	I
2551.3311065759635	2551.4911065759634	134	EAT
2551.4911065759634	2551.9491065759635	124	DINNER
2551.9491065759635	2558.1765079365077	99999	sp
2558.1765079365077	2558.3655079365076	224	IS
2558.3655079365076	2558.558507936508	375	SHE
2558.558507936508	2558.8255079365076	187	GOING
2558.8255079365076	2559.059507936508	487	WITH
2559.059507936508	2559.746507936508	495	YOU
2559.746507936508	2566.9061224489797	99999	sp
2566.9061224489797	2567.0701224489794	76	CAN
2567.0701224489794	2567.1491224489796	434	THE
2567.1491224489796	2567.75512244898	11	AGENCY
2567.75512244898	2568.3031224489796	315	OVERTHROW
2568.3031224489796	2568.7561224489796	13	ALIEN
2568.7561224489796	2569.4971224489796	162	FORCES
2569.4971224489796	2577.7854629012018	99999	sp
2577.7854629012018	2577.8854629012017	1	A
2577.8854629012017	2578.614462901202	371	SCREWDRIVER
2578.614462901202	2578.783462901202	224	IS
2578.783462901202	2579.013462901202	252	MADE
2579.013462901202	2579.3054629012017	166	FROM
2579.3054629012017	2579.679462901202	469	VODKA
2579.679462901202	2579.891462901202	20	AND
2579.891462901202	2580.320462901202	303	ORANGE
2580.320462901202	2580.803462901202	230	JUICE
2580.803462901202	2587.22	99999	sp
2587.22	2587.38	210	HOW
2587.38	2587.5969999999998	269	MUCH
2587.5969999999998	2588.125	16	ALLOWANCE
2588.125	2588.176	128	DO
2588.176	2588.335	495	YOU
2588.335	2588.7639999999997	177	GET
2588.7639999999997	2596.3766210685812	99999	sp
2596.3766210685812	2596.9391678004536	115	CYCLICAL
2596.9391678004536	2597.5531678004536	346	PROGRAMS
2597.5531678004536	2597.7161678004536	485	WILL
2597.7161678004536	2598.0861678004535	281	NEVER
2598.0861678004535	2598.7941678004536	100	COMPILE
2598.7941678004536	2606.110385487528	99999	sp
2606.110385487528	2606.2533854875282	434	THE
2606.2533854875282	2606.7113854875283	61	BOSTON
2606.7113854875283	2607.0783854875285	45	BALLET
2607.0783854875285	2607.7413854875285	312	OVERCAME
2607.7413854875285	2607.871385487528	435	THEIR
2607.871385487528	2608.3003854875283	170	FUNDING
2608.3003854875283	2608.9483854875284	380	SHORTAGE
2608.9483854875284	2616.467755102041	99999	sp
2616.467755102041	2616.829755102041	145	EVERY
2616.829755102041	2617.119755102041	74	CAB
2617.119755102041	2617.318755102041	280	NEEDS
2617.318755102041	2617.9577551020407	364	REPAINTING
2617.9577551020407	2618.501755102041	296	OFTEN
2618.501755102041	2625.745124716553	99999	sp
2625.745124716553	2626.073124716553	203	HELP
2626.073124716553	2626.370124716553	196	GREG
2626.370124716553	2626.532124716553	446	TO
2626.532124716553	2626.7441247165534	325	PICK
2626.7441247165534	2626.877124716553	1	A
2626.877124716553	2627.113124716553	321	PECK
2627.113124716553	2627.258124716553	294	OF
2627.258124716553	2628.053124716553	338	POTATOES
2628.053124716553	2635.319365079365	99999	sp
2635.319365079365	2635.568365079365	476	WE
2635.568365079365	2635.889365079365	241	LIKE
2635.889365079365	2636.087365079365	55	BLUE
2636.087365079365	2636.433365079365	88	CHEESE
2636.433365079365	2636.646365079365	70	BUT
2636.646365079365	2637.0053650793648	466	VICTOR
2637.0053650793648	2637.414365079365	242	LIKES
2637.414365079365	2637.8333650793647	64	BRIE
2637.8333650793647	2645.301768707483	99999	sp
2645.301768707483	2645.552768707483	108	COUNT
2645.552768707483	2645.641768707483	434	THE
2645.641768707483	2645.998768707483	289	NUMBER
2645.998768707483	2646.160768707483	294	OF
2646.160768707483	2646.726768707483	429	TEASPOONS
2646.726768707483	2646.857768707483	294	OF
2646.857768707483	2647.475768707483	395	SOYSAUCE
2647.475768707483	2647.6157687074833	433	THAT
2647.6157687074833	2647.757768707483	495	YOU
2647.757768707483	2648.181768707483	7	ADD
2648.181768707483	2656.0531519274377	99999	sp
2656.0531519274377	2656.6371519274376	44	BAGPIPES
2656.6371519274376	2656.9051519274376	20	AND
2656.9051519274376	2657.2361519274377	59	BONGOS
2657.2361519274377	2657.5151519274377	30	ARE
2657.5151519274377	2658.1241519274377	273	MUSICAL
2658.1241519274377	2658.9721519274376	220	INSTRUMENTS
2658.9721519274376	2665.5704308390023	99999	sp
2665.5704308390023	2665.928430839002	210	HOW
2665.928430839002	2666.113430839002	189	GOOD
2666.113430839002	2666.2624308390023	224	IS
2666.2624308390023	2666.353430839002	496	YOUR
2666.353430839002	2667.201430839002	138	ENDURANCE
2667.201430839002	2678.128798185941	99999	sp
