606.3949206349206	606.5069206349206	30	ARE
606.5069206349206	606.6269206349206	495	YOU
606.6269206349206	606.9879206349206	250	LOOKING
606.9879206349206	607.2249206349206	161	FOR
607.2249206349206	607.9239206349206	136	EMPLOYMENT
607.9239206349206	616.8199312332213	99999	sp
616.8199312332213	617.1079312332213	433	THAT
617.1079312332213	617.7109312332212	326	PICKPOCKET
617.7109312332212	617.9479312332212	472	WAS
617.9479312332212	618.2059312332212	80	CAUGHT
618.2059312332212	618.5049312332212	356	RED
618.5049312332212	619.1159312332212	199	HANDED
619.1159312332212	627.0689342403629	99999	sp
627.0689342403629	627.7509342403629	115	CYCLICAL
627.7509342403629	628.2959342403628	346	PROGRAMS
628.2959342403628	628.4329342403629	485	WILL
628.4329342403629	628.8209342403629	281	NEVER
628.8209342403629	629.5229342403629	100	COMPILE
629.5229342403629	638.2819954648526	99999	sp
638.2819954648526	639.2029954648526	17	AMBIDEXTROUS
639.2029954648526	640.0559954648526	327	PICKPOCKETS
640.0559954648526	640.8219954648525	6	ACCOMPLISH
640.8219954648525	641.1939954648526	267	MORE
641.1939954648526	658.0829931972789	99999	sp
658.0829931972789	658.3149931972789	298	ONLY
658.3149931972789	658.5409931972789	434	THE
658.5409931972789	658.870993197279	51	BEST
658.870993197279	659.2889931972788	330	PLAYERS
659.2889931972788	659.7209931972789	139	ENJOY
659.7209931972789	660.619993197279	336	POPULARITY
660.619993197279	668.4133333333333	99999	sp
668.4133333333333	668.5463333333333	438	THEY
668.5463333333333	668.7133333333334	317	OWN
668.7133333333334	668.9193333333333	1	A
668.9193333333333	669.1893333333333	52	BIG
669.1893333333333	669.5263333333332	209	HOUSE
669.5263333333332	669.6593333333333	217	IN
669.6593333333333	669.7273333333333	434	THE
669.7273333333333	670.1713333333333	361	REMOTE
670.1713333333333	670.9703333333333	109	COUNTRYSIDE
670.9703333333333	679.3796825396826	99999	sp
679.3796825396826	679.5856825396825	226	IT'S
679.5856825396825	679.7846825396825	285	NOT
679.7846825396825	680.1436825396825	133	EASY
680.1436825396825	680.2676825396825	446	TO
680.2676825396825	680.5556825396825	113	CREATE
680.5556825396825	681.3416825396826	215	ILLUMINATING
681.3416825396826	682.2036825396825	146	EXAMPLES
682.2036825396825	691.008798185941	99999	sp
691.008798185941	691.337798185941	354	READING
691.337798185941	691.538798185941	217	IN
691.538798185941	691.837798185941	335	POOR
691.837798185941	692.153798185941	240	LIGHT
692.153798185941	692.356798185941	181	GIVES
692.356798185941	692.494798185941	495	YOU
692.494798185941	693.284798185941	150	EYESTRAIN
693.284798185941	702.52764399081	99999	sp
702.52764399081	702.73464399081	443	THOSE
702.73464399081	702.88564399081	484	WHO
702.88564399081	703.22664399081	427	TEACH
703.22664399081	703.80264399081	462	VALUES
703.80264399081	704.14164399081	156	FIRST
704.14164399081	704.8806439908101	4	ABOLISH
704.8806439908101	705.33864399081	87	CHEATING
705.33864399081	714.5379591836735	99999	sp
714.5379591836735	714.8269591836735	142	EVEN
714.8269591836735	714.8769591836734	1	A
714.8769591836734	715.3249591836734	383	SIMPLE
715.3249591836734	716.2809591836734	468	VOCABULARY
716.2809591836734	716.7819591836735	104	CONTAINS
716.7819591836735	717.4789591836734	422	SYMBOLS
717.4789591836734	726.536507936508	99999	sp
726.536507936508	726.8315079365079	142	EVEN
726.8315079365079	727.151507936508	211	I
727.151507936508	727.812507936508	293	OCCASIONALLY
727.812507936508	727.9565079365079	177	GET
727.9565079365079	728.029507936508	434	THE
728.029507936508	728.541507936508	265	MONDAY
728.541507936508	729.073507936508	56	BLUES
729.073507936508	736.2938775510204	99999	sp
736.2938775510204	736.7978775510204	75	CALCIUM
736.7978775510204	737.1618775510204	254	MAKES
737.1618775510204	737.4758775510204	58	BONES
737.4758775510204	737.6648775510205	20	AND
737.6648775510205	737.9348775510205	430	TEETH
737.9348775510205	738.4738775510205	406	STRONG
738.4738775510205	747.8025396825396	99999	sp
747.8025396825396	747.8965396825396	476	WE
747.8965396825396	748.3035396825396	480	WELCOME
748.3035396825396	748.6825396825395	256	MANY
748.6825396825395	748.8445396825396	282	NEW
748.8445396825396	749.3785396825396	408	STUDENTS
749.3785396825396	749.7005396825396	132	EACH
749.7005396825396	750.0785396825396	491	YEAR
750.0785396825396	758.3631746031746	99999	sp
758.3631746031746	758.8611746031745	84	CHALLENGE
758.8611746031745	759.2101746031746	132	EACH
759.2101746031746	759.7741746031745	175	GENERAL'S
759.7741746031745	760.6471746031746	221	INTELLIGENCE
760.6471746031746	769.2565079365079	99999	sp
769.2565079365079	769.5795079365079	98	COFFEE
769.5795079365079	769.8375079365078	224	IS
769.8375079365078	770.0885079365079	198	GROWN
770.0885079365079	770.2385079365079	297	ON
770.2385079365079	770.7925079365078	404	STEEP
770.7925079365078	771.1365079365079	231	JUNGLE
771.1365079365079	771.4055079365079	241	LIKE
771.4055079365079	771.8745079365078	390	SLOPES
771.8745079365078	772.0585079365078	217	IN
772.0585079365078	772.5125079365079	431	TEMPERATE
772.5125079365079	773.0485079365078	497	ZONES
773.0485079365078	780.3190022675738	99999	sp
780.3190022675738	780.4310022675738	476	WE
780.4310022675738	780.5780022675738	30	ARE
780.5780022675738	781.0300022675738	301	OPEN
781.0300022675738	781.3790022675738	145	EVERY
781.3790022675738	781.7480022675738	265	MONDAY
781.7480022675738	782.3570022675738	143	EVENING
782.3570022675738	790.1472108843537	99999	sp
790.1472108843537	790.6812108843537	183	GLUCOSE
790.6812108843537	790.8262108843537	20	AND
790.8262108843537	791.4892108843537	167	FRUCTOSE
791.4892108843537	791.6712108843537	30	ARE
791.6712108843537	792.1282108843537	276	NATURAL
792.1282108843537	792.6972108843538	414	SUGARS
792.6972108843538	792.9952108843538	163	FOUND
792.9952108843538	793.1562108843538	217	IN
793.1562108843538	793.5552108843538	168	FRUIT
793.5552108843538	802.2673922902494	99999	sp
802.2673922902494	802.4313922902494	476	WE
802.4313922902494	802.8063922902494	241	LIKE
802.8063922902494	803.0593922902494	55	BLUE
803.0593922902494	803.6153922902495	88	CHEESE
803.6153922902495	803.8493922902494	70	BUT
803.8493922902494	804.2183922902494	466	VICTOR
804.2183922902494	804.6743922902494	242	LIKES
804.6743922902494	805.0363922902494	64	BRIE
805.0363922902494	813.9626303854875	99999	sp
813.9626303854875	814.0406303854875	434	THE
814.0406303854875	814.4006303854875	475	WATER
814.4006303854875	814.8896303854874	103	CONTAINED
814.8896303854874	815.0996303854874	448	TOO
815.0996303854874	815.3386303854875	269	MUCH
815.3386303854875	815.9066303854875	90	CHLORINE
815.9066303854875	816.0356303854875	20	AND
816.0356303854875	816.3326303854875	409	STUNG
816.3326303854875	816.5656303854875	208	HIS
816.5656303854875	817.0566303854874	149	EYES
817.0566303854874	826.3099319727891	99999	sp
826.3099319727891	826.7249319727891	229	JOHN'S
826.7249319727891	827.0979319727891	66	BROTHER
827.0979319727891	827.7259319727891	363	REPAINTED
827.7259319727891	827.863931972789	434	THE
827.863931972789	828.3989319727891	173	GARAGE
828.3989319727891	828.7409319727891	129	DOOR
828.7409319727891	837.4566893424036	99999	sp
837.4566893424036	837.6976893424036	210	HOW
837.6976893424036	837.9046893424036	128	DO
837.9046893424036	838.3736893424036	318	OYSTERS
838.3736893424036	838.7046893424035	253	MAKE
838.7046893424035	839.2526893424035	320	PEARLS
839.2526893424035	847.8552380952381	99999	sp
847.8552380952381	848.2622380952381	46	BARB'S
848.2622380952381	848.5652380952381	188	GOLD
848.5652380952381	849.2882380952381	63	BRACELET
849.2882380952381	849.4572380952382	472	WAS
849.4572380952382	849.578238095238	1	A
849.578238095238	850.356238095238	193	GRADUATION
850.356238095238	850.8642380952381	339	PRESENT
850.8642380952381	858.4774382998762	99999	sp
858.4774382998762	858.5984382998762	434	THE
858.5984382998762	859.3034382998762	111	CRANBERRY
859.3034382998762	859.6454382998761	57	BOG
859.6454382998761	859.8724382998762	178	GETS
859.8724382998762	860.2534382998762	465	VERY
860.2534382998762	860.4844382998762	340	PRETTY
860.4844382998762	860.6424382998762	217	IN
860.6424382998762	861.1324382998762	40	AUTUMN
861.1324382998762	869.2859863945578	99999	sp
869.2859863945578	869.4339863945578	434	THE
869.4339863945578	869.9129863945577	61	BOSTON
869.9129863945577	870.4229863945577	45	BALLET
870.4229863945577	871.0399863945578	312	OVERCAME
871.0399863945578	871.1569863945577	435	THEIR
871.1569863945577	871.8379863945578	170	FUNDING
871.8379863945578	872.5429863945578	380	SHORTAGE
872.5429863945578	880.6380952380953	99999	sp
880.6380952380953	880.8080952380952	210	HOW
880.8080952380952	881.0260952380952	269	MUCH
881.0260952380952	881.6110952380952	16	ALLOWANCE
881.6110952380952	881.6670952380953	128	DO
881.6670952380953	881.8640952380953	495	YOU
881.8640952380953	882.0870952380953	177	GET
882.0870952380953	890.9463038548753	99999	sp
890.9463038548753	891.3143038548753	145	EVERY
891.3143038548753	891.6673038548753	74	CAB
891.6673038548753	891.9773038548753	280	NEEDS
891.9773038548753	892.7153038548753	364	REPAINTING
892.7153038548753	893.3443038548753	296	OFTEN
893.3443038548753	901.7184432515827	99999	sp
901.7184432515827	901.8354432515828	434	THE
901.8354432515828	902.2154432515828	165	FRIGHTENED
902.2154432515828	902.6144432515828	89	CHILD
902.6144432515828	902.8634432515828	472	WAS
902.8634432515828	903.2314432515827	176	GENTLY
903.2314432515827	903.8304432515828	410	SUBDUED
903.8304432515828	903.9814432515827	73	BY
903.9814432515827	904.2204432515828	208	HIS
904.2204432515828	904.4824432515827	52	BIG
904.4824432515827	904.8984432515828	66	BROTHER
904.8984432515828	912.984122159228	99999	sp
912.984122159228	913.091122159228	1	A
913.091122159228	913.839122159228	371	SCREWDRIVER
913.839122159228	914.0191221592281	224	IS
914.0191221592281	914.2421221592281	252	MADE
914.2421221592281	914.5181221592281	166	FROM
914.5181221592281	914.937122159228	469	VODKA
914.937122159228	915.1751221592281	20	AND
915.1751221592281	915.5741221592281	303	ORANGE
915.5741221592281	916.244122159228	230	JUICE
916.244122159228	926.713	99999	sp
926.713	926.7969999999999	434	THE
926.7969999999999	927.213	369	ROSE
927.213	927.895	106	CORSAGE
927.895	928.2739999999999	393	SMELLED
928.2739999999999	928.732	421	SWEET
928.732	938.1434356842321	99999	sp
938.1434356842321	938.4781065759638	270	MUM
938.4781065759638	939.1171065759638	407	STRONGLY
939.1171065759638	939.7601065759638	126	DISLIKES
939.7601065759638	940.7051065759638	27	APPETIZERS
940.7051065759638	948.7403174603173	99999	sp
948.7403174603173	949.1263174603174	366	RICH
949.1263174603174	949.7613174603174	349	PURCHASED
949.7613174603174	950.4383174603174	88888	SEVAL
950.4383174603174	951.0883174603174	374	SEVERAL
951.0883174603174	951.6263174603174	382	SIGNED
951.6263174603174	952.5303174603174	245	LITHOGRAPHS
952.5303174603174	961.3949206349206	99999	sp
961.3949206349206	961.5289206349206	434	THE
961.5289206349206	961.8679206349207	453	TWO
961.8679206349207	962.3589206349207	33	ARTISTS
962.3589206349207	963.2289206349205	147	EXCHANGED
963.2289206349205	964.0649206349206	39	AUTOGRAPHS
964.0649206349206	972.8746485260771	99999	sp
972.8746485260771	972.977648526077	1	A
972.977648526077	973.603648526077	271	MUSCULAR
973.603648526077	974.1006485260771	2	ABDOMEN
974.1006485260771	974.3306485260771	224	IS
974.3306485260771	974.4826485260771	189	GOOD
974.4826485260771	974.6346485260771	161	FOR
974.6346485260771	974.8936485260771	496	YOUR
974.8936485260771	975.322648526077	43	BACK
975.322648526077	983.4013605442177	99999	sp
983.4013605442177	983.8603605442177	405	STEVE
983.8603605442177	984.1493605442176	490	WORE
984.1493605442176	984.2713605442177	1	A
984.2713605442177	984.6203605442176	65	BRIGHT
984.6203605442176	984.9463605442177	356	RED
984.9463605442177	985.5763605442177	78	CASHMERE
985.5763605442177	986.1453605442177	420	SWEATER
986.1453605442177	994.695328798186	99999	sp
994.695328798186	994.929328798186	108	COUNT
994.929328798186	995.015328798186	434	THE
995.015328798186	995.463328798186	289	NUMBER
995.463328798186	995.637328798186	294	OF
995.637328798186	996.212328798186	429	TEASPOONS
996.212328798186	996.3213287981861	294	OF
996.3213287981861	997.043328798186	395	SOYSAUCE
997.043328798186	997.1963287981861	433	THAT
997.1963287981861	997.373328798186	495	YOU
997.373328798186	997.7103287981861	7	ADD
997.7103287981861	1005.5227210884352	99999	sp
1005.5227210884352	1005.7377210884353	257	MAY
1005.7377210884353	1005.7737210884352	211	I
1005.7737210884352	1006.0837210884353	304	ORDER
1006.0837210884353	1006.1697210884353	1	A
1006.1697210884353	1006.6967210884352	319	PARFAIT
1006.6967210884352	1007.0407210884352	10	AFTER
1007.0407210884352	1007.1107210884352	211	I
1007.1107210884352	1007.3377210884353	134	EAT
1007.3377210884353	1007.7787210884353	124	DINNER
1007.7787210884353	1016.5749659863945	99999	sp
1016.5749659863945	1016.7179659863946	1	A
1016.7179659863946	1017.0989659863945	110	CRAB
1017.0989659863945	1017.6359659863946	85	CHALLENGED
1017.6359659863946	1018.0839659863946	258	ME
1018.0839659863946	1018.1839659863946	70	BUT
1018.1839659863946	1018.3119659863945	1	A
1018.3119659863945	1018.5329659863945	350	QUICK
1018.5329659863945	1019.0929659863946	402	STAB
1019.0929659863946	1019.6299659863945	464	VANQUISHED
1019.6299659863945	1019.8899659863945	207	HIM
1019.8899659863945	1026.1756916099773	99999	sp
1026.1756916099773	1026.3206916099775	224	IS
1026.3206916099775	1026.5456916099774	375	SHE
1026.5456916099774	1026.8916916099774	187	GOING
1026.8916916099774	1027.0586916099774	487	WITH
1027.0586916099774	1027.3916916099774	495	YOU
1027.3916916099774	1036.114739229025	99999	sp
1036.114739229025	1036.297739229025	204	HER
1036.297739229025	1036.900739229025	470	WARDROBE
1036.900739229025	1037.365739229025	102	CONSISTS
1037.365739229025	1037.4657392290248	294	OF
1037.4657392290248	1037.7947392290248	298	ONLY
1037.7947392290248	1038.2537392290249	385	SKIRTS
1038.2537392290249	1038.496739229025	20	AND
1038.496739229025	1039.173739229025	54	BLOUSES
1039.173739229025	1047.2722902494331	99999	sp
1047.2722902494331	1047.4552902494331	76	CAN
1047.4552902494331	1047.6062902494332	434	THE
1047.6062902494332	1048.0932902494333	11	AGENCY
1048.0932902494333	1048.7042902494331	315	OVERTHROW
1048.7042902494331	1049.1282902494331	13	ALIEN
1049.1282902494331	1049.7792902494332	162	FORCES
1049.7792902494332	1056.2592290249434	99999	sp
1056.2592290249434	1056.6572290249433	203	HELP
1056.6572290249433	1057.0002290249433	196	GREG
1057.0002290249433	1057.1262290249433	446	TO
1057.1262290249433	1057.3502290249435	325	PICK
1057.3502290249435	1057.4862290249434	1	A
1057.4862290249434	1057.9192290249434	88888	PACK
1057.9192290249434	1058.2972290249434	321	PECK
1058.2972290249434	1058.5592290249433	294	OF
1058.5592290249433	1058.7782290249434	99999	sp
1058.7782290249434	1059.7142290249435	338	POTATOES
1059.7142290249435	1069.1326984126983	99999	sp
1069.1326984126983	1069.4466984126984	210	HOW
1069.4466984126984	1069.6196984126984	189	GOOD
1069.6196984126984	1069.7696984126983	224	IS
1069.7696984126983	1069.9096984126984	496	YOUR
1069.9096984126984	1070.6716984126983	138	ENDURANCE
1070.6716984126983	1079.1475736961452	99999	sp
1079.1475736961452	1079.2645736961451	19	AN
1079.2645736961451	1079.7235736961452	9	ADULT
1079.7235736961452	1080.1245736961453	255	MALE
1080.1245736961453	1080.7065736961451	42	BABOON'S
1080.7065736961451	1081.0775736961452	430	TEETH
1081.0775736961452	1081.2105736961453	30	ARE
1081.2105736961453	1081.4565736961451	285	NOT
1081.4565736961451	1081.8855736961452	415	SUITABLE
1081.8855736961452	1082.064573696145	161	FOR
1082.064573696145	1082.3175736961452	135	EATING
1082.3175736961452	1083.0715736961452	376	SHELLFISH
1083.0715736961452	1090.732879818594	99999	sp
1090.732879818594	1091.124879818594	286	NOTHING
1091.124879818594	1091.311879818594	224	IS
1091.311879818594	1091.518879818594	34	AS
1091.518879818594	1092.2288798185941	295	OFFENSIVE
1092.2288798185941	1092.457879818594	34	AS
1092.457879818594	1093.205879818594	219	INNOCENCE
1093.205879818594	1101.4926984126985	99999	sp
1101.4926984126985	1101.8006984126985	130	DRAW
1101.8006984126985	1102.1196984126984	145	EVERY
1102.1196984126984	1102.4686984126984	308	OUTER
1102.4686984126984	1102.7256984126984	244	LINE
1102.7256984126984	1103.5426984126984	156	FIRST
1103.5426984126984	1103.7956984126984	436	THEN
1103.7956984126984	1103.8956984126985	154	FILL
1103.8956984126985	1104.0046984126984	217	IN
1104.0046984126984	1104.1576984126984	434	THE
1104.1576984126984	1104.9426984126985	222	INTERIOR
1104.9426984126985	1113.637732426304	99999	sp
1113.637732426304	1114.287732426304	44	BAGPIPES
1114.287732426304	1114.517732426304	20	AND
1114.517732426304	1115.113732426304	59	BONGOS
1115.113732426304	1115.225732426304	30	ARE
1115.225732426304	1115.763732426304	273	MUSICAL
1115.763732426304	1116.531732426304	220	INSTRUMENTS
1116.531732426304	1124.9668934240362	99999	sp
1124.9668934240362	1125.2168934240362	375	SHE
1125.2168934240362	1125.3968934240363	490	WORE
1125.3968934240363	1125.8858934240363	471	WARM
1125.8858934240363	1126.6858934240363	158	FLEECY
1126.6858934240363	1127.2038934240363	489	WOOLEN
1127.2038934240363	1127.9518934240364	311	OVERALLS
1127.9518934240364	1136.2945464482757	99999	sp
1136.2945464482757	1136.5705464482758	24	ANY
1136.5705464482758	1137.4255464482758	105	CONTRIBUTIONS
1137.4255464482758	1137.5145464482757	485	WILL
1137.5145464482757	1137.6805464482757	47	BE
1137.6805464482757	1138.0645464482757	195	GREATLY
1138.0645464482757	1138.9225464482756	28	APPRECIATED
1138.9225464482756	1145.8590476190477	99999	sp
1145.8590476190477	1146.5750476190478	71	BUTTERSCOTCH
1146.5750476190478	1146.9730476190477	169	FUDGE
1146.9730476190477	1147.2260476190477	186	GOES
1147.2260476190477	1147.4340476190478	481	WELL
1147.4340476190478	1147.6590476190477	487	WITH
1147.6590476190477	1148.0090476190478	463	VANILLA
1148.0090476190478	1148.3700476190477	212	ICE
1148.3700476190477	1148.6830476190478	112	CREAM
1148.6830476190478	1159.56126984127	99999	sp
1665.6946031746031	1665.8326031746033	30	ARE
1665.8326031746033	1665.965603174603	495	YOU
1665.965603174603	1666.3436031746032	250	LOOKING
1666.3436031746032	1666.5726031746033	161	FOR
1666.5726031746033	1667.2316031746032	136	EMPLOYMENT
1667.2316031746032	1675.1016298169125	99999	sp
1675.1016298169125	1675.3576298169123	433	THAT
1675.3576298169123	1675.9526298169123	326	PICKPOCKET
1675.9526298169123	1676.1756298169123	472	WAS
1676.1756298169123	1676.5356298169124	80	CAUGHT
1676.5356298169124	1676.7456298169125	356	RED
1676.7456298169125	1677.3216298169123	199	HANDED
1677.3216298169123	1685.0801814058957	99999	sp
1685.0801814058957	1685.7861814058958	115	CYCLICAL
1685.7861814058958	1686.3771814058957	346	PROGRAMS
1686.3771814058957	1686.5041814058957	485	WILL
1686.5041814058957	1686.8831814058956	281	NEVER
1686.8831814058956	1687.5311814058957	100	COMPILE
1687.5311814058957	1695.0686621315192	99999	sp
1695.0686621315192	1695.9276621315194	17	AMBIDEXTROUS
1695.9276621315194	1696.5686621315192	327	PICKPOCKETS
1696.5686621315192	1697.2176621315193	6	ACCOMPLISH
1697.2176621315193	1697.5366621315193	267	MORE
1697.5366621315193	1704.650612244898	99999	sp
1704.650612244898	1704.724612244898	30	ARE
1704.724612244898	1704.9246122448978	496	YOUR
1704.9246122448978	1705.152612244898	192	GRADES
1705.152612244898	1705.5696122448978	206	HIGHER
1705.5696122448978	1705.718612244898	302	OR
1705.718612244898	1706.032612244898	251	LOWER
1706.032612244898	1706.2316122448979	432	THAN
1706.2316122448979	1706.907612244898	275	NANCY'S
1706.907612244898	1714.5069387755102	99999	sp
1714.5069387755102	1714.72393877551	298	ONLY
1714.72393877551	1714.9239387755101	434	THE
1714.9239387755101	1715.2739387755103	51	BEST
1715.2739387755103	1715.6019387755102	330	PLAYERS
1715.6019387755102	1715.9809387755101	139	ENJOY
1715.9809387755101	1716.8299387755103	336	POPULARITY
1716.8299387755103	1724.4755555555555	99999	sp
1724.4755555555555	1724.5725555555555	438	THEY
1724.5725555555555	1724.7565555555557	317	OWN
1724.7565555555557	1724.8925555555556	1	A
1724.8925555555556	1725.1165555555556	52	BIG
1725.1165555555556	1725.4655555555555	209	HOUSE
1725.4655555555555	1725.5945555555556	217	IN
1725.5945555555556	1725.6545555555556	434	THE
1725.6545555555556	1726.0295555555556	361	REMOTE
1726.0295555555556	1726.8025555555555	109	COUNTRYSIDE
1726.8025555555555	1733.7962811791383	99999	sp
1733.7962811791383	1734.244663016232	99999	sp
1734.244663016232	1734.4156448922483	226	ITS
1734.4156448922483	1734.6037249558665	285	NOT
1734.6037249558665	1734.9043680878622	133	EASY
1734.9043680878622	1735.0252811791383	446	TO
1735.0252811791383	1735.3642811791383	113	CREATE
1735.3642811791383	1736.0112811791382	215	ILLUMINATING
1736.0112811791382	1736.8152811791383	146	EXAMPLES
1736.8152811791383	1744.8111564625851	99999	sp
1744.8111564625851	1745.013156462585	354	READING
1745.013156462585	1745.241156462585	217	IN
1745.241156462585	1745.299156462585	99999	sp
1745.299156462585	1745.543156462585	335	POOR
1745.543156462585	1745.8121564625849	240	LIGHT
1745.8121564625849	1746.020156462585	181	GIVES
1746.020156462585	1746.121156462585	495	YOU
1746.121156462585	1746.828156462585	150	EYESTRAIN
1746.828156462585	1754.3150113378686	99999	sp
1754.3150113378686	1754.5280113378685	443	THOSE
1754.5280113378685	1754.6660113378684	484	WHO
1754.6660113378684	1754.9180113378684	427	TEACH
1754.9180113378684	1755.4770113378686	462	VALUES
1755.4770113378686	1755.8420113378684	156	FIRST
1755.8420113378684	1756.4320113378685	4	ABOLISH
1756.4320113378685	1756.9030113378685	87	CHEATING
1756.9030113378685	1764.7271655328798	99999	sp
1764.7271655328798	1764.95116553288	142	EVEN
1764.95116553288	1765.03016553288	1	A
1765.03016553288	1765.4881655328797	383	SIMPLE
1765.4881655328797	1766.3801655328798	468	VOCABULARY
1766.3801655328798	1766.85516553288	104	CONTAINS
1766.85516553288	1767.5251655328798	422	SYMBOLS
1767.5251655328798	1776.033469387755	99999	sp
1776.033469387755	1776.3074693877552	142	EVEN
1776.3074693877552	1776.5094693877552	211	I
1776.5094693877552	1777.2104693877552	293	OCCASIONALLY
1777.2104693877552	1777.3424693877553	177	GET
1777.3424693877553	1777.4134693877552	434	THE
1777.4134693877552	1777.8914693877553	265	MONDAY
1777.8914693877553	1778.2864693877552	56	BLUES
1778.2864693877552	1784.9375056689341	99999	sp
1784.9375056689341	1785.4035056689343	75	CALCIUM
1785.4035056689343	1785.7095056689343	254	MAKES
1785.7095056689343	1785.9825056689342	58	BONES
1785.9825056689342	1786.1325056689343	20	AND
1786.1325056689343	1786.3905056689343	430	TEETH
1786.3905056689343	1786.8795056689341	406	STRONG
1786.8795056689341	1795.324716553288	99999	sp
1795.324716553288	1795.388716553288	476	WE
1795.388716553288	1795.797716553288	480	WELCOME
1795.797716553288	1796.081716553288	256	MANY
1796.081716553288	1796.247716553288	282	NEW
1796.247716553288	1796.745716553288	408	STUDENTS
1796.745716553288	1797.045716553288	132	EACH
1797.045716553288	1797.3757165532882	491	YEAR
1797.3757165532882	1805.0471655328797	99999	sp
1805.0471655328797	1805.5401655328797	84	CHALLENGE
1805.5401655328797	1805.9491655328795	132	EACH
1805.9491655328795	1806.4081655328796	175	GENERAL'S
1806.4081655328796	1807.3071655328797	221	INTELLIGENCE
1807.3071655328797	1814.9807709750567	99999	sp
1814.9807709750567	1815.2887709750567	98	COFFEE
1815.2887709750567	1815.4997709750567	224	IS
1815.4997709750567	1815.6877709750568	198	GROWN
1815.6877709750568	1815.8167709750567	297	ON
1815.8167709750567	1816.2587709750567	404	STEEP
1816.2587709750567	1816.6457709750568	231	JUNGLE
1816.6457709750568	1816.8637709750567	241	LIKE
1816.8637709750567	1817.4467709750568	390	SLOPES
1817.4467709750568	1817.6617709750567	217	IN
1817.6617709750567	1818.0427709750568	431	TEMPERATE
1818.0427709750568	1818.5777709750566	497	ZONES
1818.5777709750566	1825.7757823129252	99999	sp
1825.7757823129252	1825.8507823129253	476	WE
1825.8507823129253	1825.9667823129253	30	ARE
1825.9667823129253	1826.3327823129252	301	OPEN
1826.3327823129252	1826.6647823129254	145	EVERY
1826.6647823129254	1827.0587823129251	265	MONDAY
1827.0587823129251	1827.5827823129252	143	EVENING
1827.5827823129252	1835.332335600907	99999	sp
1835.332335600907	1835.919335600907	183	GLUCOSE
1835.919335600907	1836.137335600907	20	AND
1836.137335600907	1836.734335600907	167	FRUCTOSE
1836.734335600907	1836.905335600907	30	ARE
1836.905335600907	1837.334335600907	276	NATURAL
1837.334335600907	1837.873335600907	414	SUGARS
1837.873335600907	1838.202335600907	163	FOUND
1838.202335600907	1838.333335600907	217	IN
1838.333335600907	1838.721335600907	168	FRUIT
1838.721335600907	1846.3801712091395	99999	sp
1846.3801712091395	1846.5821712091395	476	WE
1846.5821712091395	1846.9061712091395	241	LIKE
1846.9061712091395	1847.1321712091394	55	BLUE
1847.1321712091394	1847.4191712091394	88	CHEESE
1847.4191712091394	1847.6301712091395	70	BUT
1847.6301712091395	1848.0081712091396	466	VICTOR
1848.0081712091396	1848.3781712091395	242	LIKES
1848.3781712091395	1848.7171712091395	64	BRIE
1848.7171712091395	1856.8403628117915	99999	sp
1856.8403628117915	1856.8973628117915	434	THE
1856.8973628117915	1857.2663628117916	475	WATER
1857.2663628117916	1857.6883628117914	103	CONTAINED
1857.6883628117914	1857.8333628117916	448	TOO
1857.8333628117916	1858.1213628117914	269	MUCH
1858.1213628117914	1858.6693628117914	90	CHLORINE
1858.6693628117914	1858.8433628117914	20	AND
1858.8433628117914	1859.1823628117916	409	STUNG
1859.1823628117916	1859.3623628117916	208	HIS
1859.3623628117916	1859.8473628117915	149	EYES
1859.8473628117915	1868.4239455782313	99999	sp
1868.4239455782313	1868.8319455782314	229	JOHN'S
1868.8319455782314	1869.1699455782314	66	BROTHER
1869.1699455782314	1869.7839455782314	363	REPAINTED
1869.7839455782314	1869.9179455782314	434	THE
1869.9179455782314	1870.4209455782313	173	GARAGE
1870.4209455782313	1870.7469455782314	129	DOOR
1870.7469455782314	1878.590113378685	99999	sp
1878.590113378685	1878.7961133786848	210	HOW
1878.7961133786848	1878.8851133786848	128	DO
1878.8851133786848	1879.444113378685	318	OYSTERS
1879.444113378685	1879.7261133786849	253	MAKE
1879.7261133786849	1880.2391133786848	320	PEARLS
1880.2391133786848	1887.7627210884355	99999	sp
1887.7627210884355	1888.1247210884355	46	BARB'S
1888.1247210884355	1888.4157210884355	188	GOLD
1888.4157210884355	1889.0027210884355	63	BRACELET
1889.0027210884355	1889.2017210884355	472	WAS
1889.2017210884355	1889.3317210884354	1	A
1889.3317210884354	1890.1287210884354	193	GRADUATION
1890.1287210884354	1890.5997210884354	339	PRESENT
1890.5997210884354	1897.818508330727	99999	sp
1897.818508330727	1897.9355083307269	434	THE
1897.9355083307269	1898.5805083307268	111	CRANBERRY
1898.5805083307268	1898.856508330727	57	BOG
1898.856508330727	1899.0325083307268	178	GETS
1899.0325083307268	1899.431508330727	465	VERY
1899.431508330727	1899.748508330727	340	PRETTY
1899.748508330727	1899.851508330727	217	IN
1899.851508330727	1900.380508330727	40	AUTUMN
1900.380508330727	1908.237551020408	99999	sp
1908.237551020408	1908.3785510204082	434	THE
1908.3785510204082	1908.812551020408	61	BOSTON
1908.812551020408	1909.171551020408	45	BALLET
1909.171551020408	1909.850551020408	312	OVERCAME
1909.850551020408	1909.989551020408	435	THEIR
1909.989551020408	1910.4275510204081	170	FUNDING
1910.4275510204081	1911.057551020408	380	SHORTAGE
1911.057551020408	1918.1566439909298	99999	sp
1918.1566439909298	1918.3196439909298	210	HOW
1918.3196439909298	1918.5246439909297	269	MUCH
1918.5246439909297	1919.0796439909295	16	ALLOWANCE
1919.0796439909295	1919.1376439909295	128	DO
1919.1376439909295	1919.3176439909296	495	YOU
1919.3176439909296	1919.6466439909295	177	GET
1919.6466439909295	1927.3196371882086	99999	sp
1927.3196371882086	1927.6236371882087	145	EVERY
1927.6236371882087	1927.9326371882087	74	CAB
1927.9326371882087	1928.1796371882087	280	NEEDS
1928.1796371882087	1928.8316371882086	364	REPAINTING
1928.8316371882086	1929.4456371882086	296	OFTEN
1929.4456371882086	1936.161946150888	99999	sp
1936.161946150888	1936.232946150888	434	THE
1936.232946150888	1936.661946150888	165	FRIGHTENED
1936.661946150888	1937.030946150888	89	CHILD
1937.030946150888	1937.231946150888	472	WAS
1937.231946150888	1937.539946150888	176	GENTLY
1937.539946150888	1938.061946150888	410	SUBDUED
1938.061946150888	1938.187946150888	73	BY
1938.187946150888	1938.336946150888	208	HIS
1938.336946150888	1938.647946150888	52	BIG
1938.647946150888	1938.995946150888	66	BROTHER
1938.995946150888	1946.2644568828368	99999	sp
1946.2644568828368	1946.3604568828368	1	A
1946.3604568828368	1947.0904568828369	371	SCREWDRIVER
1947.0904568828369	1947.2644568828368	224	IS
1947.2644568828368	1947.5094568828367	252	MADE
1947.5094568828367	1947.798456882837	166	FROM
1947.798456882837	1948.222456882837	469	VODKA
1948.222456882837	1948.386456882837	20	AND
1948.386456882837	1948.7854568828368	303	ORANGE
1948.7854568828368	1949.2854568828368	230	JUICE
1949.2854568828368	1957.9065759637188	99999	sp
1957.9065759637188	1957.985575963719	434	THE
1957.985575963719	1958.3685759637187	369	ROSE
1958.3685759637187	1958.9335759637188	106	CORSAGE
1958.9335759637188	1959.2715759637188	393	SMELLED
1959.2715759637188	1959.7015759637188	421	SWEET
1959.7015759637188	1968.166530612245	99999	sp
1968.166530612245	1968.450530612245	270	MUM
1968.450530612245	1969.055530612245	407	STRONGLY
1969.055530612245	1969.567530612245	126	DISLIKES
1969.567530612245	1970.531530612245	27	APPETIZERS
1970.531530612245	1978.514195011338	99999	sp
1978.514195011338	1978.838195011338	366	RICH
1978.838195011338	1979.388195011338	349	PURCHASED
1979.388195011338	1979.8811950113381	374	SEVERAL
1979.8811950113381	1980.235195011338	382	SIGNED
1980.235195011338	1981.054195011338	245	LITHOGRAPHS
1981.054195011338	1989.2176870748299	99999	sp
1989.2176870748299	1989.3626870748299	434	THE
1989.3626870748299	1989.6256870748298	453	TWO
1989.6256870748298	1990.31268707483	33	ARTISTS
1990.31268707483	1991.05068707483	147	EXCHANGED
1991.05068707483	1991.83968707483	39	AUTOGRAPHS
1991.83968707483	1999.552925170068	99999	sp
1999.552925170068	1999.638925170068	1	A
1999.638925170068	2000.243925170068	271	MUSCULAR
2000.243925170068	2000.704925170068	2	ABDOMEN
2000.704925170068	2000.922925170068	224	IS
2000.922925170068	2001.074925170068	189	GOOD
2001.074925170068	2001.228925170068	161	FOR
2001.228925170068	2001.457925170068	496	YOUR
2001.457925170068	2001.817925170068	43	BACK
2001.817925170068	2009.6821768707482	99999	sp
2009.6821768707482	2010.1411768707483	405	STEVE
2010.1411768707483	2010.3141768707483	490	WORE
2010.3141768707483	2010.4381768707483	1	A
2010.4381768707483	2010.6791768707483	65	BRIGHT
2010.6791768707483	2010.9591768707483	356	RED
2010.9591768707483	2011.5081768707482	78	CASHMERE
2011.5081768707482	2011.9871768707483	420	SWEATER
2011.9871768707483	2019.7218140589569	99999	sp
2019.7218140589569	2019.937814058957	108	COUNT
2019.937814058957	2020.026814058957	434	THE
2020.026814058957	2020.3758140589568	289	NUMBER
2020.3758140589568	2020.5418140589568	294	OF
2020.5418140589568	2021.1018140589567	429	TEASPOONS
2021.1018140589567	2021.2448140589568	294	OF
2021.2448140589568	2021.8558140589569	395	SOYSAUCE
2021.8558140589569	2021.9478140589567	433	THAT
2021.9478140589567	2022.071814058957	495	YOU
2022.071814058957	2022.4848140589568	7	ADD
2022.4848140589568	2029.0562358276643	99999	sp
2029.0562358276643	2029.2772358276643	257	MAY
2029.2772358276643	2029.3282358276645	211	I
2029.3282358276645	2029.5972358276642	304	ORDER
2029.5972358276642	2029.6862358276644	1	A
2029.6862358276644	2030.0372358276643	319	PARFAIT
2030.0372358276643	2030.4462358276644	10	AFTER
2030.4462358276644	2030.5352358276643	211	I
2030.5352358276643	2030.7172358276644	134	EAT
2030.7172358276644	2031.1742358276645	124	DINNER
2031.1742358276645	2038.4998639455782	99999	sp
2038.4998639455782	2038.6158639455782	1	A
2038.6158639455782	2038.9848639455781	110	CRAB
2038.9848639455781	2039.5018639455782	85	CHALLENGED
2039.5018639455782	2039.661863945578	258	ME
2039.661863945578	2039.7708639455782	70	BUT
2039.7708639455782	2039.890863945578	1	A
2039.890863945578	2040.110863945578	350	QUICK
2040.110863945578	2040.5678639455782	402	STAB
2040.5678639455782	2041.0678639455782	464	VANQUISHED
2041.0678639455782	2041.390863945578	207	HIM
2041.390863945578	2047.6204988662132	99999	sp
2047.6204988662132	2047.8124988662132	224	IS
2047.8124988662132	2048.0114988662135	375	SHE
2048.0114988662135	2048.335498866213	187	GOING
2048.335498866213	2048.5074988662136	487	WITH
2048.5074988662136	2048.7914988662133	495	YOU
2048.7914988662133	2056.4195918367345	99999	sp
2056.4195918367345	2056.6565918367346	204	HER
2056.6565918367346	2057.195591836735	470	WARDROBE
2057.195591836735	2057.6745918367346	102	CONSISTS
2057.6745918367346	2057.793591836735	294	OF
2057.793591836735	2058.0765918367347	298	ONLY
2058.0765918367347	2058.5625918367346	385	SKIRTS
2058.5625918367346	2058.7655918367345	20	AND
2058.7655918367345	2059.3935918367347	54	BLOUSES
2059.3935918367347	2067.2803628117913	99999	sp
2067.2803628117913	2067.451362811791	76	CAN
2067.451362811791	2067.531362811791	434	THE
2067.531362811791	2068.062362811791	11	AGENCY
2068.062362811791	2068.5463628117914	315	OVERTHROW
2068.5463628117914	2068.955362811791	13	ALIEN
2068.955362811791	2069.696362811791	162	FORCES
2069.696362811791	2075.760634920635	99999	sp
2075.760634920635	2076.0966349206346	203	HELP
2076.0966349206346	2076.3806349206347	196	GREG
2076.3806349206347	2076.5546349206347	446	TO
2076.5546349206347	2076.773634920635	325	PICK
2076.773634920635	2076.9136349206346	1	A
2076.9136349206346	2077.1436349206347	321	PECK
2077.1436349206347	2077.2926349206346	294	OF
2077.2926349206346	2078.012634920635	338	POTATOES
2078.012634920635	2085.137596371882	99999	sp
2085.137596371882	2085.440596371882	210	HOW
2085.440596371882	2085.6255963718822	189	GOOD
2085.6255963718822	2085.7745963718817	224	IS
2085.7745963718817	2085.922596371882	496	YOUR
2085.922596371882	2086.632596371882	138	ENDURANCE
2086.632596371882	2094.9149206349207	99999	sp
2094.9149206349207	2095.0259206349206	19	AN
2095.0259206349206	2095.4739206349204	9	ADULT
2095.4739206349204	2095.7389206349208	255	MALE
2095.7389206349208	2096.2939206349206	42	BABOON'S
2096.2939206349206	2096.5009206349205	430	TEETH
2096.5009206349205	2096.6709206349205	30	ARE
2096.6709206349205	2096.9299206349206	285	NOT
2096.9299206349206	2097.3589206349207	415	SUITABLE
2097.3589206349207	2097.497920634921	161	FOR
2097.497920634921	2097.8479206349207	135	EATING
2097.8479206349207	2098.6169206349205	376	SHELLFISH
2098.6169206349205	2105.619410430839	99999	sp
2105.619410430839	2105.9694104308387	286	NOTHING
2105.9694104308387	2106.099410430839	224	IS
2106.099410430839	2106.2684104308387	34	AS
2106.2684104308387	2106.807410430839	295	OFFENSIVE
2106.807410430839	2106.9984104308387	34	AS
2106.9984104308387	2107.825410430839	219	INNOCENCE
2107.825410430839	2115.086984126984	99999	sp
2115.086984126984	2115.356984126984	130	DRAW
2115.356984126984	2115.671984126984	145	EVERY
2115.671984126984	2115.9949841269845	308	OUTER
2115.9949841269845	2116.227984126984	244	LINE
2116.227984126984	2116.732984126984	156	FIRST
2116.732984126984	2116.938984126984	99999	sp
2116.938984126984	2117.133984126984	436	THEN
2117.133984126984	2117.374984126984	154	FILL
2117.374984126984	2117.481984126984	217	IN
2117.481984126984	2117.6509841269844	434	THE
2117.6509841269844	2118.289984126984	222	INTERIOR
2118.289984126984	2125.7140136054422	99999	sp
2125.7140136054422	2126.3170136054423	44	BAGPIPES
2126.3170136054423	2126.4980136054423	20	AND
2126.4980136054423	2126.9490136054424	59	BONGOS
2126.9490136054424	2127.0450136054424	30	ARE
2127.0450136054424	2127.6140136054423	273	MUSICAL
2127.6140136054423	2128.3620136054424	220	INSTRUMENTS
2128.3620136054424	2136.0533333333333	99999	sp
2136.0533333333333	2136.2683333333334	375	SHE
2136.2683333333334	2136.4773333333333	490	WORE
2136.4773333333333	2136.8663333333334	471	WARM
2136.8663333333334	2137.5133333333333	158	FLEECY
2137.5133333333333	2137.914333333333	489	WOOLEN
2137.914333333333	2138.668333333333	311	OVERALLS
2138.668333333333	2146.3927579643664	99999	sp
2146.3927579643664	2146.5877579643666	24	ANY
2146.5877579643666	2147.5417579643663	105	CONTRIBUTIONS
2147.5417579643663	2147.6297579643665	485	WILL
2147.6297579643665	2147.7947579643665	47	BE
2147.7947579643665	2148.1687579643667	195	GREATLY
2148.1687579643667	2148.9567579643663	28	APPRECIATED
2148.9567579643663	2155.3961904761904	99999	sp
2155.3961904761904	2156.0291904761903	71	BUTTERSCOTCH
2156.0291904761903	2156.4241904761902	169	FUDGE
2156.4241904761902	2156.73219047619	186	GOES
2156.73219047619	2156.8931904761903	481	WELL
2156.8931904761903	2157.13819047619	487	WITH
2157.13819047619	2157.47319047619	463	VANILLA
2157.47319047619	2157.8261904761903	212	ICE
2157.8261904761903	2158.16519047619	112	CREAM
2158.16519047619	2168.3956462585033	99999	sp
2678.128798185941	2678.2567981859406	30	ARE
2678.2567981859406	2678.387798185941	495	YOU
2678.387798185941	2678.768798185941	250	LOOKING
2678.768798185941	2679.0297981859408	161	FOR
2679.0297981859408	2679.8277981859405	136	EMPLOYMENT
2679.8277981859405	2688.0715978139137	99999	sp
2688.0715978139137	2688.3385978139136	433	THAT
2688.3385978139136	2689.0285978139136	326	PICKPOCKET
2689.0285978139136	2689.279597813914	472	WAS
2689.279597813914	2689.5255978139135	80	CAUGHT
2689.5255978139135	2689.7955978139134	356	RED
2689.7955978139134	2690.3595978139138	199	HANDED
2690.3595978139138	2697.6331972789117	99999	sp
2697.6331972789117	2698.326197278912	115	CYCLICAL
2698.326197278912	2698.940197278912	346	PROGRAMS
2698.940197278912	2699.103197278912	485	WILL
2699.103197278912	2699.473197278912	281	NEVER
2699.473197278912	2700.181197278912	100	COMPILE
2700.181197278912	2707.6392743764172	99999	sp
2707.6392743764172	2708.5772743764173	17	AMBIDEXTROUS
2708.5772743764173	2709.2382743764174	327	PICKPOCKETS
2709.2382743764174	2709.8962743764173	6	ACCOMPLISH
2709.8962743764173	2710.295274376417	267	MORE
2710.295274376417	2717.728253968254	99999	sp
2717.728253968254	2717.847253968254	30	ARE
2717.847253968254	2718.008253968254	496	YOUR
2718.008253968254	2718.2912539682543	192	GRADES
2718.2912539682543	2718.650253968254	206	HIGHER
2718.650253968254	2718.815253968254	302	OR
2718.815253968254	2719.1262539682543	251	LOWER
2719.1262539682543	2719.335253968254	432	THAN
2719.335253968254	2719.987253968254	275	NANCY'S
2719.987253968254	2727.721632653061	99999	sp
2727.721632653061	2728.0006326530606	298	ONLY
2728.0006326530606	2728.1976326530607	434	THE
2728.1976326530607	2728.440632653061	51	BEST
2728.440632653061	2728.503632653061	99999	sp
2728.503632653061	2728.879632653061	330	PLAYERS
2728.879632653061	2729.207632653061	139	ENJOY
2729.207632653061	2729.2416326530606	99999	sp
2729.2416326530606	2730.104632653061	336	POPULARITY
2730.104632653061	2737.882358276644	99999	sp
2737.882358276644	2737.972358276644	438	THEY
2737.972358276644	2738.2003582766442	317	OWN
2738.2003582766442	2738.376358276644	1	A
2738.376358276644	2738.614358276644	52	BIG
2738.614358276644	2739.0423582766443	209	HOUSE
2739.0423582766443	2739.202358276644	217	IN
2739.202358276644	2739.282358276644	434	THE
2739.282358276644	2739.6963582766443	361	REMOTE
2739.6963582766443	2740.469358276644	109	COUNTRYSIDE
2740.469358276644	2748.3483900226756	99999	sp
2748.3483900226756	2748.5453900226757	226	IT'S
2748.5453900226757	2748.7453900226756	285	NOT
2748.7453900226756	2749.139390022676	133	EASY
2749.139390022676	2749.293390022676	446	TO
2749.293390022676	2749.6073900226756	113	CREATE
2749.6073900226756	2750.3423900226758	215	ILLUMINATING
2750.3423900226758	2750.889390022676	146	EXAMPLES
2750.889390022676	2759.3195464852606	99999	sp
2759.3195464852606	2759.6445464852604	354	READING
2759.6445464852604	2759.8755464852607	217	IN
2759.8755464852607	2760.1255464852607	335	POOR
2760.1255464852607	2760.454546485261	240	LIGHT
2760.454546485261	2760.6835464852606	181	GIVES
2760.6835464852606	2760.8155464852607	495	YOU
2760.8155464852607	2761.521546485261	150	EYESTRAIN
2761.521546485261	2769.565351473923	99999	sp
2769.565351473923	2769.824351473923	443	THOSE
2769.824351473923	2769.948351473923	484	WHO
2769.948351473923	2770.2633514739227	427	TEACH
2770.2633514739227	2770.789351473923	462	VALUES
2770.789351473923	2770.8863514739232	99999	sp
2770.8863514739232	2771.174351473923	156	FIRST
2771.174351473923	2771.753351473923	4	ABOLISH
2771.753351473923	2772.200351473923	87	CHEATING
2772.200351473923	2780.4314739229026	99999	sp
2780.4314739229026	2780.6874739229024	142	EVEN
2780.6874739229024	2780.7664739229026	1	A
2780.7664739229026	2781.2274739229024	383	SIMPLE
2781.2274739229024	2782.0534739229024	468	VOCABULARY
2782.0534739229024	2782.5944739229026	104	CONTAINS
2782.5944739229026	2783.1824739229023	422	SYMBOLS
2783.1824739229023	2791.4520634920636	99999	sp
2791.4520634920636	2791.7600634920636	142	EVEN
2791.7600634920636	2792.072063492064	211	I
2792.072063492064	2792.676063492064	293	OCCASIONALLY
2792.676063492064	2792.810063492064	177	GET
2792.810063492064	2792.8850634920636	434	THE
2792.8850634920636	2793.4450634920636	265	MONDAY
2793.4450634920636	2793.808063492064	56	BLUES
2793.808063492064	2800.139501133787	99999	sp
2800.139501133787	2800.6905011337867	75	CALCIUM
2800.6905011337867	2801.017501133787	254	MAKES
2801.017501133787	2801.319501133787	58	BONES
2801.319501133787	2801.490501133787	20	AND
2801.490501133787	2801.7505011337867	430	TEETH
2801.7505011337867	2802.532501133787	406	STRONG
2802.532501133787	2811.0833560090705	99999	sp
2811.0833560090705	2811.2283560090705	476	WE
2811.2283560090705	2811.598356009071	480	WELCOME
2811.598356009071	2811.955356009071	256	MANY
2811.955356009071	2812.136356009071	282	NEW
2812.136356009071	2812.6953560090706	408	STUDENTS
2812.6953560090706	2813.0843560090707	132	EACH
2813.0843560090707	2813.3633560090707	491	YEAR
2813.3633560090707	2821.333424036281	99999	sp
2821.333424036281	2821.972424036281	84	CHALLENGE
2821.972424036281	2822.324424036281	132	EACH
2822.324424036281	2822.849424036281	175	GENERAL'S
2822.849424036281	2823.6764240362813	221	INTELLIGENCE
2823.6764240362813	2831.4639455782312	99999	sp
2831.4639455782312	2831.8259455782313	98	COFFEE
2831.8259455782313	2831.9779455782314	224	IS
2831.9779455782314	2832.1099455782314	198	GROWN
2832.1099455782314	2832.2559455782316	297	ON
2832.2559455782316	2832.8829455782316	404	STEEP
2832.8829455782316	2832.9839455782317	99999	sp
2832.9839455782317	2833.3329455782314	231	JUNGLE
2833.3329455782314	2833.6019455782316	241	LIKE
2833.6019455782316	2834.1019455782316	390	SLOPES
2834.1019455782316	2834.2709455782315	217	IN
2834.2709455782315	2834.6999455782316	431	TEMPERATE
2834.6999455782316	2835.0779455782313	497	ZONES
2835.0779455782313	2842.2303854875286	99999	sp
2842.2303854875286	2842.3503854875285	476	WE
2842.3503854875285	2842.4353854875285	30	ARE
2842.4353854875285	2842.7743854875284	301	OPEN
2842.7743854875284	2843.1633854875286	145	EVERY
2843.1633854875286	2843.5303854875283	265	MONDAY
2843.5303854875283	2844.0113854875285	143	EVENING
2844.0113854875285	2851.4761904761904	99999	sp
2851.4761904761904	2852.0901904761904	183	GLUCOSE
2852.0901904761904	2852.31019047619	20	AND
2852.31019047619	2852.9421904761903	167	FRUCTOSE
2852.9421904761903	2853.0901904761904	30	ARE
2853.0901904761904	2853.5271904761903	276	NATURAL
2853.5271904761903	2854.13819047619	414	SUGARS
2854.13819047619	2854.4201904761903	163	FOUND
2854.4201904761903	2854.6641904761905	217	IN
2854.6641904761905	2854.9741904761904	168	FRUIT
2854.9741904761904	2862.6019047619047	99999	sp
2862.6019047619047	2862.8509047619045	476	WE
2862.8509047619045	2863.1719047619044	241	LIKE
2863.1719047619044	2863.3699047619048	55	BLUE
2863.3699047619048	2863.7159047619048	88	CHEESE
2863.7159047619048	2863.9289047619045	70	BUT
2863.9289047619045	2864.2879047619044	466	VICTOR
2864.2879047619044	2864.6969047619045	242	LIKES
2864.6969047619045	2865.1159047619044	64	BRIE
2865.1159047619044	2872.9003174603176	99999	sp
2872.9003174603176	2872.9933174603175	434	THE
2872.9933174603175	2873.331317460317	475	WATER
2873.331317460317	2873.7833174603174	103	CONTAINED
2873.7833174603174	2873.9223174603176	448	TOO
2873.9223174603176	2874.1783174603174	269	MUCH
2874.1783174603174	2874.6123174603176	90	CHLORINE
2874.6123174603176	2874.7723174603175	20	AND
2874.7723174603175	2875.2013174603176	409	STUNG
2875.2013174603176	2875.3793174603175	208	HIS
2875.3793174603175	2875.7983174603173	149	EYES
2875.7983174603173	2884.860408163265	99999	sp
2884.860408163265	2885.2004081632654	229	JOHN'S
2885.2004081632654	2885.2454081632654	99999	sp
2885.2454081632654	2885.5594081632653	66	BROTHER
2885.5594081632653	2886.2564081632654	363	REPAINTED
2886.2564081632654	2886.3664081632655	434	THE
2886.3664081632655	2886.8504081632655	173	GARAGE
2886.8504081632655	2886.8944081632653	99999	sp
2886.8944081632653	2887.2254081632655	129	DOOR
2887.2254081632655	2895.4007256235827	99999	sp
2895.4007256235827	2895.5917256235825	210	HOW
2895.5917256235825	2895.7607256235824	128	DO
2895.7607256235824	2896.253725623583	318	OYSTERS
2896.253725623583	2896.5057256235827	253	MAKE
2896.5057256235827	2897.0597256235824	320	PEARLS
2897.0597256235824	2904.5807709750566	99999	sp
2904.5807709750566	2904.9397709750565	46	BARB'S
2904.9397709750565	2905.222770975057	188	GOLD
2905.222770975057	2905.6707709750567	63	BRACELET
2905.6707709750567	2905.838770975057	472	WAS
2905.838770975057	2905.9597709750565	1	A
2905.9597709750565	2906.7697709750564	193	GRADUATION
2906.7697709750564	2907.2667709750567	339	PRESENT
2907.2667709750567	2914.186745801003	99999	sp
2914.186745801003	2914.318745801003	434	THE
2914.318745801003	2914.948745801003	111	CRANBERRY
2914.948745801003	2915.230745801003	57	BOG
2915.230745801003	2915.418745801003	178	GETS
2915.418745801003	2915.852745801003	465	VERY
2915.852745801003	2916.098745801003	340	PRETTY
2916.098745801003	2916.248745801003	217	IN
2916.248745801003	2916.707745801003	40	AUTUMN
2916.707745801003	2923.9150113378687	99999	sp
2923.9150113378687	2924.0580113378687	434	THE
2924.0580113378687	2924.516011337869	61	BOSTON
2924.516011337869	2924.883011337869	45	BALLET
2924.883011337869	2925.546011337869	312	OVERCAME
2925.546011337869	2925.6760113378687	435	THEIR
2925.6760113378687	2926.1050113378687	170	FUNDING
2926.1050113378687	2926.753011337869	380	SHORTAGE
2926.753011337869	2933.963	99999	sp
2933.963	2934.1230000000005	210	HOW
2934.1230000000005	2934.34	269	MUCH
2934.34	2934.8680000000004	16	ALLOWANCE
2934.8680000000004	2934.9190000000003	128	DO
2934.9190000000003	2935.0780000000004	495	YOU
2935.0780000000004	2935.507	177	GET
2935.507	2943.5040947473112	99999	sp
2943.5040947473112	2943.872204081633	145	EVERY
2943.872204081633	2944.162204081633	74	CAB
2944.162204081633	2944.361204081633	280	NEEDS
2944.361204081633	2945.0002040816325	364	REPAINTING
2945.0002040816325	2945.544204081633	296	OFTEN
2945.544204081633	2952.411797888745	99999	sp
2952.411797888745	2952.509797888745	434	THE
2952.509797888745	2952.928797888745	165	FRIGHTENED
2952.928797888745	2953.284797888745	89	CHILD
2953.284797888745	2953.521797888745	472	WAS
2953.521797888745	2953.856797888745	176	GENTLY
2953.856797888745	2954.308797888745	410	SUBDUED
2954.308797888745	2954.454797888745	73	BY
2954.454797888745	2954.619797888745	208	HIS
2954.619797888745	2954.793797888745	52	BIG
2954.793797888745	2954.857797888745	99999	sp
2954.857797888745	2955.282797888745	66	BROTHER
2955.282797888745	2962.5764833093654	99999	sp
2962.5764833093654	2962.6764833093653	1	A
2962.6764833093653	2963.4054833093655	371	SCREWDRIVER
2963.4054833093655	2963.5744833093654	224	IS
2963.5744833093654	2963.8044833093654	252	MADE
2963.8044833093654	2964.0964833093653	166	FROM
2964.0964833093653	2964.4704833093656	469	VODKA
2964.4704833093656	2964.6824833093656	20	AND
2964.6824833093656	2965.1114833093657	303	ORANGE
2965.1114833093657	2965.5944833093654	230	JUICE
2965.5944833093654	2974.1162811791382	99999	sp
2974.1162811791382	2974.2772811791383	434	THE
2974.2772811791383	2974.557281179138	369	ROSE
2974.557281179138	2975.110281179138	106	CORSAGE
2975.110281179138	2975.4712811791383	393	SMELLED
2975.4712811791383	2975.919281179138	421	SWEET
2975.919281179138	2984.533514739229	99999	sp
2984.533514739229	2984.815514739229	270	MUM
2984.815514739229	2985.435514739229	407	STRONGLY
2985.435514739229	2985.9795147392288	126	DISLIKES
2985.9795147392288	2986.8475147392287	27	APPETIZERS
2986.8475147392287	2994.924263038549	99999	sp
2994.924263038549	2995.3072630385486	366	RICH
2995.3072630385486	2995.8252630385487	349	PURCHASED
2995.8252630385487	2996.3442630385484	374	SEVERAL
2996.3442630385484	2996.7332630385486	382	SIGNED
2996.7332630385486	2997.5912630385487	245	LITHOGRAPHS
2997.5912630385487	3005.744580498866	99999	sp
3005.744580498866	3005.898580498866	434	THE
3005.898580498866	3005.998580498866	453	TWO
3005.998580498866	3006.7455804988663	33	ARTISTS
3006.7455804988663	3007.444580498866	147	EXCHANGED
3007.444580498866	3008.340580498866	39	AUTOGRAPHS
3008.340580498866	3015.8078911564626	99999	sp
3015.8078911564626	3015.8848911564623	1	A
3015.8848911564623	3016.4938911564623	271	MUSCULAR
3016.4938911564623	3016.9628911564623	2	ABDOMEN
3016.9628911564623	3017.2638911564623	224	IS
3017.2638911564623	3017.4268911564623	189	GOOD
3017.4268911564623	3017.5818911564625	161	FOR
3017.5818911564625	3017.7998911564623	496	YOUR
3017.7998911564623	3018.1908911564624	43	BACK
3018.1908911564624	3025.829387755102	99999	sp
3025.829387755102	3026.3193877551016	405	STEVE
3026.3193877551016	3026.4243877551016	490	WORE
3026.4243877551016	3026.655387755102	1	A
3026.655387755102	3026.9483877551015	65	BRIGHT
3026.9483877551015	3027.2843877551018	356	RED
3027.2843877551018	3027.8763877551014	78	CASHMERE
3027.8763877551014	3028.3853877551014	420	SWEATER
3028.3853877551014	3035.570612244898	99999	sp
3035.570612244898	3035.821612244898	108	COUNT
3035.821612244898	3035.910612244898	434	THE
3035.910612244898	3036.267612244898	289	NUMBER
3036.267612244898	3036.4296122448977	294	OF
3036.4296122448977	3036.995612244898	429	TEASPOONS
3036.995612244898	3037.126612244898	294	OF
3037.126612244898	3037.744612244898	395	SOYSAUCE
3037.744612244898	3037.884612244898	433	THAT
3037.884612244898	3038.026612244898	495	YOU
3038.026612244898	3038.450612244898	7	ADD
3038.450612244898	3044.6691156462584	99999	sp
3044.6691156462584	3044.9701156462584	257	MAY
3044.9701156462584	3045.020115646258	211	I
3045.020115646258	3045.3091156462583	304	ORDER
3045.3091156462583	3045.3941156462583	1	A
3045.3941156462583	3045.955115646258	319	PARFAIT
3045.955115646258	3046.2071156462584	10	AFTER
3046.2071156462584	3046.3271156462583	211	I
3046.3271156462583	3046.487115646258	134	EAT
3046.487115646258	3046.9451156462583	124	DINNER
3046.9451156462583	3054.491700680272	99999	sp
3054.491700680272	3054.617700680272	1	A
3054.617700680272	3054.9567006802718	110	CRAB
3054.9567006802718	3055.4967006802717	85	CHALLENGED
3055.4967006802717	3055.705700680272	258	ME
3055.705700680272	3055.778700680272	70	BUT
3055.778700680272	3055.9207006802717	1	A
3055.9207006802717	3056.088700680272	350	QUICK
3056.088700680272	3056.667700680272	402	STAB
3056.667700680272	3057.182700680272	464	VANQUISHED
3057.182700680272	3057.3537006802717	207	HIM
3057.3537006802717	3063.338775510204	99999	sp
3063.338775510204	3063.527775510204	224	IS
3063.527775510204	3063.720775510204	375	SHE
3063.720775510204	3063.987775510204	187	GOING
3063.987775510204	3064.221775510204	487	WITH
3064.221775510204	3064.908775510204	495	YOU
3064.908775510204	3072.2855328798187	99999	sp
3072.2855328798187	3072.5775328798186	204	HER
3072.5775328798186	3073.107532879819	470	WARDROBE
3073.107532879819	3073.7245328798185	102	CONSISTS
3073.7245328798185	3073.8345328798187	294	OF
3073.8345328798187	3074.134532879819	298	ONLY
3074.134532879819	3074.592532879819	385	SKIRTS
3074.592532879819	3074.8055328798187	20	AND
3074.8055328798187	3075.5665328798186	54	BLOUSES
3075.5665328798186	3084.764716553288	99999	sp
3084.764716553288	3084.928716553288	76	CAN
3084.928716553288	3085.007716553288	434	THE
3085.007716553288	3085.613716553288	11	AGENCY
3085.613716553288	3086.161716553288	315	OVERTHROW
3086.161716553288	3086.614716553288	13	ALIEN
3086.614716553288	3087.355716553288	162	FORCES
3087.355716553288	3093.770068027211	99999	sp
3093.770068027211	3094.098068027211	203	HELP
3094.098068027211	3094.395068027211	196	GREG
3094.395068027211	3094.557068027211	446	TO
3094.557068027211	3094.7690680272112	325	PICK
3094.7690680272112	3094.902068027211	1	A
3094.902068027211	3095.138068027211	321	PECK
3095.138068027211	3095.283068027211	294	OF
3095.283068027211	3096.078068027211	338	POTATOES
3096.078068027211	3103.0731972789117	99999	sp
3103.0731972789117	3103.4311972789114	210	HOW
3103.4311972789114	3103.6161972789114	189	GOOD
3103.6161972789114	3103.7651972789117	224	IS
3103.7651972789117	3103.8561972789116	496	YOUR
3103.8561972789116	3104.7041972789116	138	ENDURANCE
3104.7041972789116	3112.6813605442176	99999	sp
3112.6813605442176	3112.9163605442177	19	AN
3112.9163605442177	3113.2353605442177	9	ADULT
3113.2353605442177	3113.4583605442176	255	MALE
3113.4583605442176	3114.0073605442176	42	BABOON'S
3114.0073605442176	3114.2333605442177	430	TEETH
3114.2333605442177	3114.4223605442176	30	ARE
3114.4223605442176	3114.7133605442177	285	NOT
3114.7133605442177	3115.131360544218	415	SUITABLE
3115.131360544218	3115.2403605442178	161	FOR
3115.2403605442178	3115.5103605442177	135	EATING
3115.5103605442177	3116.2883605442175	376	SHELLFISH
3116.2883605442175	3123.047074829932	99999	sp
3123.047074829932	3123.488074829932	286	NOTHING
3123.488074829932	3123.614074829932	224	IS
3123.614074829932	3123.8000748299323	34	AS
3123.8000748299323	3124.374074829932	295	OFFENSIVE
3124.374074829932	3124.564074829932	34	AS
3124.564074829932	3125.421074829932	219	INNOCENCE
3125.421074829932	3133.031836734694	99999	sp
3133.031836734694	3133.330836734694	130	DRAW
3133.330836734694	3133.7108367346937	145	EVERY
3133.7108367346937	3134.0188367346937	308	OUTER
3134.0188367346937	3134.287836734694	244	LINE
3134.287836734694	3134.807836734694	156	FIRST
3134.807836734694	3135.035836734694	99999	sp
3135.035836734694	3135.421836734694	436	THEN
3135.421836734694	3135.595836734694	154	FILL
3135.595836734694	3135.7158367346938	217	IN
3135.7158367346938	3135.855836734694	434	THE
3135.855836734694	3136.541836734694	222	INTERIOR
3136.541836734694	3143.784036281179	99999	sp
3143.784036281179	3144.368036281179	44	BAGPIPES
3144.368036281179	3144.636036281179	20	AND
3144.636036281179	3144.967036281179	59	BONGOS
3144.967036281179	3145.246036281179	30	ARE
3145.246036281179	3145.855036281179	273	MUSICAL
3145.855036281179	3146.703036281179	220	INSTRUMENTS
3146.703036281179	3154.509841269841	99999	sp
3154.509841269841	3154.720841269841	375	SHE
3154.720841269841	3154.933841269841	490	WORE
3154.933841269841	3155.347841269841	471	WARM
3155.347841269841	3155.906841269841	158	FLEECY
3155.906841269841	3156.375841269841	489	WOOLEN
3156.375841269841	3157.073841269841	311	OVERALLS
3157.073841269841	3165.009478111287	99999	sp
3165.009478111287	3165.312478111287	24	ANY
3165.312478111287	3166.040478111287	105	CONTRIBUTIONS
3166.040478111287	3166.140478111287	485	WILL
3166.140478111287	3166.3064781112867	47	BE
3166.3064781112867	3166.6704781112867	195	GREATLY
3166.6704781112867	3167.577478111287	28	APPRECIATED
3167.577478111287	3174.001814058957	99999	sp
3174.001814058957	3174.642814058957	71	BUTTERSCOTCH
3174.642814058957	3175.0858140589567	169	FUDGE
3175.0858140589567	3175.320814058957	186	GOES
3175.320814058957	3175.5368140589567	481	WELL
3175.5368140589567	3175.780814058957	487	WITH
3175.780814058957	3176.0388140589566	463	VANILLA
3176.0388140589566	3176.5338140589565	212	ICE
3176.5338140589565	3176.907814058957	112	CREAM
3176.907814058957	3195.950022675737	99999	sp
