21.632375	21.873882394382193	375	SHE
21.873882394382193	22.103882394382193	490	WORE
22.103882394382193	22.42908091683708	471	WARM
22.42908091683708	22.873882394382193	158	FLEECY
22.873882394382193	23.322985253704687	489	WOOLEN
23.322985253704687	23.993882394382194	311	OVERALLS
23.993882394382194	31.2475625	99999	sp
31.2475625	31.52387961753397	354	READING
31.52387961753397	31.64436758739738	217	IN
31.64436758739738	31.755730669809886	434	THE
31.755730669809886	31.757278778941135	99999	sp
31.757278778941135	31.99387961753397	335	POOR
31.99387961753397	32.25891441319935	240	LIGHT
32.25891441319935	32.45387961753397	181	GIVES
32.45387961753397	32.572083554760844	495	YOU
32.572083554760844	33.183879617533975	150	EYESTRAIN
33.183879617533975	41.4214375	99999	sp
41.4214375	41.65978165809018	142	EVEN
41.65978165809018	41.901955678856595	211	I
41.901955678856595	42.41831771122527	293	OCCASIONALLY
42.41831771122527	42.573760660376166	177	GET
42.573760660376166	42.629927484464	434	THE
42.629927484464	42.99388517295278	265	MONDAY
42.99388517295278	43.46447946669038	56	BLUES
43.46447946669038	51.003125	99999	sp
51.003125	51.156539891050826	476	WE
51.156539891050826	51.306539891050825	30	ARE
51.306539891050825	51.57653989105083	301	OPEN
51.57653989105083	51.88653989105083	145	EVERY
51.88653989105083	52.31653989105083	265	MONDAY
52.31653989105083	52.766539891050826	143	EVENING
52.766539891050826	60.8570625	99999	sp
60.8570625	61.017902729178886	226	IT'S
61.017902729178886	61.227902729178886	285	NOT
61.227902729178886	61.55007075514616	133	EASY
61.55007075514616	61.70388705001771	446	TO
61.70388705001771	62.10236378006774	113	CREATE
62.10236378006774	62.767902729178886	215	ILLUMINATING
62.767902729178886	63.527902729178884	146	EXAMPLES
63.527902729178884	71.0186875	99999	sp
71.0186875	71.25846127256742	270	MUM
71.25846127256742	71.84062514248679	407	STRONGLY
71.84062514248679	72.40486814909298	126	DISLIKES
72.40486814909298	73.20846127256742	27	APPETIZERS
73.20846127256742	81.7390625	99999	sp
81.7390625	81.97961797145402	443	THOSE
81.97961797145402	82.15216021250447	484	WHO
82.15216021250447	82.44675681246461	427	TEACH
82.44675681246461	82.97675681246461	462	VALUES
82.97675681246461	83.24675681246461	156	FIRST
83.24675681246461	83.71679895840639	4	ABOLISH
83.71679895840639	84.18675681246462	87	CHEATING
84.18675681246462	93.053875	99999	sp
93.053875	93.15387500000001	434	THE
93.15387500000001	93.54044313101444	165	FRIGHTENED
93.54044313101444	93.96387500000002	89	CHILD
93.96387500000002	94.14261938560566	472	WAS
94.14261938560566	94.45387500000001	176	GENTLY
94.45387500000001	94.92847085714432	410	SUBDUED
94.92847085714432	95.103875	73	BY
95.103875	95.28659060718196	208	HIS
95.28659060718196	95.4773166127346	52	BIG
95.4773166127346	95.92387500000001	66	BROTHER
95.92387500000001	104.33125	99999	sp
104.33125	104.54913426928951	142	EVEN
104.54913426928951	104.62375280212625	1	A
104.62375280212625	104.96375280212625	383	SIMPLE
104.96375280212625	105.69385373698759	468	VOCABULARY
105.69385373698759	106.15375280212625	104	CONTAINS
106.15375280212625	106.72264290274228	422	SYMBOLS
106.72264290274228	115.109125	99999	sp
115.109125	115.2315271851272	1	A
115.2315271851272	115.51391050697582	110	CRAB
115.51391050697582	115.9972141477153	85	CHALLENGED
115.9972141477153	116.20721414771529	258	ME
116.20721414771529	116.39218937828272	70	BUT
116.39218937828272	116.52856661604257	1	A
116.52856661604257	116.7572141477153	350	QUICK
116.7572141477153	117.1172141477153	402	STAB
117.1172141477153	117.67721414771529	464	VANQUISHED
117.67721414771529	117.9772141477153	207	HIM
117.9772141477153	126.9805	99999	sp
126.9805	127.5058646114713	183	GLUCOSE
127.5058646114713	127.66498619830293	20	AND
127.66498619830293	128.33736409200128	167	FRUCTOSE
128.33736409200128	128.45245941700267	30	ARE
128.45245941700267	128.83498619830294	276	NATURAL
128.83498619830294	129.22498619830293	414	SUGARS
129.22498619830293	129.46368998108545	163	FOUND
129.46368998108545	129.59498619830293	217	IN
129.59498619830293	129.95498619830295	168	FRUIT
129.95498619830295	136.4626875	99999	sp
136.4626875	136.56120672909904	30	ARE
136.56120672909904	136.6677095775157	495	YOU
136.6677095775157	136.9377095775157	250	LOOKING
136.9377095775157	137.0677095775157	161	FOR
137.0677095775157	137.6677095775157	136	EMPLOYMENT
137.6677095775157	147.170125	99999	sp
147.170125	147.50155001302804	98	COFFEE
147.50155001302804	147.87179075399004	224	IS
147.87179075399004	148.17428981759215	198	GROWN
148.17428981759215	148.40155001302804	297	ON
148.40155001302804	149.0027593806777	404	STEEP
149.0027593806777	149.32155001302803	231	JUNGLE
149.32155001302803	149.56155001302804	241	LIKE
149.56155001302804	150.10968775593398	390	SLOPES
150.10968775593398	150.3513298427015	217	IN
150.3513298427015	150.75155001302804	431	TEMPERATE
150.75155001302804	151.36155001302802	497	ZONES
151.36155001302802	158.6578125	99999	sp
158.6578125	158.77121731416082	476	WE
158.77121731416082	159.15121731416085	480	WELCOME
159.15121731416085	159.40121731416085	256	MANY
159.40121731416085	159.55121731416082	282	NEW
159.55121731416082	160.01121731416083	408	STUDENTS
160.01121731416083	160.27121731416082	132	EACH
160.27121731416082	160.48121731416083	491	YEAR
160.48121731416083	167.606	99999	sp
167.606	167.86313215412503	298	ONLY
167.86313215412503	167.97651152804664	434	THE
167.97651152804664	168.21986827717845	51	BEST
168.21986827717845	168.59986827717844	330	PLAYERS
168.59986827717844	168.95961571589308	139	ENJOY
168.95961571589308	169.73986827717846	336	POPULARITY
169.73986827717846	177.5828125	99999	sp
177.5828125	178.0429825847832	75	CALCIUM
178.0429825847832	178.31649501346146	254	MAKES
178.31649501346146	178.79625660616418	58	BONES
178.79625660616418	179.0224142062064	20	AND
179.0224142062064	179.2729825847832	430	TEETH
179.2729825847832	179.79628740915493	406	STRONG
179.79628740915493	188.428	99999	sp
188.428	188.74258645212538	286	NOTHING
188.74258645212538	188.87384017472655	224	IS
188.87384017472655	188.9926340427057	1	A
188.9926340427057	189.22258645212537	34	AS
189.22258645212537	189.5330980574979	99999	sp
189.5330980574979	189.80258645212538	34	AS
189.80258645212538	190.02574538140348	99999	sp
190.02574538140348	190.29379571427268	224	IS
190.29379571427268	190.47176614399024	34	AS
190.47176614399024	190.96302502933614	295	OFFENSIVE
190.96302502933614	191.21258645212538	34	AS
191.21258645212538	191.94258645212537	219	INNOCENCE
191.94258645212537	199.7500625	99999	sp
199.7500625	200.09585725910688	405	STEVE
200.09585725910688	200.31397955608622	490	WORE
200.31397955608622	200.39585725910686	1	A
200.39585725910686	200.70585725910686	65	BRIGHT
200.70585725910686	201.0962936911012	356	RED
201.0962936911012	201.65585725910688	78	CASHMERE
201.65585725910688	202.11585725910686	420	SWEATER
202.11585725910686	210.0595625	99999	sp
210.0595625	210.4377846631314	46	BARB'S
210.4377846631314	210.69047388139433	188	GOLD
210.69047388139433	211.14024848879282	63	BRACELET
211.14024848879282	211.30324336952194	472	WAS
211.30324336952194	211.4217203025329	1	A
211.4217203025329	212.05972075185886	193	GRADUATION
212.05972075185886	212.43386103647293	339	PRESENT
212.43386103647293	221.6949375	99999	sp
221.6949375	221.9915527244831	130	DRAW
221.9915527244831	222.35155272448313	145	EVERY
222.35155272448313	222.6515527244831	308	OUTER
222.6515527244831	222.89155272448312	244	LINE
222.89155272448312	223.32048742344756	156	FIRST
223.32048742344756	223.46931522067925	436	THEN
223.46931522067925	223.77155272448312	154	FILL
223.77155272448312	223.91117066758704	217	IN
223.91117066758704	224.00155272448313	434	THE
224.00155272448313	224.69155272448313	222	INTERIOR
224.69155272448313	232.8694375	99999	sp
232.8694375	232.9766578260692	434	THE
232.9766578260692	233.3179929719245	475	WATER
233.3179929719245	233.81064772227174	103	CONTAINED
233.81064772227174	233.9666578260692	448	TOO
233.9666578260692	234.23969861899238	269	MUCH
234.23969861899238	234.67665782606917	90	CHLORINE
234.67665782606917	234.79665782606918	20	AND
234.79665782606918	235.1630936057117	409	STUNG
235.1630936057117	235.28713524430358	217	IN
235.28713524430358	235.4766578260692	208	HIS
235.4766578260692	235.9066578260692	149	EYES
235.9066578260692	243.0400625	99999	sp
243.0400625	243.40077130414815	229	JOHN'S
243.40077130414815	243.8054570180546	66	BROTHER
243.8054570180546	244.3942188349255	363	REPAINTED
244.3942188349255	244.50229844860215	434	THE
244.50229844860215	244.91053734419486	173	GARAGE
244.91053734419486	245.18661094762382	129	DOOR
245.18661094762382	252.5613125	99999	sp
252.5613125	253.01882510221006	84	CHALLENGE
253.01882510221006	253.39162324292369	132	EACH
253.39162324292369	253.85882510221006	175	GENERAL'S
253.85882510221006	254.71882510221008	221	INTELLIGENCE
254.71882510221008	262.4356875	99999	sp
262.4356875	263.21178114597063	17	AMBIDEXTROUS
263.21178114597063	263.89128787695205	327	PICKPOCKETS
263.89128787695205	264.4725261203197	6	ACCOMPLISH
264.4725261203197	264.75252612031966	267	MORE
264.75252612031966	271.4880625	99999	sp
271.4880625	271.5505733622673	1	A
271.5505733622673	271.9906375828142	271	MUSCULAR
271.9906375828142	272.5656136323576	2	ABDOMEN
272.5656136323576	272.7551104678611	224	IS
272.7551104678611	272.87386267233126	189	GOOD
272.87386267233126	273.03063758281417	161	FOR
273.03063758281417	273.19276374249824	496	YOUR
273.19276374249824	273.5147717495338	43	BACK
273.5147717495338	281.4235625	99999	sp
281.4235625	281.5651237533978	438	THEY
281.5651237533978	281.79259553060353	317	OWN
281.79259553060353	281.93088874262537	1	A
281.93088874262537	282.0851237533978	52	BIG
282.0851237533978	282.4451237533978	209	HOUSE
282.4451237533978	282.6076994604959	217	IN
282.6076994604959	282.66512375339784	434	THE
282.66512375339784	283.0953953835799	361	REMOTE
283.0953953835799	283.8151237533978	109	COUNTRYSIDE
283.8151237533978	290.4160625	99999	sp
290.4160625	290.5555139885109	434	THE
290.5555139885109	290.8815434061297	369	ROSE
290.8815434061297	291.353458983232	106	CORSAGE
291.353458983232	291.703458983232	393	SMELLED
291.703458983232	292.06336159005383	421	SWEET
292.06336159005383	299.6971875	99999	sp
299.6971875	299.8757751360182	433	THAT
299.8757751360182	300.40181479406584	326	PICKPOCKET
300.40181479406584	300.62267642202954	472	WAS
300.62267642202954	300.8441219216713	80	CAUGHT
300.8441219216713	301.07532334782235	356	RED
301.07532334782235	301.5879707502617	199	HANDED
301.5879707502617	310.4333125	99999	sp
310.4333125	310.5372067786838	19	AN
310.5372067786838	310.9772067786838	9	ADULT
310.9772067786838	311.2367654282979	255	MALE
311.2367654282979	311.7357820217341	42	BABOON'S
311.7357820217341	311.9896099357065	430	TEETH
311.9896099357065	312.0872067786838	30	ARE
312.0872067786838	312.30907650269876	285	NOT
312.30907650269876	312.68797445681383	415	SUITABLE
312.68797445681383	312.9122925504669	161	FOR
312.9122925504669	313.16108819960937	135	EATING
313.16108819960937	313.8472067786838	376	SHELLFISH
313.8472067786838	322.2588125	99999	sp
322.2588125	322.35887151341	204	HER
322.35887151341	322.89847535933336	470	WARDROBE
322.89847535933336	323.3202680336641	88888	CONSI
323.3202680336641	323.66615413957425	99999	sp
323.66615413957425	324.14887151341	88888	SISTS
324.14887151341	324.40887151340996	294	OF
324.40887151340996	324.70887151341	298	ONLY
324.70887151341	325.07378288075677	385	SKIRTS
325.07378288075677	325.20388518572935	20	AND
325.20388518572935	325.78887151340996	54	BLOUSES
325.78887151340996	332.9085	99999	sp
332.9085	333.0419815355089	434	THE
333.0419815355089	333.33547824930696	453	TWO
333.33547824930696	333.7598696818988	33	ARTISTS
333.7598696818988	334.28986968189884	147	EXCHANGED
334.28986968189884	334.9398696818988	39	AUTOGRAPHS
334.9398696818988	341.9683125	99999	sp
341.9683125	342.51176637225666	71	BUTTERSCOTCH
342.51176637225666	342.8413565107388	169	FUDGE
342.8413565107388	343.0517663722566	186	GOES
343.0517663722566	343.2517663722566	481	WELL
343.2517663722566	343.38176637225666	487	WITH
343.38176637225666	343.70176637225666	463	VANILLA
343.70176637225666	343.95176637225666	212	ICE
343.95176637225666	344.33176637225665	112	CREAM
344.33176637225665	354.0788125	99999	sp
354.0788125	354.43329890975065	366	RICH
354.43329890975065	354.9299668559475	349	PURCHASED
354.9299668559475	355.58996685594747	374	SEVERAL
355.58996685594747	355.9045264278111	99999	sp
355.9045264278111	356.45387969557845	382	SIGNED
356.45387969557845	357.3299668559475	245	LITHOGRAPHS
357.3299668559475	365.3705625	99999	sp
365.3705625	365.61620665774825	24	ANY
365.61620665774825	366.3992099624572	105	CONTRIBUTIONS
366.3992099624572	366.5273188593058	485	WILL
366.5273188593058	366.6667141860621	47	BE
366.6667141860621	366.98920996245715	195	GREATLY
366.98920996245715	367.730532901089	28	APPRECIATED
367.730532901089	375.4943125	99999	sp
375.4943125	375.6237573446834	434	THE
375.6237573446834	376.2117878446784	111	CRANBERRY
376.2117878446784	376.52345297178033	57	BOG
376.52345297178033	376.78977515528214	178	GETS
376.78977515528214	377.1465552112258	465	VERY
377.1465552112258	377.39977515528216	340	PRETTY
377.39977515528216	377.52977515528215	217	IN
377.52977515528215	378.00977515528217	40	AUTUMN
378.00977515528217	385.3925625	99999	sp
385.3925625	385.61004092301084	210	HOW
385.61004092301084	385.7469372675674	128	DO
385.7469372675674	386.22772143046745	318	OYSTERS
386.22772143046745	386.4721683078227	253	MAKE
386.4721683078227	387.08693726756735	320	PEARLS
387.08693726756735	395.267875	99999	sp
395.267875	395.4518996901011	257	MAY
395.4518996901011	395.55596127081293	211	I
395.55596127081293	395.8760330303768	304	ORDER
395.8760330303768	395.95845769319874	1	A
395.95845769319874	396.5661253804709	319	PARFAIT
396.5661253804709	396.8660330303768	10	AFTER
396.8660330303768	397.0160330303768	211	I
397.0160330303768	397.23475234211736	134	EAT
397.23475234211736	397.64603303037677	124	DINNER
397.64603303037677	404.741125	99999	sp
404.741125	404.79700385690904	224	IS
404.79700385690904	405.0380902262131	375	SHE
405.0380902262131	405.28747542716815	187	GOING
405.28747542716815	405.47747542716814	306	OUT
405.47747542716814	405.6572988965382	487	WITH
405.6572988965382	405.922368960796	495	YOU
405.922368960796	414.5400625	99999	sp
414.5400625	414.7200834515423	76	CAN
414.7200834515423	414.8164360377855	434	THE
414.8164360377855	415.37008345154226	11	AGENCY
415.37008345154226	415.93376420257704	315	OVERTHROW
415.93376420257704	416.36008345154227	13	ALIEN
416.36008345154227	417.00552932214123	162	FORCES
417.00552932214123	424.58799851074656	99999	sp
424.58799851074656	424.6183018426501	1	A
424.6183018426501	425.2005713881425	371	SCREWDRIVER
425.2005713881425	425.33983662031335	224	IS
425.33983662031335	425.5280271122336	252	MADE
425.5280271122336	425.7180271122336	166	FROM
425.7180271122336	426.0280271122336	469	VODKA
426.0280271122336	426.1680271122336	20	AND
426.1680271122336	426.5380271122336	303	ORANGE
426.5380271122336	426.9580271122336	230	JUICE
426.9580271122336	433.6324375	99999	sp
433.6324375	433.8070077185045	210	HOW
433.8070077185045	434.07527938058905	269	MUCH
434.07527938058905	434.5970077185045	16	ALLOWANCE
434.5970077185045	434.69700771850455	128	DO
434.69700771850455	434.82700771850455	495	YOU
434.82700771850455	435.0970077185045	177	GET
435.0970077185045	443.052	99999	sp
443.052	443.6223264487723	115	CYCLICAL
443.6223264487723	444.2170427107241	346	PROGRAMS
444.2170427107241	444.362	485	WILL
444.362	444.64783465657155	281	NEVER
444.64783465657155	445.202	100	COMPILE
445.202	452.7551875	99999	sp
452.7551875	452.8776129608903	434	THE
452.8776129608903	453.2496347333323	61	BOSTON
453.2496347333323	453.6151609391317	45	BALLET
453.6151609391317	454.1461499017181	312	OVERCAME
454.1461499017181	454.25963495139166	435	THEIR
454.25963495139166	454.6751609391317	170	FUNDING
454.6751609391317	455.2951609391317	380	SHORTAGE
455.2951609391317	462.149875	99999	sp
462.149875	462.49622908738473	145	EVERY
462.49622908738473	462.8525115935142	74	CAB
462.8525115935142	463.3095845417093	280	NEEDS
463.3095845417093	463.87251159351416	364	REPAINTING
463.87251159351416	464.4025115935142	296	OFTEN
464.4025115935142	471.0848125	99999	sp
471.0848125	471.3442015946528	203	HELP
471.3442015946528	471.58009725233325	196	GREG
471.58009725233325	471.72031524520673	446	TO
471.72031524520673	471.9216613912963	325	PICK
471.9216613912963	472.0633632640048	1	A
472.0633632640048	472.29648597702743	321	PECK
472.29648597702743	472.42966982980823	294	OF
472.42966982980823	473.10648597702743	338	POTATOES
473.10648597702743	480.361125	99999	sp
480.361125	480.54428097871755	476	WE
480.54428097871755	480.8163313255793	241	LIKE
480.8163313255793	481.0299531060058	55	BLUE
481.0299531060058	481.4244030572773	88	CHEESE
481.4244030572773	481.5742809787175	70	BUT
481.5742809787175	481.8842809787175	466	VICTOR
481.8842809787175	482.2340781043559	242	LIKES
482.2340781043559	482.6442809787175	64	BRIE
482.6442809787175	490.4761875	99999	sp
490.4761875	490.7217476480891	108	COUNT
490.7217476480891	490.78275835632155	434	THE
490.78275835632155	491.1399664154326	289	NUMBER
491.1399664154326	491.27952698848964	294	OF
491.27952698848964	491.84996641543256	429	TEASPOONS
491.84996641543256	491.92996641543255	294	OF
491.92996641543255	492.5512522773041	395	SOYSAUCE
492.5512522773041	492.6999664154326	433	THAT
492.6999664154326	492.8299664154326	495	YOU
492.8299664154326	493.1809778116908	7	ADD
493.1809778116908	500.480375	99999	sp
500.480375	501.04020399267733	44	BAGPIPES
501.04020399267733	501.1746844995874	20	AND
501.1746844995874	501.61624670273943	59	BONGOS
501.61624670273943	501.7262467027394	30	ARE
501.7262467027394	502.19904658523495	273	MUSICAL
502.19904658523495	502.9330893198799	220	INSTRUMENTS
502.9330893198799	509.3485	99999	sp
509.3485	509.6069319457104	210	HOW
509.6069319457104	509.752343655814	189	GOOD
509.752343655814	509.9567432142162	224	IS
509.9567432142162	510.1777328555323	496	YOUR
510.1777328555323	510.9377328555323	138	ENDURANCE
510.9377328555323	527.0255	99999	sp
1038.5249375	1038.7569531903212	375	SHE
1038.7569531903212	1039.0069531903212	490	WORE
1039.0069531903212	1039.3469531903213	471	WARM
1039.3469531903213	1039.7969531903211	158	FLEECY
1039.7969531903211	1040.1019730955916	489	WOOLEN
1040.1019730955916	1040.7841079289612	311	OVERALLS
1040.7841079289612	1047.360875	99999	sp
1047.360875	1047.631806698721	354	READING
1047.631806698721	1047.725062723457	217	IN
1047.725062723457	1047.8569950062833	434	THE
1047.8569950062833	1048.061806698721	335	POOR
1048.061806698721	1048.3243367107893	240	LIGHT
1048.3243367107893	1048.4918066987211	181	GIVES
1048.4918066987211	1048.591806698721	495	YOU
1048.591806698721	1049.1726713473556	150	EYESTRAIN
1049.1726713473556	1056.3565625	99999	sp
1056.3565625	1056.5836192731185	142	EVEN
1056.5836192731185	1056.7936192731186	211	I
1056.7936192731186	1057.210170267816	293	OCCASIONALLY
1057.210170267816	1057.357996366573	177	GET
1057.357996366573	1057.4136192731185	434	THE
1057.4136192731185	1057.813154969502	265	MONDAY
1057.813154969502	1058.2936192731186	56	BLUES
1058.2936192731186	1065.6486875	88888	1
1065.6486875	1065.7653450531661	476	WE
1065.7653450531661	1065.915345053166	30	ARE
1065.915345053166	1066.155345053166	301	OPEN
1066.155345053166	1066.4553450531662	145	EVERY
1066.4553450531662	1066.7753450531661	265	MONDAY
1066.7753450531661	1067.1308808941722	268	MORNING
1067.1308808941722	1067.5146555266076	99999	sp
1067.5146555266076	1067.9285255946588	143	EVENING
1067.9285255946588	1075.4856875	99999	sp
1075.4856875	1075.624038364654	226	IT'S
1075.624038364654	1075.814038364654	285	NOT
1075.814038364654	1076.0540383646542	133	EASY
1076.0540383646542	1076.2241895001366	446	TO
1076.2241895001366	1076.5251790560608	113	CREATE
1076.5251790560608	1077.174038364654	215	ILLUMINATING
1077.174038364654	1077.856888778906	146	EXAMPLES
1077.856888778906	1084.597625	99999	sp
1084.597625	1084.8104945822101	270	MUM
1084.8104945822101	1085.264489170976	407	STRONGLY
1085.264489170976	1085.7812319404638	126	DISLIKES
1085.7812319404638	1086.554486839932	27	APPETIZERS
1086.554486839932	1094.2695	99999	sp
1094.2695	1094.5482797472162	443	THOSE
1094.5482797472162	1094.6922826424454	484	WHO
1094.6922826424454	1094.928279747216	427	TEACH
1094.928279747216	1095.408279747216	462	VALUES
1095.408279747216	1095.6901843015028	156	FIRST
1095.6901843015028	1096.0782797472161	4	ABOLISH
1096.0782797472161	1096.5713176443999	87	CHEATING
1096.5713176443999	1104.047375	99999	sp
1104.047375	1104.1184642641117	434	THE
1104.1184642641117	1104.4908532962713	165	FRIGHTENED
1104.4908532962713	1104.8284642641117	89	CHILD
1104.8284642641117	1104.9884642641118	472	WAS
1104.9884642641118	1105.2784642641118	176	GENTLY
1105.2784642641118	1105.6870732426096	410	SUBDUED
1105.6870732426096	1105.8384642641117	73	BY
1105.8384642641117	1105.9951926647557	208	HIS
1105.9951926647557	1106.172583983264	52	BIG
1106.172583983264	1106.5584642641118	66	BROTHER
1106.5584642641118	1115.9389375	99999	sp
1115.9389375	1116.1906516896718	142	EVEN
1116.1906516896718	1116.2423395632745	1	A
1116.2423395632745	1116.5823395632747	383	SIMPLE
1116.5823395632747	1117.2920844259677	468	VOCABULARY
1117.2920844259677	1117.7623395632747	104	CONTAINS
1117.7623395632747	1118.3923395632746	422	SYMBOLS
1118.3923395632746	1126.2030625	99999	sp
1126.2030625	1126.3380770035312	1	A
1126.3380770035312	1126.6534393475463	110	CRAB
1126.6534393475463	1127.119154264267	85	CHALLENGED
1127.119154264267	1127.4476652783999	258	ME
1127.4476652783999	1127.5491542642671	70	BUT
1127.5491542642671	1127.6651708347497	1	A
1127.6651708347497	1127.869154264267	350	QUICK
1127.869154264267	1128.2091542642672	402	STAB
1128.2091542642672	1128.679154264267	464	VANQUISHED
1128.679154264267	1128.9791542642672	207	HIM
1128.9791542642672	1136.40775	99999	sp
1136.40775	1136.8104614549625	183	GLUCOSE
1136.8104614549625	1136.9304614549624	20	AND
1136.9304614549624	1137.4304614549624	167	FRUCTOSE
1137.4304614549624	1137.5904614549625	30	ARE
1137.5904614549625	1137.9804614549626	276	NATURAL
1137.9804614549626	1138.3804614549626	414	SUGARS
1138.3804614549626	1138.6104614549624	163	FOUND
1138.6104614549624	1138.7102573286381	217	IN
1138.7102573286381	1139.0504614549625	168	FRUIT
1139.0504614549625	1145.05975	99999	sp
1145.05975	1145.165703671076	30	ARE
1145.165703671076	1145.2857036710761	495	YOU
1145.2857036710761	1145.575703671076	250	LOOKING
1145.575703671076	1145.695703671076	161	FOR
1145.695703671076	1146.2857036710761	136	EMPLOYMENT
1146.2857036710761	1155.164625	99999	sp
1155.164625	1155.4780719098474	98	COFFEE
1155.4780719098474	1155.7502275835113	224	IS
1155.7502275835113	1156.0265266482008	198	GROWN
1156.0265266482008	1156.2480719098473	297	ON
1156.2480719098473	1156.678713825518	404	STEEP
1156.678713825518	1156.9780719098474	231	JUNGLE
1156.9780719098474	1157.1780719098474	241	LIKE
1157.1780719098474	1157.5180719098473	390	SLOPES
1157.5180719098473	1157.6580719098474	217	IN
1157.6580719098474	1158.0480719098473	431	TEMPERATE
1158.0480719098473	1158.4880719098473	497	ZONES
1158.4880719098473	1165.5939375	99999	sp
1165.5939375	1165.7236661544048	476	WE
1165.7236661544048	1166.083666154405	480	WELCOME
1166.083666154405	1166.333666154405	256	MANY
1166.333666154405	1166.5136661544047	282	NEW
1166.5136661544047	1166.9936661544048	408	STUDENTS
1166.9936661544048	1167.2536661544048	132	EACH
1167.2536661544048	1167.4936661544048	491	YEAR
1167.4936661544048	1174.82425	99999	sp
1174.82425	1175.1080761096134	298	ONLY
1175.1080761096134	1175.229293510594	434	THE
1175.229293510594	1175.4625872666577	51	BEST
1175.4625872666577	1175.7688808731607	330	PLAYERS
1175.7688808731607	1176.1357214952602	139	ENJOY
1176.1357214952602	1176.9088808731606	336	POPULARITY
1176.9088808731606	1183.6713125	99999	sp
1183.6713125	1184.1002084766437	75	CALCIUM
1184.1002084766437	1184.3779212520587	254	MAKES
1184.3779212520587	1184.6802084766439	58	BONES
1184.6802084766439	1184.8057169648328	20	AND
1184.8057169648328	1185.0402084766438	430	TEETH
1185.0402084766438	1185.5002084766438	406	STRONG
1185.5002084766438	1192.7721875	99999	sp
1192.7721875	1193.2232166048132	286	NOTHING
1193.2232166048132	1193.3944811869396	224	IS
1193.3944811869396	1194.0135034321977	295	OFFENSIVE
1194.0135034321977	1194.3226373309158	34	AS
1194.3226373309158	1195.0376530367546	219	INNOCENCE
1195.0376530367546	1202.4104375	99999	sp
1202.4104375	1202.8042473032149	405	STEVE
1202.8042473032149	1203.0404254801517	490	WORE
1203.0404254801517	1203.106695273095	1	A
1203.106695273095	1203.3686071151014	65	BRIGHT
1203.3686071151014	1203.6244144477741	356	RED
1203.6244144477741	1204.0339292828876	78	CASHMERE
1204.0339292828876	1204.460520766965	420	SWEATER
1204.460520766965	1211.7689375	99999	sp
1211.7689375	1212.057748001259	46	BARB'S
1212.057748001259	1212.2570432107493	188	GOLD
1212.2570432107493	1212.6328546014734	63	BRACELET
1212.6328546014734	1212.7685159359175	472	WAS
1212.7685159359175	1212.8718225083874	1	A
1212.8718225083874	1213.4228546014733	193	GRADUATION
1213.4228546014733	1213.8251091214354	339	PRESENT
1213.8251091214354	1222.640875	99999	sp
1222.640875	1222.8589240276365	130	DRAW
1222.8589240276365	1223.1818247362037	145	EVERY
1223.1818247362037	1223.5218247362036	308	OUTER
1223.5218247362036	1223.7718247362036	244	LINE
1223.7718247362036	1224.1818247362037	156	FIRST
1224.1818247362037	1224.4218247362037	436	THEN
1224.4218247362037	1224.7018247362037	154	FILL
1224.7018247362037	1224.8260812197989	217	IN
1224.8260812197989	1224.9218247362037	434	THE
1224.9218247362037	1225.5962325227997	222	INTERIOR
1225.5962325227997	1233.8206875	99999	sp
1233.8206875	1233.8882620499246	434	THE
1233.8882620499246	1234.167170580421	475	WATER
1234.167170580421	1234.6182620499246	103	CONTAINED
1234.6182620499246	1234.7582620499247	448	TOO
1234.7582620499247	1235.0320581924352	269	MUCH
1235.0320581924352	1235.4082620499246	90	CHLORINE
1235.4082620499246	1235.5582620499247	20	AND
1235.5582620499247	1235.8082620499247	409	STUNG
1235.8082620499247	1235.9782620499245	208	HIS
1235.9782620499245	1236.3747803721524	149	EYES
1236.3747803721524	1243.4829375	99999	sp
1243.4829375	1243.8178571558678	229	JOHN'S
1243.8178571558678	1244.122652391875	66	BROTHER
1244.122652391875	1244.6606076402422	363	REPAINTED
1244.6606076402422	1244.7668104578372	434	THE
1244.7668104578372	1245.1770052095114	173	GARAGE
1245.1770052095114	1245.472652391875	129	DOOR
1245.472652391875	1253.1019375	99999	sp
1253.1019375	1253.6355907331504	84	CHALLENGE
1253.6355907331504	1253.977694102343	132	EACH
1253.977694102343	1254.477694102343	175	GENERAL'S
1254.477694102343	1255.3676941023432	221	INTELLIGENCE
1255.3676941023432	1262.69175	99999	sp
1262.69175	1263.3979680943992	17	AMBIDEXTROUS
1263.3979680943992	1263.9851851271806	327	PICKPOCKETS
1263.9851851271806	1264.4525001606414	6	ACCOMPLISH
1264.4525001606414	1264.7151851271806	267	MORE
1264.7151851271806	1271.9963125	99999	sp
1271.9963125	1272.0423717763276	1	A
1272.0423717763276	1272.5129594268114	271	MUSCULAR
1272.5129594268114	1272.8929594268113	2	ABDOMEN
1272.8929594268113	1273.0621321662638	224	IS
1273.0621321662638	1273.1716119756243	189	GOOD
1273.1716119756243	1273.3129594268114	161	FOR
1273.3129594268114	1273.4906561764521	496	YOUR
1273.4906561764521	1273.7993823423726	43	BACK
1273.7993823423726	1281.91175	99999	sp
1281.91175	1282.102977483624	438	THEY
1282.102977483624	1282.3814660531732	317	OWN
1282.3814660531732	1282.57499536441	1	A
1282.57499536441	1282.7229774836242	52	BIG
1282.7229774836242	1283.1129774836243	209	HOUSE
1283.1129774836243	1283.2539232191357	217	IN
1283.2539232191357	1283.312977483624	434	THE
1283.312977483624	1283.7004642284219	361	REMOTE
1283.7004642284219	1284.3629774836243	109	COUNTRYSIDE
1284.3629774836243	1291.802625	99999	sp
1291.802625	1291.8844482659808	434	THE
1291.8844482659808	1292.183468366325	369	ROSE
1292.183468366325	1292.7430067583455	106	CORSAGE
1292.7430067583455	1292.9487646947177	393	SMELLED
1292.9487646947177	1293.2544217905975	421	SWEET
1293.2544217905975	1300.8626875	99999	sp
1300.8626875	1301.0146855164114	433	THAT
1301.0146855164114	1301.053473007909	99999	sp
1301.053473007909	1301.5527623454557	326	PICKPOCKET
1301.5527623454557	1301.763826528163	472	WAS
1301.763826528163	1302.0195116738648	80	CAUGHT
1302.0195116738648	1302.2277227465763	356	RED
1302.2277227465763	1302.7181708610929	199	HANDED
1302.7181708610929	1311.5206875	99999	sp
1311.5206875	1311.5981787859887	19	AN
1311.5981787859887	1311.9717178930541	9	ADULT
1311.9717178930541	1312.2935180292766	255	MALE
1312.2935180292766	1312.7978474633187	42	BABOON'S
1312.7978474633187	1313.02754377115	430	TEETH
1313.02754377115	1313.1247591167437	30	ARE
1313.1247591167437	1313.3356408466168	285	NOT
1313.3356408466168	1313.7188115439985	415	SUITABLE
1313.7188115439985	1313.8449142312668	161	FOR
1313.8449142312668	1314.120259500051	135	EATING
1314.120259500051	1314.8136787871329	376	SHELLFISH
1314.8136787871329	1322.141375	99999	sp
1322.141375	1322.2680594656752	204	HER
1322.2680594656752	1322.6780594656752	470	WARDROBE
1322.6780594656752	1322.720117428244	99999	sp
1322.720117428244	1323.1380594656753	102	CONSISTS
1323.1380594656753	1323.2580594656752	294	OF
1323.2580594656752	1323.5749297444183	298	ONLY
1323.5749297444183	1323.9380594656752	385	SKIRTS
1323.9380594656752	1324.058773498231	20	AND
1324.058773498231	1324.5728946599097	54	BLOUSES
1324.5728946599097	1332.7524375	99999	sp
1332.7524375	1332.896139694903	434	THE
1332.896139694903	1333.1483744047748	453	TWO
1333.1483744047748	1333.566791222406	33	ARTISTS
1333.566791222406	1334.2083744047748	147	EXCHANGED
1334.2083744047748	1334.9172945609591	39	AUTOGRAPHS
1334.9172945609591	1342.485125	99999	sp
1342.485125	1343.0606708476396	71	BUTTERSCOTCH
1343.0606708476396	1343.3910329552104	169	FUDGE
1343.3910329552104	1343.6353713776487	186	GOES
1343.6353713776487	1343.7927405159953	481	WELL
1343.7927405159953	1343.9706848651015	487	WITH
1343.9706848651015	1344.2127405159954	463	VANILLA
1344.2127405159954	1344.5674556980823	212	ICE
1344.5674556980823	1344.7959936703328	112	CREAM
1344.7959936703328	1352.137125	99999	sp
1352.137125	1352.3989249356828	366	RICH
1352.3989249356828	1352.7721364338975	349	PURCHASED
1352.7721364338975	1353.1821364338975	374	SEVERAL
1353.1821364338975	1353.5893933294649	382	SIGNED
1353.5893933294649	1354.2632068457601	245	LITHOGRAPHS
1354.2632068457601	1361.5874375	99999	sp
1361.5874375	1361.850886222441	24	ANY
1361.850886222441	1362.5367531536288	105	CONTRIBUTIONS
1362.5367531536288	1362.6367531536287	485	WILL
1362.6367531536287	1362.7818540557964	47	BE
1362.7818540557964	1363.1567531536286	195	GREATLY
1363.1567531536286	1363.8859388783849	28	APPRECIATED
1363.8859388783849	1371.7406875	99999	sp
1371.7406875	1371.8525103683887	434	THE
1371.8525103683887	1372.3814337819954	111	CRANBERRY
1372.3814337819954	1372.6602220756513	57	BOG
1372.6602220756513	1372.9086196922303	178	GETS
1372.9086196922303	1373.2384617764199	465	VERY
1373.2384617764199	1373.4526105633756	340	PRETTY
1373.4526105633756	1373.5926105633755	217	IN
1373.5926105633755	1373.987780221398	40	AUTUMN
1373.987780221398	1381.0369375	99999	sp
1381.0369375	1381.346328495772	210	HOW
1381.346328495772	1381.6186522075118	128	DO
1381.6186522075118	1382.067555638929	318	OYSTERS
1382.067555638929	1382.2941195301723	253	MAKE
1382.2941195301723	1382.8873888604842	320	PEARLS
1382.8873888604842	1390.45225	99999	sp
1390.45225	1390.5990477825956	257	MAY
1390.5990477825956	1390.7503437197304	211	I
1390.7503437197304	1390.9803437197304	304	ORDER
1390.9803437197304	1391.0358082234022	1	A
1391.0358082234022	1391.0838724387622	99999	sp
1391.0838724387622	1391.0843628899395	99999	sp
1391.0843628899395	1391.5003437197304	319	PARFAIT
1391.5003437197304	1391.8703437197305	10	AFTER
1391.8703437197305	1392.024895867159	211	I
1392.024895867159	1392.2436789860194	134	EAT
1392.2436789860194	1392.5931218213886	124	DINNER
1392.5931218213886	1398.7850625	99999	sp
1398.7850625	1398.853235213623	224	IS
1398.853235213623	1399.0439781279078	375	SHE
1399.0439781279078	1399.2739781279079	187	GOING
1399.2739781279079	1399.423978127908	306	OUT
1399.423978127908	1399.5948074326789	487	WITH
1399.5948074326789	1399.8239714408303	495	YOU
1399.8239714408303	1408.0565625	99999	sp
1408.0565625	1408.2012455972574	76	CAN
1408.2012455972574	1408.2519465331354	434	THE
1408.2519465331354	1408.7819465331354	11	AGENCY
1408.7819465331354	1409.3154993294493	315	OVERTHROW
1409.3154993294493	1409.7319465331354	13	ALIEN
1409.7319465331354	1410.3948372918435	162	FORCES
1410.3948372918435	1417.964223929944	99999	sp
1417.964223929944	1418.0305	1	A
1418.0305	1418.5405	371	SCREWDRIVER
1418.5405	1418.730424720376	224	IS
1418.730424720376	1418.9305000000002	252	MADE
1418.9305000000002	1419.1605000000002	166	FROM
1419.1605000000002	1419.4805000000001	469	VODKA
1419.4805000000001	1419.6305	20	AND
1419.6305	1419.9805000000001	303	ORANGE
1419.9805000000001	1420.3630953860231	230	JUICE
1420.3630953860231	1426.466875	99999	sp
1426.466875	1426.6140103531432	210	HOW
1426.6140103531432	1427.050906378674	269	MUCH
1427.050906378674	1427.6060948741163	16	ALLOWANCE
1427.6060948741163	1427.6728633948883	128	DO
1427.6728633948883	1427.8390591832595	495	YOU
1427.8390591832595	1428.03548125136	177	GET
1428.03548125136	1435.6933125	99999	sp
1435.6933125	1436.2102285077194	115	CYCLICAL
1436.2102285077194	1436.74162211837	346	PROGRAMS
1436.74162211837	1436.8916221183702	485	WILL
1436.8916221183702	1437.1716221183701	281	NEVER
1437.1716221183701	1437.7336886981846	100	COMPILE
1437.7336886981846	1445.7138125	99999	sp
1445.7138125	1445.8104313818972	434	THE
1445.8104313818972	1446.1558323190313	61	BOSTON
1446.1558323190313	1446.5440922341902	45	BALLET
1446.5440922341902	1447.0649072826418	312	OVERCAME
1447.0649072826418	1447.1838972091623	435	THEIR
1447.1838972091623	1447.618057533061	170	FUNDING
1447.618057533061	1448.2421753431436	380	SHORTAGE
1448.2421753431436	1455.4753125	99999	sp
1455.4753125	1455.7452726724673	145	EVERY
1455.7452726724673	1455.999555703172	74	CAB
1455.999555703172	1456.261023724798	280	NEEDS
1456.261023724798	1456.8110237247981	364	REPAINTING
1456.8110237247981	1457.3594959029087	296	OFTEN
1457.3594959029087	1464.4481875	99999	sp
1464.4481875	1464.7328020633727	203	HELP
1464.7328020633727	1464.9649087785867	196	GREG
1464.9649087785867	1465.1018975376396	446	TO
1465.1018975376396	1465.264236877274	325	PICK
1465.264236877274	1465.375527445983	1	A
1465.375527445983	1465.575536980019	321	PECK
1465.575536980019	1465.707496491809	294	OF
1465.707496491809	1466.3800629559103	338	POTATOES
1466.3800629559103	1473.6965625	99999	sp
1473.6965625	1473.9536143879589	476	WE
1473.9536143879589	1474.210402037418	241	LIKE
1474.210402037418	1474.388736556373	55	BLUE
1474.388736556373	1474.7756952784484	88	CHEESE
1474.7756952784484	1474.913614387959	70	BUT
1474.913614387959	1475.2436143879588	466	VICTOR
1475.2436143879588	1475.5344210124063	242	LIKES
1475.5344210124063	1475.8127484270897	64	BRIE
1475.8127484270897	1484.3445625	99999	sp
1484.3445625	1484.5620566728119	108	COUNT
1484.5620566728119	1484.6243316960106	434	THE
1484.6243316960106	1485.0112826417198	289	NUMBER
1485.0112826417198	1485.1471749663592	294	OF
1485.1471749663592	1485.6112826417198	429	TEASPOONS
1485.6112826417198	1485.68128264172	294	OF
1485.68128264172	1486.420187018924	395	SOYSAUCE
1486.420187018924	1487.008607905595	99999	sp
1487.008607905595	1487.1524754417549	433	THAT
1487.1524754417549	1487.3133217008049	495	YOU
1487.3133217008049	1487.6373590580022	7	ADD
1487.6373590580022	1494.4691875	99999	sp
1494.4691875	1494.9849359705588	44	BAGPIPES
1494.9849359705588	1495.0949359705587	20	AND
1495.0949359705587	1495.490060886851	59	BONGOS
1495.490060886851	1495.584935970559	30	ARE
1495.584935970559	1496.0049359705588	273	MUSICAL
1496.0049359705588	1496.673259724073	220	INSTRUMENTS
1496.673259724073	1502.6151875	99999	sp
1502.6151875	1502.807918416894	210	HOW
1502.807918416894	1502.9387221583565	189	GOOD
1502.9387221583565	1503.0704724495506	224	IS
1503.0704724495506	1503.2287221583565	496	YOUR
1503.2287221583565	1503.8431400698412	138	ENDURANCE
1503.8431400698412	1513.408	99999	sp
1998.9785	1999.2285872719792	375	SHE
1999.2285872719792	1999.4885872719792	490	WORE
1999.4885872719792	1999.8185872719791	471	WARM
1999.8185872719791	2000.2785872719792	158	FLEECY
2000.2785872719792	2000.618587271979	489	WOOLEN
2000.618587271979	2001.398587271979	311	OVERALLS
2001.398587271979	2008.980625	99999	sp
2008.980625	2009.2939828410783	354	READING
2009.2939828410783	2009.4373520281922	217	IN
2009.4373520281922	2009.5467416811198	434	THE
2009.5467416811198	2009.7939828410783	335	POOR
2009.7939828410783	2010.1075183838534	240	LIGHT
2010.1075183838534	2010.3439828410785	181	GIVES
2010.3439828410785	2010.4439828410784	495	YOU
2010.4439828410784	2011.1539828410785	150	EYESTRAIN
2011.1539828410785	2018.986	99999	sp
2018.986	2019.2464520055303	142	EVEN
2019.2464520055303	2019.4964520055303	211	I
2019.4964520055303	2019.9739842401225	293	OCCASIONALLY
2019.9739842401225	2020.1356808015094	177	GET
2020.1356808015094	2020.1864520055303	434	THE
2020.1864520055303	2020.596567367019	265	MONDAY
2020.596567367019	2021.1264520055304	56	BLUES
2021.1264520055304	2027.2280625	99999	sp
2027.2280625	2027.386829360635	476	WE
2027.386829360635	2027.536829360635	30	ARE
2027.536829360635	2027.786829360635	301	OPEN
2027.786829360635	2028.0928788899964	145	EVERY
2028.0928788899964	2028.456829360635	265	MONDAY
2028.456829360635	2028.8968293606351	143	EVENING
2028.8968293606351	2036.00275	99999	sp
2036.00275	2036.155084427304	226	IT'S
2036.155084427304	2036.345084427304	285	NOT
2036.345084427304	2036.6304230138105	133	EASY
2036.6304230138105	2036.7799953673482	446	TO
2036.7799953673482	2037.095084427304	113	CREATE
2037.095084427304	2037.7250844273042	215	ILLUMINATING
2037.7250844273042	2038.4950844273042	146	EXAMPLES
2038.4950844273042	2045.1204375	99999	sp
2045.1204375	2045.348928678612	270	MUM
2045.348928678612	2045.7855090248984	407	STRONGLY
2045.7855090248984	2046.1803104847502	126	DISLIKES
2046.1803104847502	2046.938928678612	27	APPETIZERS
2046.938928678612	2055.2781875	99999	sp
2055.2781875	2055.5910684513087	443	THOSE
2055.5910684513087	2055.745556047185	484	WHO
2055.745556047185	2056.061068451309	427	TEACH
2056.061068451309	2056.576581758839	462	VALUES
2056.576581758839	2056.851068451309	156	FIRST
2056.851068451309	2057.2826495835075	4	ABOLISH
2057.2826495835075	2057.6807969016922	87	CHEATING
2057.6807969016922	2065.127375	99999	sp
2065.127375	2065.180773504331	434	THE
2065.180773504331	2065.582921587123	165	FRIGHTENED
2065.582921587123	2065.9607735043305	89	CHILD
2065.9607735043305	2066.1107735043306	472	WAS
2066.1107735043306	2066.3807735043306	176	GENTLY
2066.3807735043306	2066.7599825386883	410	SUBDUED
2066.7599825386883	2066.9207735043306	73	BY
2066.9207735043306	2067.0802252691096	208	HIS
2067.0802252691096	2067.2614113460886	52	BIG
2067.2614113460886	2067.6207735043304	66	BROTHER
2067.6207735043304	2074.7369375	99999	sp
2074.7369375	2074.965803547838	142	EVEN
2074.965803547838	2075.036289761439	1	A
2075.036289761439	2075.386289761439	383	SIMPLE
2075.386289761439	2076.073266659741	468	VOCABULARY
2076.073266659741	2076.516289761439	104	CONTAINS
2076.516289761439	2077.0662897614393	422	SYMBOLS
2077.0662897614393	2085.7611875	99999	sp
2085.7611875	2085.886379282979	1	A
2085.886379282979	2086.143621854079	110	CRAB
2086.143621854079	2086.584266015618	85	CHALLENGED
2086.584266015618	2086.81339207944	258	ME
2086.81339207944	2086.9178176525975	70	BUT
2086.9178176525975	2087.080317797019	1	A
2087.080317797019	2087.314266015618	350	QUICK
2087.314266015618	2087.6523870027904	402	STAB
2087.6523870027904	2088.101993969722	464	VANQUISHED
2088.101993969722	2088.374266015618	207	HIM
2088.374266015618	2095.6449375	99999	sp
2095.6449375	2096.0739127086836	183	GLUCOSE
2096.0739127086836	2096.198710030354	20	AND
2096.198710030354	2096.6287100303543	167	FRUCTOSE
2096.6287100303543	2096.718710030354	30	ARE
2096.718710030354	2097.078710030354	276	NATURAL
2097.078710030354	2097.4587100303543	414	SUGARS
2097.4587100303543	2097.718710030354	163	FOUND
2097.718710030354	2097.868710030354	217	IN
2097.868710030354	2098.198710030354	168	FRUIT
2098.198710030354	2104.6025	99999	sp
2104.6025	2104.7042298880638	30	ARE
2104.7042298880638	2104.8687453571793	495	YOU
2104.8687453571793	2105.1342298880636	250	LOOKING
2105.1342298880636	2105.2742298880635	161	FOR
2105.2742298880635	2105.914229888064	136	EMPLOYMENT
2105.914229888064	2114.2044375	99999	sp
2114.2044375	2114.5143552398413	98	COFFEE
2114.5143552398413	2114.712625750961	224	IS
2114.712625750961	2114.8943552398414	198	GROWN
2114.8943552398414	2115.044355239841	297	ON
2115.044355239841	2115.4070071972374	404	STEEP
2115.4070071972374	2115.694355239841	231	JUNGLE
2115.694355239841	2115.9143552398414	241	LIKE
2115.9143552398414	2116.2843552398413	390	SLOPES
2116.2843552398413	2116.516408690606	217	IN
2116.516408690606	2116.924355239841	431	TEMPERATE
2116.924355239841	2117.3943552398414	497	ZONES
2117.3943552398414	2124.079375	99999	sp
2124.079375	2124.214470458016	476	WE
2124.214470458016	2124.604470458016	480	WELCOME
2124.604470458016	2124.864470458016	256	MANY
2124.864470458016	2125.064470458016	282	NEW
2125.064470458016	2125.504470458016	408	STUDENTS
2125.504470458016	2125.764470458016	132	EACH
2125.764470458016	2126.044470458016	491	YEAR
2126.044470458016	2133.6606875	99999	sp
2133.6606875	2133.941995383188	298	ONLY
2133.941995383188	2134.0903667183834	434	THE
2134.0903667183834	2134.3754797582915	51	BEST
2134.3754797582915	2134.737147244237	330	PLAYERS
2134.737147244237	2135.1873555211328	139	ENJOY
2135.1873555211328	2136.04307731577	336	POPULARITY
2136.04307731577	2144.291875	99999	sp
2144.291875	2144.703655594747	75	CALCIUM
2144.703655594747	2144.978250880655	254	MAKES
2144.978250880655	2145.243655594747	58	BONES
2145.243655594747	2145.3816257505023	20	AND
2145.3816257505023	2145.583655594747	430	TEETH
2145.583655594747	2146.063655594747	406	STRONG
2146.063655594747	2153.47175	99999	sp
2153.47175	2153.8330776349017	286	NOTHING
2153.8330776349017	2154.2235972633507	224	IS
2154.2235972633507	2154.4043790830888	34	AS
2154.4043790830888	2154.914379083089	295	OFFENSIVE
2154.914379083089	2155.144379083089	34	AS
2155.144379083089	2155.9043790830888	219	INNOCENCE
2155.9043790830888	2163.7211875	99999	sp
2163.7211875	2164.093630400942	405	STEVE
2164.093630400942	2164.363630400942	490	WORE
2164.363630400942	2164.423630400942	1	A
2164.423630400942	2164.683630400942	65	BRIGHT
2164.683630400942	2164.913630400942	356	RED
2164.913630400942	2165.343630400942	78	CASHMERE
2165.343630400942	2165.783630400942	420	SWEATER
2165.783630400942	2172.646125	99999	sp
2172.646125	2172.949829193567	46	BARB'S
2172.949829193567	2173.167597795385	188	GOLD
2173.167597795385	2173.5877941208023	63	BRACELET
2173.5877941208023	2173.8076782341964	472	WAS
2173.8076782341964	2173.865315551977	1	A
2173.865315551977	2174.437794120802	193	GRADUATION
2174.437794120802	2174.8177941208023	339	PRESENT
2174.8177941208023	2182.567625	99999	sp
2182.567625	2182.9016935703694	130	DRAW
2182.9016935703694	2183.241693570369	145	EVERY
2183.241693570369	2183.5016935703693	308	OUTER
2183.5016935703693	2183.741693570369	244	LINE
2183.741693570369	2184.1961524662383	156	FIRST
2184.1961524662383	2184.4016935703694	436	THEN
2184.4016935703694	2184.701693570369	154	FILL
2184.701693570369	2184.9016935703694	217	IN
2184.9016935703694	2184.991693570369	434	THE
2184.991693570369	2185.5616935703692	222	INTERIOR
2185.5616935703692	2192.5834375	99999	sp
2192.5834375	2192.688211633733	434	THE
2192.688211633733	2193.008211633733	475	WATER
2193.008211633733	2193.3854933862153	103	CONTAINED
2193.3854933862153	2193.528211633733	448	TOO
2193.528211633733	2193.781310808753	269	MUCH
2193.781310808753	2194.108211633733	90	CHLORINE
2194.108211633733	2194.238211633733	20	AND
2194.238211633733	2194.4826837570913	409	STUNG
2194.4826837570913	2194.658211633733	208	HIS
2194.658211633733	2195.098211633733	149	EYES
2195.098211633733	2201.724875	99999	sp
2201.724875	2202.02506143287	229	JOHN'S
2202.02506143287	2202.372437897522	66	BROTHER
2202.372437897522	2202.8850614328703	363	REPAINTED
2202.8850614328703	2203.0048894494876	434	THE
2203.0048894494876	2203.3637541006824	173	GARAGE
2203.3637541006824	2203.62506143287	129	DOOR
2203.62506143287	2210.7529375	99999	sp
2210.7529375	2211.1933472490728	84	CHALLENGE
2211.1933472490728	2211.831512554705	132	EACH
2211.831512554705	2212.3484383230098	175	GENERAL'S
2212.3484383230098	2213.2933472490727	221	INTELLIGENCE
2213.2933472490727	2220.0141875	99999	sp
2220.0141875	2220.7320784505655	17	AMBIDEXTROUS
2220.7320784505655	2221.288726975922	327	PICKPOCKETS
2221.288726975922	2221.748726975922	6	ACCOMPLISH
2221.748726975922	2222.048726975922	267	MORE
2222.048726975922	2229.64025	99999	sp
2229.64025	2229.7200195452065	1	A
2229.7200195452065	2230.148791798326	271	MUSCULAR
2230.148791798326	2230.678791798326	2	ABDOMEN
2230.678791798326	2230.8880519702625	224	IS
2230.8880519702625	2231.018791798326	189	GOOD
2231.018791798326	2231.138791798326	161	FOR
2231.138791798326	2231.2820146228187	496	YOUR
2231.2820146228187	2231.628791798326	43	BACK
2231.628791798326	2239.5175	99999	sp
2239.5175	2239.745836038576	438	THEY
2239.745836038576	2240.025836038576	317	OWN
2240.025836038576	2240.1190880377476	1	A
2240.1190880377476	2240.265836038576	52	BIG
2240.265836038576	2240.715836038576	209	HOUSE
2240.715836038576	2240.945836038576	217	IN
2240.945836038576	2241.005836038576	434	THE
2241.005836038576	2241.4066841966073	361	REMOTE
2241.4066841966073	2242.2530363435853	109	COUNTRYSIDE
2242.2530363435853	2248.461875	99999	sp
2248.461875	2248.5306704000277	434	THE
2248.5306704000277	2248.846387706887	369	ROSE
2248.846387706887	2249.3106704000274	106	CORSAGE
2249.3106704000274	2249.5706704000277	393	SMELLED
2249.5706704000277	2249.870670400028	421	SWEET
2249.870670400028	2256.6898151043865	99999	sp
2256.6898151043865	2257.0307490538876	433	THAT
2257.0307490538876	2257.30625	99999	sp
2257.30625	2257.496735627876	433	THAT
2257.496735627876	2257.99067167154	326	PICKPOCKET
2257.99067167154	2258.15067167154	472	WAS
2258.15067167154	2258.3386983941027	80	CAUGHT
2258.3386983941027	2258.54067167154	356	RED
2258.54067167154	2259.006526935012	199	HANDED
2259.006526935012	2267.4751875	99999	sp
2267.4751875	2267.627741215937	19	AN
2267.627741215937	2268.0146633338422	9	ADULT
2268.0146633338422	2268.2827780003645	255	MALE
2268.2827780003645	2268.9065287644275	42	BABOON'S
2268.9065287644275	2269.1625611949944	430	TEETH
2269.1625611949944	2269.292023496085	30	ARE
2269.292023496085	2269.5120234960855	285	NOT
2269.5120234960855	2269.952023496085	415	SUITABLE
2269.952023496085	2270.062023496085	161	FOR
2270.062023496085	2270.347709061753	135	EATING
2270.347709061753	2271.122023496085	376	SHELLFISH
2271.122023496085	2278.1611875	99999	sp
2278.1611875	2278.3274688697966	204	HER
2278.3274688697966	2278.733931698124	470	WARDROBE
2278.733931698124	2279.1874688697962	102	CONSISTS
2279.1874688697962	2279.2991187548555	294	OF
2279.2991187548555	2279.631533662852	298	ONLY
2279.631533662852	2279.965856481722	385	SKIRTS
2279.965856481722	2280.113562050153	20	AND
2280.113562050153	2280.6874688697962	54	BLOUSES
2280.6874688697962	2287.8975	99999	sp
2287.8975	2288.0446992980164	434	THE
2288.0446992980164	2288.3047057309436	453	TWO
2288.3047057309436	2288.7476307633515	33	ARTISTS
2288.7476307633515	2289.356627285338	147	EXCHANGED
2289.356627285338	2290.044872992331	39	AUTOGRAPHS
2290.044872992331	2297.464375	99999	sp
2297.464375	2297.958865333949	71	BUTTERSCOTCH
2297.958865333949	2298.235269923603	169	FUDGE
2298.235269923603	2298.438865333949	186	GOES
2298.438865333949	2298.638865333949	481	WELL
2298.638865333949	2298.828865333949	487	WITH
2298.828865333949	2299.1334099921564	463	VANILLA
2299.1334099921564	2299.388865333949	212	ICE
2299.388865333949	2299.636181228232	112	CREAM
2299.636181228232	2307.654875	99999	sp
2307.654875	2307.9523061370983	366	RICH
2307.9523061370983	2308.3029665837207	349	PURCHASED
2308.3029665837207	2308.6732144239536	374	SEVERAL
2308.6732144239536	2309.042966583721	382	SIGNED
2309.042966583721	2309.872966583721	245	LITHOGRAPHS
2309.872966583721	2318.4258125	99999	sp
2318.4258125	2318.655887703329	24	ANY
2318.655887703329	2319.367527692233	105	CONTRIBUTIONS
2319.367527692233	2319.495380361682	485	WILL
2319.495380361682	2319.6180474023377	47	BE
2319.6180474023377	2319.9460903043037	195	GREATLY
2319.9460903043037	2320.716090304303	28	APPRECIATED
2320.716090304303	2328.6829375	99999	sp
2328.6829375	2328.841760691862	434	THE
2328.841760691862	2329.3703489937925	111	CRANBERRY
2329.3703489937925	2329.628074332925	57	BOG
2329.628074332925	2329.864081763292	178	GETS
2329.864081763292	2330.1955743168614	465	VERY
2330.1955743168614	2330.4433066627557	340	PRETTY
2330.4433066627557	2330.5536217645417	217	IN
2330.5536217645417	2330.956964938462	40	AUTUMN
2330.956964938462	2339.88775	99999	sp
2339.88775	2340.1572808080978	210	HOW
2340.1572808080978	2340.3176599825997	128	DO
2340.3176599825997	2340.7473503239494	318	OYSTERS
2340.7473503239494	2340.9816124405315	253	MAKE
2340.9816124405315	2341.487350323949	320	PEARLS
2341.487350323949	2349.108125	99999	sp
2349.108125	2349.3534974050112	257	MAY
2349.3534974050112	2349.4434974050114	211	I
2349.4434974050114	2349.6852179799703	304	ORDER
2349.6852179799703	2349.788749207311	1	A
2349.788749207311	2350.2334974050113	319	PARFAIT
2350.2334974050113	2350.593497405011	10	AFTER
2350.593497405011	2350.713497405011	211	I
2350.713497405011	2350.9263033823754	134	EAT
2350.9263033823754	2351.303497405011	124	DINNER
2351.303497405011	2357.6989375	99999	sp
2357.6989375	2357.784463589997	224	IS
2357.784463589997	2357.9244635899972	375	SHE
2357.9244635899972	2358.161557449879	187	GOING
2358.161557449879	2358.304022970866	306	OUT
2358.304022970866	2358.4438951432044	487	WITH
2358.4438951432044	2358.6437814720516	495	YOU
2358.6437814720516	2366.32825	99999	sp
2366.32825	2366.489955460194	76	CAN
2366.489955460194	2366.5598042145125	434	THE
2366.5598042145125	2367.0743248318986	11	AGENCY
2367.0743248318986	2367.5443248318984	315	OVERTHROW
2367.5443248318984	2367.9443248318985	13	ALIEN
2367.9443248318985	2368.6743248318985	162	FORCES
2368.6743248318985	2376.389505614736	99999	sp
2376.389505614736	2376.45062541581	1	A
2376.45062541581	2377.12062541581	371	SCREWDRIVER
2377.12062541581	2377.3467124099207	224	IS
2377.3467124099207	2377.58062541581	252	MADE
2377.58062541581	2377.79736328112	166	FROM
2377.79736328112	2378.2333273789313	469	VODKA
2378.2333273789313	2378.345476458766	20	AND
2378.345476458766	2378.74062541581	303	ORANGE
2378.74062541581	2379.13062541581	230	JUICE
2379.13062541581	2384.7019375	99999	sp
2384.7019375	2384.852564976215	210	HOW
2384.852564976215	2385.0597843184014	269	MUCH
2385.0597843184014	2385.492995209547	16	ALLOWANCE
2385.492995209547	2385.5325649762153	128	DO
2385.5325649762153	2385.6625649762154	495	YOU
2385.6625649762154	2385.9525649762154	177	GET
2385.9525649762154	2392.38425	99999	sp
2392.38425	2392.918950223258	115	CYCLICAL
2392.918950223258	2393.3668182764245	346	PROGRAMS
2393.3668182764245	2393.47425	485	WILL
2393.47425	2393.774720307468	281	NEVER
2393.774720307468	2394.28425	100	COMPILE
2394.28425	2401.8150625	99999	sp
2401.8150625	2401.878790963659	434	THE
2401.878790963659	2402.306976067647	61	BOSTON
2402.306976067647	2402.7087909636593	45	BALLET
2402.7087909636593	2403.2377816034727	312	OVERCAME
2403.2377816034727	2403.388790963659	435	THEIR
2403.388790963659	2403.778790963659	170	FUNDING
2403.778790963659	2404.417424057372	380	SHORTAGE
2404.417424057372	2411.7843125	99999	sp
2411.7843125	2412.040232648611	145	EVERY
2412.040232648611	2412.2727520989424	74	CAB
2412.2727520989424	2412.4927520989427	280	NEEDS
2412.4927520989427	2413.0227520989424	364	REPAINTING
2413.0227520989424	2413.582752098943	296	OFTEN
2413.582752098943	2421.8181875	99999	sp
2421.8181875	2422.1534120019933	203	HELP
2422.1534120019933	2422.409712047095	196	GREG
2422.409712047095	2422.563946972284	446	TO
2422.563946972284	2422.7331495176772	325	PICK
2422.7331495176772	2422.8529508126853	1	A
2422.8529508126853	2423.067799212825	321	PECK
2423.067799212825	2423.194528632554	294	OF
2423.194528632554	2423.917799212825	338	POTATOES
2423.917799212825	2431.0810625	99999	sp
2431.0810625	2431.313053222236	476	WE
2431.313053222236	2431.5730532222356	241	LIKE
2431.5730532222356	2431.7530832557236	55	BLUE
2431.7530832557236	2432.091783146903	88	CHEESE
2432.091783146903	2432.233053222236	70	BUT
2432.233053222236	2432.543053222236	466	VICTOR
2432.543053222236	2432.8302970404206	242	LIKES
2432.8302970404206	2433.1830532222357	64	BRIE
2433.1830532222357	2440.11425	99999	sp
2440.11425	2440.3453495436434	108	COUNT
2440.3453495436434	2440.4180573999074	434	THE
2440.4180573999074	2440.8768693959	289	NUMBER
2440.8768693959	2441.064040080181	294	OF
2441.064040080181	2441.514036337838	429	TEASPOONS
2441.514036337838	2441.5968693959	294	OF
2441.5968693959	2442.1323897071866	395	SOYSAUCE
2442.1323897071866	2442.2968693959	433	THAT
2442.2968693959	2442.4168693959	495	YOU
2442.4168693959	2442.7368693959	7	ADD
2442.7368693959	2450.348125	99999	sp
2450.348125	2450.850824094662	44	BAGPIPES
2450.850824094662	2450.9870280443633	20	AND
2450.9870280443633	2451.356586864049	59	BONGOS
2451.356586864049	2451.416586864049	30	ARE
2451.416586864049	2451.837564622394	273	MUSICAL
2451.837564622394	2452.516586864049	220	INSTRUMENTS
2452.516586864049	2457.9345625	99999	sp
2457.9345625	2458.148468642147	210	HOW
2458.148468642147	2458.2825071913176	189	GOOD
2458.2825071913176	2458.4025071913175	224	IS
2458.4025071913175	2458.5325071913176	496	YOUR
2458.5325071913176	2459.2425071913176	138	ENDURANCE
2459.2425071913176	2473.76775	99999	sp