527.0255	527.1389048141608	476	WE
527.1389048141608	527.5189048141608	480	WELCOME
527.5189048141608	527.7689048141608	256	MANY
527.7689048141608	527.9189048141608	282	NEW
527.9189048141608	528.3789048141608	408	STUDENTS
528.3789048141608	528.6389048141608	132	EACH
528.6389048141608	528.8489048141607	491	YEAR
528.8489048141607	536.1421875	99999	sp
536.1421875	536.2645896851271	1	A
536.2645896851271	536.5469730069758	110	CRAB
536.5469730069758	537.0302766477153	85	CHALLENGED
537.0302766477153	537.2402766477153	258	ME
537.2402766477153	537.4252518782827	70	BUT
537.4252518782827	537.5616291160425	1	A
537.5616291160425	537.7902766477152	350	QUICK
537.7902766477152	538.1502766477153	402	STAB
538.1502766477153	538.7102766477152	464	VANQUISHED
538.7102766477152	539.0102766477153	207	HIM
539.0102766477153	546.444875	99999	sp
546.444875	547.0152014487724	115	CYCLICAL
547.0152014487724	547.6099177107242	346	PROGRAMS
547.6099177107242	547.7548750000001	485	WILL
547.7548750000001	548.0407096565716	281	NEVER
548.0407096565716	548.594875	100	COMPILE
548.594875	555.6815	99999	sp
555.6815	555.9960864521254	286	NOTHING
555.9960864521254	556.1273401747266	224	IS
556.1273401747266	556.2461340427058	1	A
556.2461340427058	556.4760864521254	34	AS
556.4760864521254	556.7865980574979	99999	sp
556.7865980574979	557.0560864521254	34	AS
557.0560864521254	557.2792453814035	99999	sp
557.2792453814035	557.5472957142727	224	IS
557.5472957142727	557.7252661439902	34	AS
557.7252661439902	558.2165250293361	295	OFFENSIVE
558.2165250293361	558.4660864521254	34	AS
558.4660864521254	559.1960864521254	219	INNOCENCE
559.1960864521254	565.5879375	99999	sp
565.5879375	565.8473265946527	203	HELP
565.8473265946527	566.0832222523331	196	GREG
566.0832222523331	566.2234402452067	446	TO
566.2234402452067	566.4247863912963	325	PICK
566.4247863912963	566.5664882640048	1	A
566.5664882640048	566.7996109770274	321	PECK
566.7996109770274	566.9327948298082	294	OF
566.9327948298082	567.6096109770274	338	POTATOES
567.6096109770274	575.302875	99999	sp
575.302875	575.486899690101	257	MAY
575.486899690101	575.5909612708128	211	I
575.5909612708128	575.9110330303768	304	ORDER
575.9110330303768	575.9934576931987	1	A
575.9934576931987	576.6011253804709	319	PARFAIT
576.6011253804709	576.9010330303768	10	AFTER
576.9010330303768	577.0510330303767	211	I
577.0510330303767	577.2697523421173	134	EAT
577.2697523421173	577.6810330303767	124	DINNER
577.6810330303767	584.7341875	99999	sp
584.7341875	584.8414078260691	434	THE
584.8414078260691	585.1827429719244	475	WATER
585.1827429719244	585.6753977222717	103	CONTAINED
585.6753977222717	585.8314078260692	448	TOO
585.8314078260692	586.1044486189924	269	MUCH
586.1044486189924	586.5414078260692	90	CHLORINE
586.5414078260692	586.6614078260691	20	AND
586.6614078260691	587.0278436057117	409	STUNG
587.0278436057117	587.1518852443036	217	IN
587.1518852443036	587.3414078260691	208	HIS
587.3414078260691	587.7714078260692	149	EYES
587.7714078260692	595.6296875	99999	sp
595.6296875	595.7521129608904	434	THE
595.7521129608904	596.1241347333323	61	BOSTON
596.1241347333323	596.4896609391318	45	BALLET
596.4896609391318	597.0206499017181	312	OVERCAME
597.0206499017181	597.1341349513917	435	THEIR
597.1341349513917	597.5496609391317	170	FUNDING
597.5496609391317	598.1696609391317	380	SHORTAGE
598.1696609391317	606.264375	99999	sp
606.264375	606.4177898910508	476	WE
606.4177898910508	606.5677898910508	30	ARE
606.5677898910508	606.8377898910508	301	OPEN
606.8377898910508	607.1477898910507	145	EVERY
607.1477898910507	607.5777898910508	265	MONDAY
607.5777898910508	608.0277898910507	143	EVENING
608.0277898910507	616.0055	99999	sp
616.0055	616.3837221631313	46	BARB'S
616.3837221631313	616.6364113813943	188	GOLD
616.6364113813943	617.0861859887927	63	BRACELET
617.0861859887927	617.2491808695219	472	WAS
617.2491808695219	617.3676578025329	1	A
617.3676578025329	618.0056582518588	193	GRADUATION
618.0056582518588	618.3797985364729	339	PRESENT
618.3797985364729	627.2921875	99999	sp
627.2921875	627.4667577185045	210	HOW
627.4667577185045	627.735029380589	269	MUCH
627.735029380589	628.2567577185046	16	ALLOWANCE
628.2567577185046	628.3567577185045	128	DO
628.3567577185045	628.4867577185046	495	YOU
628.4867577185046	628.7567577185046	177	GET
628.7567577185046	636.205875	99999	sp
636.205875	636.7657039926773	44	BAGPIPES
636.7657039926773	636.9001844995873	20	AND
636.9001844995873	637.3417467027394	59	BONGOS
637.3417467027394	637.4517467027395	30	ARE
637.4517467027395	637.924546585235	273	MUSICAL
637.924546585235	638.6585893198799	220	INSTRUMENTS
638.6585893198799	644.8473735107466	99999	sp
644.8473735107466	644.8776768426501	1	A
644.8776768426501	645.4599463881425	371	SCREWDRIVER
645.4599463881425	645.5992116203133	224	IS
645.5992116203133	645.7874021122336	252	MADE
645.7874021122336	645.9774021122337	166	FROM
645.9774021122337	646.2874021122336	469	VODKA
646.2874021122336	646.4274021122336	20	AND
646.4274021122336	646.7974021122336	303	ORANGE
646.7974021122336	647.2174021122337	230	JUICE
647.2174021122337	655.2198125	99999	sp
655.2198125	655.3492573446833	434	THE
655.3492573446833	655.9372878446784	111	CRANBERRY
655.9372878446784	656.2489529717803	57	BOG
656.2489529717803	656.5152751552821	178	GETS
656.5152751552821	656.8720552112259	465	VERY
656.8720552112259	657.1252751552822	340	PRETTY
657.1252751552822	657.2552751552821	217	IN
657.2552751552821	657.7352751552821	40	AUTUMN
657.7352751552821	664.9	99999	sp
664.9	665.6760936459707	17	AMBIDEXTROUS
665.6760936459707	666.355600376952	327	PICKPOCKETS
666.355600376952	666.9368386203197	6	ACCOMPLISH
666.9368386203197	667.2168386203197	267	MORE
667.2168386203197	674.981625	99999	sp
674.981625	675.1602126360183	433	THAT
675.1602126360183	675.6862522940659	326	PICKPOCKET
675.6862522940659	675.9071139220296	472	WAS
675.9071139220296	676.1285594216713	80	CAUGHT
676.1285594216713	676.3597608478224	356	RED
676.3597608478224	676.8724082502617	199	HANDED
676.8724082502617	684.5218125	99999	sp
684.5218125	684.8825213041482	229	JOHN'S
684.8825213041482	685.2872070180546	66	BROTHER
685.2872070180546	685.8759688349255	363	REPAINTED
685.8759688349255	685.9840484486022	434	THE
685.9840484486022	686.3922873441949	173	GARAGE
686.3922873441949	686.6683609476238	129	DOOR
686.6683609476238	695.3553125	99999	sp
695.3553125	695.5950862725674	270	MUM
695.5950862725674	696.1772501424867	407	STRONGLY
696.1772501424867	696.741493149093	126	DISLIKES
696.741493149093	697.5450862725673	27	APPETIZERS
697.5450862725673	704.9925625	99999	sp
704.9925625	705.1534027291789	226	IT'S
705.1534027291789	705.3634027291788	285	NOT
705.3634027291788	705.6855707551462	133	EASY
705.6855707551462	705.8393870500176	446	TO
705.8393870500176	706.2378637800676	113	CREATE
706.2378637800676	706.9034027291789	215	ILLUMINATING
706.9034027291789	707.6634027291789	146	EXAMPLES
707.6634027291789	714.9745625	99999	sp
714.9745625	715.0746215134101	204	HER
715.0746215134101	715.6142253593334	470	WARDROBE
715.6142253593334	716.0360180336642	88888	CONSI
716.0360180336642	716.3819041395743	99999	sp
716.3819041395743	716.86462151341	88888	SISTS
716.86462151341	717.12462151341	294	OF
717.12462151341	717.4246215134101	298	ONLY
717.4246215134101	717.7895328807568	385	SKIRTS
717.7895328807568	717.9196351857295	20	AND
717.9196351857295	718.50462151341	54	BLOUSES
718.50462151341	725.358375	99999	sp
725.358375	725.6039351480891	108	COUNT
725.6039351480891	725.6649458563215	434	THE
725.6649458563215	726.0221539154327	289	NUMBER
726.0221539154327	726.1617144884897	294	OF
726.1617144884897	726.7321539154326	429	TEASPOONS
726.7321539154326	726.8121539154326	294	OF
726.8121539154326	727.4334397773041	395	SOYSAUCE
727.4334397773041	727.5821539154326	433	THAT
727.5821539154326	727.7121539154326	495	YOU
727.7121539154326	728.0631653116909	7	ADD
728.0631653116909	736.1886875	99999	sp
736.1886875	736.5350415873847	145	EVERY
736.5350415873847	736.8913240935142	74	CAB
736.8913240935142	737.3483970417093	280	NEEDS
737.3483970417093	737.9113240935142	364	REPAINTING
737.9113240935142	738.4413240935141	296	OFTEN
738.4413240935141	746.3874375	99999	sp
746.3874375	746.6840527244832	130	DRAW
746.6840527244832	747.0440527244832	145	EVERY
747.0440527244832	747.3440527244832	308	OUTER
747.3440527244832	747.5840527244832	244	LINE
747.5840527244832	748.0129874234476	156	FIRST
748.0129874234476	748.1618152206793	436	THEN
748.1618152206793	748.4640527244832	154	FILL
748.4640527244832	748.6036706675872	217	IN
748.6036706675872	748.6940527244832	434	THE
748.6940527244832	749.3840527244832	222	INTERIOR
749.3840527244832	757.0239375	99999	sp
757.0239375	757.0864483622672	1	A
757.0864483622672	757.5265125828141	271	MUSCULAR
757.5265125828141	758.1014886323576	2	ABDOMEN
758.1014886323576	758.290985467861	224	IS
758.290985467861	758.4097376723312	189	GOOD
758.4097376723312	758.5665125828141	161	FOR
758.5665125828141	758.7286387424982	496	YOUR
758.7286387424982	759.0506467495338	43	BACK
759.0506467495338	767.1899375	99999	sp
767.1899375	767.245816356909	224	IS
767.245816356909	767.4869027262132	375	SHE
767.4869027262132	767.7362879271682	187	GOING
767.7362879271682	767.9262879271682	306	OUT
767.9262879271682	768.1061113965382	487	WITH
768.1061113965382	768.371181460796	495	YOU
768.371181460796	776.15725	99999	sp
776.15725	776.3751342692896	142	EVEN
776.3751342692896	776.4497528021262	1	A
776.4497528021262	776.7897528021263	383	SIMPLE
776.7897528021263	777.5198537369876	468	VOCABULARY
777.5198537369876	777.9797528021263	104	CONTAINS
777.9797528021263	778.5486429027422	422	SYMBOLS
778.5486429027422	786.4589375	99999	sp
786.4589375	786.6389584515423	76	CAN
786.6389584515423	786.7353110377856	434	THE
786.7353110377856	787.2889584515424	11	AGENCY
787.2889584515424	787.8526392025772	315	OVERTHROW
787.8526392025772	788.2789584515424	13	ALIEN
788.2789584515424	788.9244043221413	162	FORCES
788.9244043221413	797.1388125	99999	sp
797.1388125	797.4932989097506	366	RICH
797.4932989097506	797.9899668559474	349	PURCHASED
797.9899668559474	798.6499668559475	374	SEVERAL
798.6499668559475	798.964526427811	99999	sp
798.964526427811	799.5138796955785	382	SIGNED
799.5138796955785	800.3899668559475	245	LITHOGRAPHS
800.3899668559475	807.3739375	99999	sp
807.3739375	807.8341075847833	75	CALCIUM
807.8341075847833	808.1076200134615	254	MAKES
808.1076200134615	808.5873816061643	58	BONES
808.5873816061643	808.8135392062065	20	AND
808.8135392062065	809.0641075847833	430	TEETH
809.0641075847833	809.587412409155	406	STRONG
809.587412409155	818.438875	99999	sp
818.438875	818.6772191580902	142	EVEN
818.6772191580902	818.9193931788567	211	I
818.9193931788567	819.4357552112253	293	OCCASIONALLY
819.4357552112253	819.5911981603763	177	GET
819.5911981603763	819.647364984464	434	THE
819.647364984464	820.0113226729528	265	MONDAY
820.0113226729528	820.4819169666904	56	BLUES
820.4819169666904	827.8955625	99999	sp
827.8955625	828.1130409230109	210	HOW
828.1130409230109	828.2499372675674	128	DO
828.2499372675674	828.7307214304674	318	OYSTERS
828.7307214304674	828.9751683078227	253	MAKE
828.9751683078227	829.5899372675674	320	PEARLS
829.5899372675674	837.384375	99999	sp
837.384375	837.5178565355088	434	THE
837.5178565355088	837.8113532493069	453	TWO
837.8113532493069	838.2357446818987	33	ARTISTS
838.2357446818987	838.7657446818988	147	EXCHANGED
838.7657446818988	839.4157446818988	39	AUTOGRAPHS
839.4157446818988	855.8428125	99999	sp
855.8428125	856.0884566577483	24	ANY
856.0884566577483	856.8714599624573	105	CONTRIBUTIONS
856.8714599624573	856.9995688593058	485	WILL
856.9995688593058	857.1389641860621	47	BE
857.1389641860621	857.4614599624572	195	GREATLY
857.4614599624572	858.202782901089	28	APPRECIATED
858.202782901089	866.2693125	99999	sp
866.2693125	866.509867971454	443	THOSE
866.509867971454	866.6824102125045	484	WHO
866.6824102125045	866.9770068124647	427	TEACH
866.9770068124647	867.5070068124646	462	VALUES
867.5070068124646	867.7770068124646	156	FIRST
867.7770068124646	868.2470489584064	4	ABOLISH
868.2470489584064	868.7170068124647	87	CHEATING
868.7170068124647	876.49775	99999	sp
876.49775	876.596269229099	30	ARE
876.596269229099	876.7027720775156	495	YOU
876.7027720775156	876.9727720775156	250	LOOKING
876.9727720775156	877.1027720775156	161	FOR
877.1027720775156	877.7027720775156	136	EMPLOYMENT
877.7027720775156	884.534125	99999	sp
884.534125	884.6380192786838	19	AN
884.6380192786838	885.0780192786838	9	ADULT
885.0780192786838	885.3375779282978	255	MALE
885.3375779282978	885.8365945217341	42	BABOON'S
885.8365945217341	886.0904224357065	430	TEETH
886.0904224357065	886.1880192786839	30	ARE
886.1880192786839	886.4098890026987	285	NOT
886.4098890026987	886.7887869568139	415	SUITABLE
886.7887869568139	887.013105050467	161	FOR
887.013105050467	887.2619006996094	135	EATING
887.2619006996094	887.9480192786839	376	SHELLFISH
887.9480192786839	895.87025	99999	sp
895.87025	896.2160447591069	405	STEVE
896.2160447591069	896.4341670560863	490	WORE
896.4341670560863	896.5160447591069	1	A
896.5160447591069	896.8260447591069	65	BRIGHT
896.8260447591069	897.2164811911013	356	RED
897.2164811911013	897.7760447591069	78	CASHMERE
897.7760447591069	898.2360447591069	420	SWEATER
898.2360447591069	904.731375	99999	sp
904.731375	904.8729362533977	438	THEY
904.8729362533977	905.1004080306035	317	OWN
905.1004080306035	905.2387012426253	1	A
905.2387012426253	905.3929362533977	52	BIG
905.3929362533977	905.7529362533978	209	HOUSE
905.7529362533978	905.9155119604959	217	IN
905.9155119604959	905.9729362533978	434	THE
905.9729362533978	906.4032078835799	361	REMOTE
906.4032078835799	907.1229362533977	109	COUNTRYSIDE
907.1229362533977	914.7893125	99999	sp
914.7893125	915.0308198943823	375	SHE
915.0308198943823	915.2608198943823	490	WORE
915.2608198943823	915.5860184168372	471	WARM
915.5860184168372	916.0308198943823	158	FLEECY
916.0308198943823	916.4799227537047	489	WOOLEN
916.4799227537047	917.1508198943823	311	OVERALLS
917.1508198943823	924.7990625	99999	sp
924.7990625	925.0753796175339	354	READING
925.0753796175339	925.1958675873974	217	IN
925.1958675873974	925.3072306698099	434	THE
925.3072306698099	925.3087787789411	99999	sp
925.3087787789411	925.545379617534	335	POOR
925.545379617534	925.8104144131994	240	LIGHT
925.8104144131994	926.005379617534	181	GIVES
926.005379617534	926.1235835547608	495	YOU
926.1235835547608	926.7353796175339	150	EYESTRAIN
926.7353796175339	933.630625	99999	sp
933.630625	934.1559896114712	183	GLUCOSE
934.1559896114712	934.3151111983029	20	AND
934.3151111983029	934.9874890920013	167	FRUCTOSE
934.9874890920013	935.1025844170026	30	ARE
935.1025844170026	935.4851111983029	276	NATURAL
935.4851111983029	935.8751111983029	414	SUGARS
935.8751111983029	936.1138149810854	163	FOUND
936.1138149810854	936.2451111983029	217	IN
936.2451111983029	936.6051111983029	168	FRUIT
936.6051111983029	944.2308125	99999	sp
944.2308125	944.4892444457104	210	HOW
944.4892444457104	944.6346561558139	189	GOOD
944.6346561558139	944.8390557142161	224	IS
944.8390557142161	945.0600453555323	496	YOUR
945.0600453555323	945.8200453555323	138	ENDURANCE
945.8200453555323	953.34475	99999	sp
953.34475	953.4842014885108	434	THE
953.4842014885108	953.8102309061296	369	ROSE
953.8102309061296	954.2821464832319	106	CORSAGE
954.2821464832319	954.632146483232	393	SMELLED
954.632146483232	954.9920490900538	421	SWEET
954.9920490900538	962.5939375	99999	sp
962.5939375	962.9253625130281	98	COFFEE
962.9253625130281	963.2956032539901	224	IS
963.2956032539901	963.5981023175922	198	GROWN
963.5981023175922	963.825362513028	297	ON
963.825362513028	964.4265718806778	404	STEEP
964.4265718806778	964.7453625130281	231	JUNGLE
964.7453625130281	964.9853625130281	241	LIKE
964.9853625130281	965.5335002559341	390	SLOPES
965.5335002559341	965.7751423427015	217	IN
965.7751423427015	966.1753625130281	431	TEMPERATE
966.1753625130281	966.7853625130281	497	ZONES
966.7853625130281	974.21225	99999	sp
974.21225	974.7557038722566	71	BUTTERSCOTCH
974.7557038722566	975.0852940107388	169	FUDGE
975.0852940107388	975.2957038722566	186	GOES
975.2957038722566	975.4957038722566	481	WELL
975.4957038722566	975.6257038722567	487	WITH
975.6257038722567	975.9457038722567	463	VANILLA
975.9457038722567	976.1957038722567	212	ICE
976.1957038722567	976.5757038722567	112	CREAM
976.5757038722567	983.76175	99999	sp
983.76175	983.9449059787175	476	WE
983.9449059787175	984.2169563255793	241	LIKE
984.2169563255793	984.4305781060058	55	BLUE
984.4305781060058	984.8250280572772	88	CHEESE
984.8250280572772	984.9749059787175	70	BUT
984.9749059787175	985.2849059787175	466	VICTOR
985.2849059787175	985.6347031043558	242	LIKES
985.6347031043558	986.0449059787175	64	BRIE
986.0449059787175	994.2906875	99999	sp
994.2906875	994.74820010221	84	CHALLENGE
994.74820010221	995.1209982429236	132	EACH
995.1209982429236	995.5882001022101	175	GENERAL'S
995.5882001022101	996.44820010221	221	INTELLIGENCE
996.44820010221	1003.9659375	99999	sp
1003.9659375	1004.223069654125	298	ONLY
1004.223069654125	1004.3364490280467	434	THE
1004.3364490280467	1004.5798057771784	51	BEST
1004.5798057771784	1004.9598057771784	330	PLAYERS
1004.9598057771784	1005.319553215893	139	ENJOY
1005.319553215893	1006.0998057771784	336	POPULARITY
1006.0998057771784	1012.8103125	99999	sp
1012.8103125	1012.9103124999999	434	THE
1012.9103124999999	1013.2968806310143	165	FRIGHTENED
1013.2968806310143	1013.7203125	89	CHILD
1013.7203125	1013.8990568856057	472	WAS
1013.8990568856057	1014.2103125	176	GENTLY
1014.2103125	1014.6849083571443	410	SUBDUED
1014.6849083571443	1014.8603125	73	BY
1014.8603125	1015.043028107182	208	HIS
1015.043028107182	1015.2337541127346	52	BIG
1015.2337541127346	1015.6803124999999	66	BROTHER
1015.6803124999999	1029.3055	99999	sp
1029.3055	1029.4143222608593	30	ARE
1029.4143222608593	1029.6543695930666	496	YOUR
1029.6543695930666	1029.9343222608593	192	GRADES
1029.9343222608593	1030.2743222608592	206	HIGHER
1030.2743222608592	1030.643633001145	302	OR
1030.643633001145	1030.9680962260322	251	LOWER
1030.9680962260322	1031.0743222608594	432	THAN
1031.0743222608594	1031.7637632124563	275	NANCY'S
1031.7637632124563	1038.5249375	99999	sp
1513.408	1513.5377286544046	476	WE
1513.5377286544046	1513.8977286544048	480	WELCOME
1513.8977286544048	1514.1477286544048	256	MANY
1514.1477286544048	1514.3277286544046	282	NEW
1514.3277286544046	1514.8077286544046	408	STUDENTS
1514.8077286544046	1515.0677286544046	132	EACH
1515.0677286544046	1515.3077286544046	491	YEAR
1515.3077286544046	1522.2724375	99999	sp
1522.2724375	1522.4074520035313	1	A
1522.4074520035313	1522.7228143475463	110	CRAB
1522.7228143475463	1523.1885292642671	85	CHALLENGED
1523.1885292642671	1523.5170402784	258	ME
1523.5170402784	1523.6185292642672	70	BUT
1523.6185292642672	1523.7345458347497	1	A
1523.7345458347497	1523.9385292642671	350	QUICK
1523.9385292642671	1524.2785292642673	402	STAB
1524.2785292642673	1524.748529264267	464	VANQUISHED
1524.748529264267	1525.0485292642672	207	HIM
1525.0485292642672	1531.9253125	99999	sp
1531.9253125	1532.4422285077194	115	CYCLICAL
1532.4422285077194	1532.97362211837	346	PROGRAMS
1532.97362211837	1533.1236221183701	485	WILL
1533.1236221183701	1533.40362211837	281	NEVER
1533.40362211837	1533.9656886981845	100	COMPILE
1533.9656886981845	1540.772	99999	sp
1540.772	1541.2230291048131	286	NOTHING
1541.2230291048131	1541.3942936869396	224	IS
1541.3942936869396	1542.0133159321977	295	OFFENSIVE
1542.0133159321977	1542.3224498309157	34	AS
1542.3224498309157	1543.0374655367546	219	INNOCENCE
1543.0374655367546	1550.1889375	99999	sp
1550.1889375	1550.4735520633728	203	HELP
1550.4735520633728	1550.705658778587	196	GREG
1550.705658778587	1550.8426475376398	446	TO
1550.8426475376398	1551.0049868772742	325	PICK
1551.0049868772742	1551.116277445983	1	A
1551.116277445983	1551.3162869800192	321	PECK
1551.3162869800192	1551.4482464918092	294	OF
1551.4482464918092	1552.1208129559104	338	POTATOES
1552.1208129559104	1559.40375	99999	sp
1559.40375	1559.5505477825955	257	MAY
1559.5505477825955	1559.7018437197303	211	I
1559.7018437197303	1559.9318437197303	304	ORDER
1559.9318437197303	1559.9873082234021	1	A
1559.9873082234021	1560.0353724387621	99999	sp
1560.0353724387621	1560.0358628899394	99999	sp
1560.0358628899394	1560.4518437197303	319	PARFAIT
1560.4518437197303	1560.8218437197304	10	AFTER
1560.8218437197304	1560.976395867159	211	I
1560.976395867159	1561.1951789860193	134	EAT
1561.1951789860193	1561.5446218213885	124	DINNER
1561.5446218213885	1568.4974375	99999	sp
1568.4974375	1568.5650120499245	434	THE
1568.5650120499245	1568.843920580421	475	WATER
1568.843920580421	1569.2950120499245	103	CONTAINED
1569.2950120499245	1569.4350120499246	448	TOO
1569.4350120499246	1569.708808192435	269	MUCH
1569.708808192435	1570.0850120499244	90	CHLORINE
1570.0850120499244	1570.2350120499245	20	AND
1570.2350120499245	1570.4850120499245	409	STUNG
1570.4850120499245	1570.6550120499244	208	HIS
1570.6550120499244	1571.0515303721522	149	EYES
1571.0515303721522	1578.340375	99999	sp
1578.340375	1578.4369938818973	434	THE
1578.4369938818973	1578.7823948190314	61	BOSTON
1578.7823948190314	1579.1706547341903	45	BALLET
1579.1706547341903	1579.691469782642	312	OVERCAME
1579.691469782642	1579.8104597091624	435	THEIR
1579.8104597091624	1580.244620033061	170	FUNDING
1580.244620033061	1580.8687378431437	380	SHORTAGE
1580.8687378431437	1588.4259375	99999	sp
1588.4259375	1588.542595053166	476	WE
1588.542595053166	1588.6925950531659	30	ARE
1588.6925950531659	1588.9325950531659	301	OPEN
1588.9325950531659	1589.232595053166	145	EVERY
1589.232595053166	1589.552595053166	265	MONDAY
1589.552595053166	1589.908130894172	268	MORNING
1589.908130894172	1598.554	99999	sp
1598.554	1598.842810501259	46	BARB'S
1598.842810501259	1599.0421057107494	188	GOLD
1599.0421057107494	1599.4179171014734	63	BRACELET
1599.4179171014734	1599.5535784359176	472	WAS
1599.5535784359176	1599.6568850083875	1	A
1599.6568850083875	1600.2079171014734	193	GRADUATION
1600.2079171014734	1600.6101716214355	339	PRESENT
1600.6101716214355	1607.8361875	99999	sp
1607.8361875	1607.9833228531431	210	HOW
1607.9833228531431	1608.420218878674	269	MUCH
1608.420218878674	1608.9754073741162	16	ALLOWANCE
1608.9754073741162	1609.0421758948883	128	DO
1609.0421758948883	1609.2083716832594	495	YOU
1609.2083716832594	1609.4047937513599	177	GET
1609.4047937513599	1617.393625	99999	sp
1617.393625	1617.9093734705586	44	BAGPIPES
1617.9093734705586	1618.0193734705585	20	AND
1618.0193734705585	1618.414498386851	59	BONGOS
1618.414498386851	1618.5093734705588	30	ARE
1618.5093734705588	1618.9293734705586	273	MUSICAL
1618.9293734705586	1619.5976972240728	220	INSTRUMENTS
1619.5976972240728	1625.979598929944	99999	sp
1625.979598929944	1626.045875	1	A
1626.045875	1626.555875	371	SCREWDRIVER
1626.555875	1626.745799720376	224	IS
1626.745799720376	1626.9458750000001	252	MADE
1626.9458750000001	1627.1758750000001	166	FROM
1627.1758750000001	1627.495875	469	VODKA
1627.495875	1627.645875	20	AND
1627.645875	1627.995875	303	ORANGE
1627.995875	1628.378470386023	230	JUICE
1628.378470386023	1636.6225	99999	sp
1636.6225	1636.7343228683887	434	THE
1636.7343228683887	1637.2632462819954	111	CRANBERRY
1637.2632462819954	1637.5420345756513	57	BOG
1637.5420345756513	1637.7904321922304	178	GETS
1637.7904321922304	1638.1202742764199	465	VERY
1638.1202742764199	1638.3344230633757	340	PRETTY
1638.3344230633757	1638.4744230633755	217	IN
1638.4744230633755	1638.869592721398	40	AUTUMN
1638.869592721398	1646.320125	99999	sp
1646.320125	1647.0263430943992	17	AMBIDEXTROUS
1647.0263430943992	1647.6135601271806	327	PICKPOCKETS
1647.6135601271806	1648.0808751606414	6	ACCOMPLISH
1648.0808751606414	1648.3435601271806	267	MORE
1648.3435601271806	1655.988125	99999	sp
1655.988125	1656.1401230164115	433	THAT
1656.1401230164115	1656.178910507909	99999	sp
1656.178910507909	1656.6781998454558	326	PICKPOCKET
1656.6781998454558	1656.889264028163	472	WAS
1656.889264028163	1657.144949173865	80	CAUGHT
1657.144949173865	1657.3531602465764	356	RED
1657.3531602465764	1657.843608361093	199	HANDED
1657.843608361093	1665.177	99999	sp
1665.177	1665.5119196558678	229	JOHN'S
1665.5119196558678	1665.8167148918749	66	BROTHER
1665.8167148918749	1666.3546701402422	363	REPAINTED
1666.3546701402422	1666.4608729578372	434	THE
1666.4608729578372	1666.8710677095114	173	GARAGE
1666.8710677095114	1667.166714891875	129	DOOR
1667.166714891875	1674.19875	99999	sp
1674.19875	1674.41161958221	270	MUM
1674.41161958221	1674.865614170976	407	STRONGLY
1674.865614170976	1675.3823569404638	126	DISLIKES
1675.3823569404638	1676.155611839932	27	APPETIZERS
1676.155611839932	1683.35375	99999	sp
1683.35375	1683.492100864654	226	IT'S
1683.492100864654	1683.6821008646539	285	NOT
1683.6821008646539	1683.922100864654	133	EASY
1683.922100864654	1684.0922520001366	446	TO
1684.0922520001366	1684.3932415560607	113	CREATE
1684.3932415560607	1685.042100864654	215	ILLUMINATING
1685.042100864654	1685.724951278906	146	EXAMPLES
1685.724951278906	1692.56275	99999	sp
1692.56275	1692.6894344656753	204	HER
1692.6894344656753	1693.0994344656754	470	WARDROBE
1693.0994344656754	1693.1414924282442	99999	sp
1693.1414924282442	1693.5594344656754	102	CONSISTS
1693.5594344656754	1693.6794344656753	294	OF
1693.6794344656753	1693.9963047444185	298	ONLY
1693.9963047444185	1694.3594344656753	385	SKIRTS
1694.3594344656753	1694.480148498231	20	AND
1694.480148498231	1694.9942696599098	54	BLOUSES
1694.9942696599098	1702.8975625	99999	sp
1702.8975625	1703.115056672812	108	COUNT
1703.115056672812	1703.1773316960107	434	THE
1703.1773316960107	1703.56428264172	289	NUMBER
1703.56428264172	1703.7001749663593	294	OF
1703.7001749663593	1704.1642826417199	429	TEASPOONS
1704.1642826417199	1704.23428264172	294	OF
1704.23428264172	1704.9731870189241	395	SOYSAUCE
1704.9731870189241	1705.561607905595	99999	sp
1705.561607905595	1705.705475441755	433	THAT
1705.705475441755	1705.866321700805	495	YOU
1705.866321700805	1706.1903590580023	7	ADD
1706.1903590580023	1714.69375	99999	sp
1714.69375	1714.9637101724672	145	EVERY
1714.9637101724672	1715.217993203172	74	CAB
1715.217993203172	1715.479461224798	280	NEEDS
1715.479461224798	1716.029461224798	364	REPAINTING
1716.029461224798	1716.5779334029087	296	OFTEN
1716.5779334029087	1723.97125	99999	sp
1723.97125	1724.1892990276365	130	DRAW
1724.1892990276365	1724.5121997362037	145	EVERY
1724.5121997362037	1724.8521997362036	308	OUTER
1724.8521997362036	1725.1021997362036	244	LINE
1725.1021997362036	1725.5121997362037	156	FIRST
1725.5121997362037	1725.7521997362037	436	THEN
1725.7521997362037	1726.0321997362037	154	FILL
1726.0321997362037	1726.1564562197989	217	IN
1726.1564562197989	1726.2521997362037	434	THE
1726.2521997362037	1726.9266075227997	222	INTERIOR
1726.9266075227997	1733.845125	99999	sp
1733.845125	1733.8911842763277	1	A
1733.8911842763277	1734.3617719268116	271	MUSCULAR
1734.3617719268116	1734.7417719268115	2	ABDOMEN
1734.7417719268115	1734.910944666264	224	IS
1734.910944666264	1735.0204244756244	189	GOOD
1735.0204244756244	1735.1617719268115	161	FOR
1735.1617719268115	1735.3394686764523	496	YOUR
1735.3394686764523	1735.6481948423727	43	BACK
1735.6481948423727	1742.8389375	99999	sp
1742.8389375	1742.907110213623	224	IS
1742.907110213623	1743.0978531279077	375	SHE
1743.0978531279077	1743.3278531279077	187	GOING
1743.3278531279077	1743.4778531279078	306	OUT
1743.4778531279078	1743.6486824326787	487	WITH
1743.6486824326787	1743.8778464408301	495	YOU
1743.8778464408301	1750.9868125	99999	sp
1750.9868125	1751.2385266896717	142	EVEN
1751.2385266896717	1751.2902145632745	1	A
1751.2902145632745	1751.6302145632746	383	SIMPLE
1751.6302145632746	1752.3399594259677	468	VOCABULARY
1752.3399594259677	1752.8102145632747	104	CONTAINS
1752.8102145632747	1753.4402145632746	422	SYMBOLS
1753.4402145632746	1761.6733125	99999	sp
1761.6733125	1761.8179955972575	76	CAN
1761.8179955972575	1761.8686965331356	434	THE
1761.8686965331356	1762.3986965331355	11	AGENCY
1762.3986965331355	1762.9322493294494	315	OVERTHROW
1762.9322493294494	1763.3486965331356	13	ALIEN
1763.3486965331356	1764.0115872918436	162	FORCES
1764.0115872918436	1772.6010625	99999	sp
1772.6010625	1772.8628624356827	366	RICH
1772.8628624356827	1773.2360739338974	349	PURCHASED
1773.2360739338974	1773.6460739338975	374	SEVERAL
1773.6460739338975	1774.0533308294648	382	SIGNED
1774.0533308294648	1774.72714434576	245	LITHOGRAPHS
1774.72714434576	1781.442625	99999	sp
1781.442625	1781.8715209766435	75	CALCIUM
1781.8715209766435	1782.1492337520585	254	MAKES
1782.1492337520585	1782.4515209766437	58	BONES
1782.4515209766437	1782.5770294648325	20	AND
1782.5770294648325	1782.8115209766436	430	TEETH
1782.8115209766436	1783.2715209766436	406	STRONG
1783.2715209766436	1791.5126875	99999	sp
1791.5126875	1791.7397442731185	142	EVEN
1791.7397442731185	1791.9497442731185	211	I
1791.9497442731185	1792.366295267816	293	OCCASIONALLY
1792.366295267816	1792.514121366573	177	GET
1792.514121366573	1792.5697442731184	434	THE
1792.5697442731184	1792.969279969502	265	MONDAY
1792.969279969502	1793.4497442731185	56	BLUES
1793.4497442731185	1800.66525	99999	sp
1800.66525	1800.974640995772	210	HOW
1800.974640995772	1801.2469647075118	128	DO
1801.2469647075118	1801.695868138929	318	OYSTERS
1801.695868138929	1801.9224320301723	253	MAKE
1801.9224320301723	1802.5157013604842	320	PEARLS
1802.5157013604842	1809.99	99999	sp
1809.99	1810.133702194903	434	THE
1810.133702194903	1810.3859369047748	453	TWO
1810.3859369047748	1810.804353722406	33	ARTISTS
1810.804353722406	1811.4459369047747	147	EXCHANGED
1811.4459369047747	1812.154857060959	39	AUTOGRAPHS
1812.154857060959	1819.4713125	99999	sp
1819.4713125	1819.5801347608594	30	ARE
1819.5801347608594	1819.8201820930667	496	YOUR
1819.8201820930667	1820.1001347608594	192	GRADES
1820.1001347608594	1820.4401347608593	206	HIGHER
1820.4401347608593	1820.809445501145	302	OR
1820.809445501145	1821.1339087260324	251	LOWER
1821.1339087260324	1821.2401347608595	432	THAN
1821.2401347608595	1821.9295757124564	275	NANCY'S
1821.9295757124564	1829.6103125	99999	sp
1829.6103125	1829.8737612224409	24	ANY
1829.8737612224409	1830.5596281536286	105	CONTRIBUTIONS
1830.5596281536286	1830.6596281536285	485	WILL
1830.6596281536285	1830.8047290557963	47	BE
1830.8047290557963	1831.1796281536285	195	GREATLY
1831.1796281536285	1831.9088138783848	28	APPRECIATED
1831.9088138783848	1839.29025	99999	sp
1839.29025	1839.569029747216	443	THOSE
1839.569029747216	1839.7130326424453	484	WHO
1839.7130326424453	1839.949029747216	427	TEACH
1839.949029747216	1840.429029747216	462	VALUES
1840.429029747216	1840.7109343015027	156	FIRST
1840.7109343015027	1841.099029747216	4	ABOLISH
1841.099029747216	1841.5920676443998	87	CHEATING
1841.5920676443998	1848.76525	99999	sp
1848.76525	1848.871203671076	30	ARE
1848.871203671076	1848.9912036710762	495	YOU
1848.9912036710762	1849.2812036710761	250	LOOKING
1849.2812036710761	1849.401203671076	161	FOR
1849.401203671076	1849.9912036710762	136	EMPLOYMENT
1849.9912036710762	1857.114125	99999	sp
1857.114125	1857.1916162859889	19	AN
1857.1916162859889	1857.5651553930543	9	ADULT
1857.5651553930543	1857.8869555292767	255	MALE
1857.8869555292767	1858.3912849633189	42	BABOON'S
1858.3912849633189	1858.6209812711502	430	TEETH
1858.6209812711502	1858.7181966167439	30	ARE
1858.7181966167439	1858.929078346617	285	NOT
1858.929078346617	1859.3122490439987	415	SUITABLE
1859.3122490439987	1859.438351731267	161	FOR
1859.438351731267	1859.713697000051	135	EATING
1859.713697000051	1860.407116287133	376	SHELLFISH
1860.407116287133	1868.0501875	99999	sp
1868.0501875	1868.443997303215	405	STEVE
1868.443997303215	1868.6801754801518	490	WORE
1868.6801754801518	1868.746445273095	1	A
1868.746445273095	1869.0083571151015	65	BRIGHT
1869.0083571151015	1869.2641644477742	356	RED
1869.2641644477742	1869.6751156948194	78	CASHMERE
1869.6751156948194	1870.100859084495	420	SWEATER
1870.100859084495	1876.3406875	99999	sp
1876.3406875	1876.5319149836241	438	THEY
1876.5319149836241	1876.8104035531733	317	OWN
1876.8104035531733	1877.00393286441	1	A
1877.00393286441	1877.1519149836242	52	BIG
1877.1519149836242	1877.5419149836243	209	HOUSE
1877.5419149836243	1877.6828607191358	217	IN
1877.6828607191358	1877.7419149836242	434	THE
1877.7419149836242	1878.129401728422	361	REMOTE
1878.129401728422	1878.7919149836243	109	COUNTRYSIDE
1878.7919149836243	1885.7893125	99999	sp
1885.7893125	1886.0213281903211	375	SHE
1886.0213281903211	1886.2713281903211	490	WORE
1886.2713281903211	1886.6113281903213	471	WARM
1886.6113281903213	1887.061328190321	158	FLEECY
1887.061328190321	1887.3663480955915	489	WOOLEN
1887.3663480955915	1888.0484829289612	311	OVERALLS
1888.0484829289612	1895.0895	99999	sp
1895.0895	1895.360431698721	354	READING
1895.360431698721	1895.453687723457	217	IN
1895.453687723457	1895.5856200062833	434	THE
1895.5856200062833	1895.790431698721	335	POOR
1895.790431698721	1896.0529617107893	240	LIGHT
1896.0529617107893	1896.220431698721	181	GIVES
1896.220431698721	1896.320431698721	495	YOU
1896.320431698721	1896.9012963473556	150	EYESTRAIN
1896.9012963473556	1903.7340625	99999	sp
1903.7340625	1904.1367739549623	183	GLUCOSE
1904.1367739549623	1904.2567739549622	20	AND
1904.2567739549622	1904.7567739549622	167	FRUCTOSE
1904.7567739549622	1904.9167739549623	30	ARE
1904.9167739549623	1905.3067739549624	276	NATURAL
1905.3067739549624	1905.7067739549625	414	SUGARS
1905.7067739549625	1905.9367739549623	163	FOUND
1905.9367739549623	1906.036569828638	217	IN
1906.036569828638	1906.3767739549623	168	FRUIT
1906.3767739549623	1913.07525	99999	sp
1913.07525	1913.267980916894	210	HOW
1913.267980916894	1913.3987846583566	189	GOOD
1913.3987846583566	1913.5305349495507	224	IS
1913.5305349495507	1913.6887846583566	496	YOUR
1913.6887846583566	1914.3032025698412	138	ENDURANCE
1914.3032025698412	1921.65125	99999	sp
1921.65125	1921.7330732659807	434	THE
1921.7330732659807	1922.032093366325	369	ROSE
1922.032093366325	1922.5916317583453	106	CORSAGE
1922.5916317583453	1922.7973896947176	393	SMELLED
1922.7973896947176	1923.1030467905973	421	SWEET
1923.1030467905973	1930.1273125	99999	sp
1930.1273125	1930.4407594098475	98	COFFEE
1930.4407594098475	1930.7129150835115	224	IS
1930.7129150835115	1930.989214148201	198	GROWN
1930.989214148201	1931.2107594098475	297	ON
1931.2107594098475	1931.641401325518	404	STEEP
1931.641401325518	1931.9407594098475	231	JUNGLE
1931.9407594098475	1932.1407594098475	241	LIKE
1932.1407594098475	1932.4807594098475	390	SLOPES
1932.4807594098475	1932.6207594098476	217	IN
1932.6207594098476	1933.0107594098474	431	TEMPERATE
1933.0107594098474	1933.4507594098475	497	ZONES
1933.4507594098475	1940.6278125	99999	sp
1940.6278125	1941.2033583476396	71	BUTTERSCOTCH
1941.2033583476396	1941.5337204552104	169	FUDGE
1941.5337204552104	1941.7780588776486	186	GOES
1941.7780588776486	1941.9354280159953	481	WELL
1941.9354280159953	1942.1133723651014	487	WITH
1942.1133723651014	1942.3554280159954	463	VANILLA
1942.3554280159954	1942.7101431980823	212	ICE
1942.7101431980823	1942.9386811703328	112	CREAM
1942.9386811703328	1950.5395	99999	sp
1950.5395	1950.796551887959	476	WE
1950.796551887959	1951.053339537418	241	LIKE
1951.053339537418	1951.231674056373	55	BLUE
1951.231674056373	1951.6186327784485	88	CHEESE
1951.6186327784485	1951.756551887959	70	BUT
1951.756551887959	1952.0865518879589	466	VICTOR
1952.0865518879589	1952.3773585124063	242	LIKES
1952.3773585124063	1952.6556859270897	64	BRIE
1952.6556859270897	1960.2425625	99999	sp
1960.2425625	1960.7762157331504	84	CHALLENGE
1960.7762157331504	1961.118319102343	132	EACH
1961.118319102343	1961.618319102343	175	GENERAL'S
1961.618319102343	1962.5083191023432	221	INTELLIGENCE
1962.5083191023432	1969.7481875	99999	sp
1969.7481875	1970.0320136096136	298	ONLY
1970.0320136096136	1970.1532310105943	434	THE
1970.1532310105943	1970.3865247666579	51	BEST
1970.3865247666579	1970.692818373161	330	PLAYERS
1970.692818373161	1971.0596589952604	139	ENJOY
1971.0596589952604	1971.8328183731608	336	POPULARITY
1971.8328183731608	1978.027375	99999	sp
1978.027375	1978.0984642641115	434	THE
1978.0984642641115	1978.4708532962711	165	FRIGHTENED
1978.4708532962711	1978.8084642641115	89	CHILD
1978.8084642641115	1978.9684642641116	472	WAS
1978.9684642641116	1979.2584642641116	176	GENTLY
1979.2584642641116	1979.6670732426094	410	SUBDUED
1979.6670732426094	1979.8184642641115	73	BY
1979.8184642641115	1979.9751926647555	208	HIS
1979.9751926647555	1980.1525839832639	52	BIG
1980.1525839832639	1980.5384642641116	66	BROTHER
1980.5384642641116	1989.7513125	99999	sp
1989.7513125	1989.863555337145	30	ARE
1989.863555337145	1990.0437822340928	496	YOUR
1990.0437822340928	1990.3035553371449	192	GRADES
1990.3035553371449	1990.5535553371449	206	HIGHER
1990.5535553371449	1990.8035553371449	302	OR
1990.8035553371449	1991.1107348368255	251	LOWER
1991.1107348368255	1991.273555337145	432	THAN
1991.273555337145	1991.953555337145	275	NANCY'S
1991.953555337145	1998.9785	99999	sp
2473.76775	2473.902845458016	476	WE
2473.902845458016	2474.292845458016	480	WELCOME
2474.292845458016	2474.5528454580162	256	MANY
2474.5528454580162	2474.752845458016	282	NEW
2474.752845458016	2475.192845458016	408	STUDENTS
2475.192845458016	2475.4528454580163	132	EACH
2475.4528454580163	2475.732845458016	491	YEAR
2475.732845458016	2482.54425	99999	sp
2482.54425	2482.669441782979	1	A
2482.669441782979	2482.926684354079	110	CRAB
2482.926684354079	2483.3673285156183	85	CHALLENGED
2483.3673285156183	2483.59645457944	258	ME
2483.59645457944	2483.7008801525976	70	BUT
2483.7008801525976	2483.863380297019	1	A
2483.863380297019	2484.0973285156183	350	QUICK
2484.0973285156183	2484.4354495027906	402	STAB
2484.4354495027906	2484.8850564697223	464	VANQUISHED
2484.8850564697223	2485.1573285156182	207	HIM
2485.1573285156182	2491.233375	99999	sp
2491.233375	2491.7680752232577	115	CYCLICAL
2491.7680752232577	2492.2159432764242	346	PROGRAMS
2492.2159432764242	2492.323375	485	WILL
2492.323375	2492.623845307468	281	NEVER
2492.623845307468	2493.133375	100	COMPILE
2493.133375	2499.307125	99999	sp
2499.307125	2499.6684526349013	286	NOTHING
2499.6684526349013	2500.0589722633504	224	IS
2500.0589722633504	2500.2397540830884	34	AS
2500.2397540830884	2500.7497540830886	295	OFFENSIVE
2500.7497540830886	2500.9797540830887	34	AS
2500.9797540830887	2501.7397540830884	219	INNOCENCE
2501.7397540830884	2507.9478125	99999	sp
2507.9478125	2508.2830370019933	203	HELP
2508.2830370019933	2508.539337047095	196	GREG
2508.539337047095	2508.693571972284	446	TO
2508.693571972284	2508.8627745176773	325	PICK
2508.8627745176773	2508.9825758126854	1	A
2508.9825758126854	2509.197424212825	321	PECK
2509.197424212825	2509.324153632554	294	OF
2509.324153632554	2510.047424212825	338	POTATOES
2510.047424212825	2518.0306875	99999	sp
2518.0306875	2518.276059905011	257	MAY
2518.276059905011	2518.3660599050113	211	I
2518.3660599050113	2518.60778047997	304	ORDER
2518.60778047997	2518.711311707311	1	A
2518.711311707311	2519.1560599050113	319	PARFAIT
2519.1560599050113	2519.516059905011	10	AFTER
2519.516059905011	2519.636059905011	211	I
2519.636059905011	2519.8488658823753	134	EAT
2519.8488658823753	2520.226059905011	124	DINNER
2520.226059905011	2527.0455	99999	sp
2527.0455	2527.150274133733	434	THE
2527.150274133733	2527.4702741337333	475	WATER
2527.4702741337333	2527.8475558862156	103	CONTAINED
2527.8475558862156	2527.9902741337332	448	TOO
2527.9902741337332	2528.2433733087532	269	MUCH
2528.2433733087532	2528.570274133733	90	CHLORINE
2528.570274133733	2528.7002741337333	20	AND
2528.7002741337333	2528.9447462570915	409	STUNG
2528.9447462570915	2529.1202741337333	208	HIS
2529.1202741337333	2529.5602741337334	149	EYES
2529.5602741337334	2537.7783125	99999	sp
2537.7783125	2537.842040963659	434	THE
2537.842040963659	2538.2702260676474	61	BOSTON
2538.2702260676474	2538.6720409636596	45	BALLET
2538.6720409636596	2539.201031603473	312	OVERCAME
2539.201031603473	2539.3520409636594	435	THEIR
2539.3520409636594	2539.7420409636593	170	FUNDING
2539.7420409636593	2540.2040165975786	380	SHORTAGE
2540.2040165975786	2548.699625	99999	sp
2548.699625	2548.858391860635	476	WE
2548.858391860635	2549.008391860635	30	ARE
2549.008391860635	2549.258391860635	301	OPEN
2549.258391860635	2549.5644413899963	145	EVERY
2549.5644413899963	2549.928391860635	265	MONDAY
2549.928391860635	2550.3683918606353	143	EVENING
2550.3683918606353	2557.2435625	99999	sp
2557.2435625	2557.5472666935666	46	BARB'S
2557.5472666935666	2557.7650352953847	188	GOLD
2557.7650352953847	2558.185231620802	63	BRACELET
2558.185231620802	2558.405115734196	472	WAS
2558.405115734196	2558.4627530519765	1	A
2558.4627530519765	2559.035231620802	193	GRADUATION
2559.035231620802	2559.415231620802	339	PRESENT
2559.415231620802	2567.643875	99999	sp
2567.643875	2567.7945024762153	210	HOW
2567.7945024762153	2568.0017218184016	269	MUCH
2568.0017218184016	2568.4349327095474	16	ALLOWANCE
2568.4349327095474	2568.4745024762155	128	DO
2568.4745024762155	2568.6045024762157	495	YOU
2568.6045024762157	2568.8945024762156	177	GET
2568.8945024762156	2576.1914375	99999	sp
2576.1914375	2576.6941365946623	44	BAGPIPES
2576.6941365946623	2576.8303405443635	20	AND
2576.8303405443635	2577.199899364049	59	BONGOS
2577.199899364049	2577.259899364049	30	ARE
2577.259899364049	2577.680877122394	273	MUSICAL
2577.680877122394	2578.359899364049	220	INSTRUMENTS
2578.359899364049	2584.4919431147364	99999	sp
2584.4919431147364	2584.55306291581	1	A
2584.55306291581	2585.2230629158103	371	SCREWDRIVER
2585.2230629158103	2585.449149909921	224	IS
2585.449149909921	2585.6830629158103	252	MADE
2585.6830629158103	2585.89980078112	166	FROM
2585.89980078112	2586.3357648789315	469	VODKA
2586.3357648789315	2586.447913958766	20	AND
2586.447913958766	2586.84306291581	303	ORANGE
2586.84306291581	2587.23306291581	230	JUICE
2587.23306291581	2595.3695	99999	sp
2595.3695	2595.5283231918615	434	THE
2595.5283231918615	2596.056911493792	111	CRANBERRY
2596.056911493792	2596.3146368329244	57	BOG
2596.3146368329244	2596.5506442632914	178	GETS
2596.5506442632914	2596.882136816861	465	VERY
2596.882136816861	2597.1298691627553	340	PRETTY
2597.1298691627553	2597.2401842645413	217	IN
2597.2401842645413	2597.6435274384617	40	AUTUMN
2597.6435274384617	2604.6348125	99999	sp
2604.6348125	2605.3527034505655	17	AMBIDEXTROUS
2605.3527034505655	2605.909351975922	327	PICKPOCKETS
2605.909351975922	2606.369351975922	6	ACCOMPLISH
2606.369351975922	2606.669351975922	267	MORE
2606.669351975922	2615.308542746576	99999	sp
2615.308542746576	2615.6579576400945	433	THAT
2615.6579576400945	2615.9308125	99999	sp
2615.9308125	2616.121298127876	433	THAT
2616.121298127876	2616.6152341715397	326	PICKPOCKET
2616.6152341715397	2616.7752341715395	472	WAS
2616.7752341715395	2616.9632608941024	80	CAUGHT
2616.9632608941024	2617.16523417154	356	RED
2617.16523417154	2617.6310894350117	199	HANDED
2617.6310894350117	2624.2255	99999	sp
2624.2255	2624.5256864328703	229	JOHN'S
2624.5256864328703	2624.8730628975222	66	BROTHER
2624.8730628975222	2625.3856864328704	363	REPAINTED
2625.3856864328704	2625.5055144494877	434	THE
2625.5055144494877	2625.8643791006825	173	GARAGE
2625.8643791006825	2626.12568643287	129	DOOR
2626.12568643287	2633.6248125	99999	sp
2633.6248125	2633.853303678612	270	MUM
2633.853303678612	2634.2898840248986	407	STRONGLY
2634.2898840248986	2634.6846854847504	126	DISLIKES
2634.6846854847504	2635.443303678612	27	APPETIZERS
2635.443303678612	2642.3794375	99999	sp
2642.3794375	2642.5317719273044	226	IT'S
2642.5317719273044	2642.721771927304	285	NOT
2642.721771927304	2643.0071105138104	133	EASY
2643.0071105138104	2643.1566828673485	446	TO
2643.1566828673485	2643.471771927304	113	CREATE
2643.471771927304	2644.101771927304	215	ILLUMINATING
2644.101771927304	2644.8717719273045	146	EXAMPLES
2644.8717719273045	2652.081625	99999	sp
2652.081625	2652.2479063697965	204	HER
2652.2479063697965	2652.6543691981237	470	WARDROBE
2652.6543691981237	2653.107906369796	102	CONSISTS
2653.107906369796	2653.2195562548554	294	OF
2653.2195562548554	2653.5519711628517	298	ONLY
2653.5519711628517	2653.886293981722	385	SKIRTS
2653.886293981722	2654.033999550153	20	AND
2654.033999550153	2654.607906369796	54	BLOUSES
2654.607906369796	2662.468125	99999	sp
2662.468125	2662.699224543643	108	COUNT
2662.699224543643	2662.771932399907	434	THE
2662.771932399907	2663.2307443959	289	NUMBER
2663.2307443959	2663.4179150801806	294	OF
2663.4179150801806	2663.867911337838	429	TEASPOONS
2663.867911337838	2663.9507443958996	294	OF
2663.9507443958996	2664.4862647071864	395	SOYSAUCE
2664.4862647071864	2664.6507443959	433	THAT
2664.6507443959	2664.7707443959	495	YOU
2664.7707443959	2665.0907443959	7	ADD
2665.0907443959	2673.2251875	99999	sp
2673.2251875	2673.481107648611	145	EVERY
2673.481107648611	2673.7136270989427	74	CAB
2673.7136270989427	2673.933627098943	280	NEEDS
2673.933627098943	2674.4636270989427	364	REPAINTING
2674.4636270989427	2675.023627098943	296	OFTEN
2675.023627098943	2684.843875	99999	sp
2684.843875	2685.1779435703693	130	DRAW
2685.1779435703693	2685.517943570369	145	EVERY
2685.517943570369	2685.777943570369	308	OUTER
2685.777943570369	2686.017943570369	244	LINE
2686.017943570369	2686.4724024662382	156	FIRST
2686.4724024662382	2686.6779435703693	436	THEN
2686.6779435703693	2686.977943570369	154	FILL
2686.977943570369	2687.1779435703693	217	IN
2687.1779435703693	2687.267943570369	434	THE
2687.267943570369	2687.837943570369	222	INTERIOR
2687.837943570369	2695.0809375	99999	sp
2695.0809375	2695.1607070452064	1	A
2695.1607070452064	2695.589479298326	271	MUSCULAR
2695.589479298326	2696.119479298326	2	ABDOMEN
2696.119479298326	2696.3287394702625	224	IS
2696.3287394702625	2696.459479298326	189	GOOD
2696.459479298326	2696.579479298326	161	FOR
2696.579479298326	2696.7227021228186	496	YOUR
2696.7227021228186	2697.069479298326	43	BACK
2697.069479298326	2703.5110625	99999	sp
2703.5110625	2703.5965885899973	224	IS
2703.5965885899973	2703.7365885899976	375	SHE
2703.7365885899976	2703.9736824498796	187	GOING
2703.9736824498796	2704.116147970866	306	OUT
2704.116147970866	2704.2560201432048	487	WITH
2704.2560201432048	2704.455906472052	495	YOU
2704.455906472052	2710.96275	99999	sp
2710.96275	2711.191616047838	142	EVEN
2711.191616047838	2711.2621022614394	1	A
2711.2621022614394	2711.6121022614393	383	SIMPLE
2711.6121022614393	2712.2990791597413	468	VOCABULARY
2712.2990791597413	2712.7421022614394	104	CONTAINS
2712.7421022614394	2713.2921022614396	422	SYMBOLS
2713.2921022614396	2720.82125	99999	sp
2720.82125	2720.982955460194	76	CAN
2720.982955460194	2721.0528042145124	434	THE
2721.0528042145124	2721.5673248318985	11	AGENCY
2721.5673248318985	2722.0373248318983	315	OVERTHROW
2722.0373248318983	2722.4373248318984	13	ALIEN
2722.4373248318984	2723.1673248318984	162	FORCES
2723.1673248318984	2730.0394375	99999	sp
2730.0394375	2730.336868637098	366	RICH
2730.336868637098	2730.6875290837206	349	PURCHASED
2730.6875290837206	2731.0577769239535	374	SEVERAL
2731.0577769239535	2731.427529083721	382	SIGNED
2731.427529083721	2732.257529083721	245	LITHOGRAPHS
2732.257529083721	2739.2720625	99999	sp
2739.2720625	2739.6838430947473	75	CALCIUM
2739.6838430947473	2739.9584383806555	254	MAKES
2739.9584383806555	2740.2238430947473	58	BONES
2740.2238430947473	2740.3618132505026	20	AND
2740.3618132505026	2740.5638430947474	430	TEETH
2740.5638430947474	2741.0438430947474	406	STRONG
2741.0438430947474	2749.4476875	99999	sp
2749.4476875	2749.70813950553	142	EVEN
2749.70813950553	2749.95813950553	211	I
2749.95813950553	2750.4356717401224	293	OCCASIONALLY
2750.4356717401224	2750.597368301509	177	GET
2750.597368301509	2750.6481395055303	434	THE
2750.6481395055303	2751.058254867019	265	MONDAY
2751.058254867019	2751.5881395055303	56	BLUES
2751.5881395055303	2760.0209375	99999	sp
2760.0209375	2760.290468308098	210	HOW
2760.290468308098	2760.4508474826	128	DO
2760.4508474826	2760.8805378239495	318	OYSTERS
2760.8805378239495	2761.1147999405316	253	MAKE
2761.1147999405316	2761.6205378239492	320	PEARLS
2761.6205378239492	2769.539375	99999	sp
2769.539375	2769.6865742980162	434	THE
2769.6865742980162	2769.9465807309434	453	TWO
2769.9465807309434	2770.3895057633513	33	ARTISTS
2770.3895057633513	2770.998502285338	147	EXCHANGED
2770.998502285338	2771.6867479923308	39	AUTOGRAPHS
2771.6867479923308	2779.9344375	99999	sp
2779.9344375	2780.046680337145	30	ARE
2780.046680337145	2780.226907234093	496	YOUR
2780.226907234093	2780.486680337145	192	GRADES
2780.486680337145	2780.736680337145	206	HIGHER
2780.736680337145	2780.986680337145	302	OR
2780.986680337145	2781.2938598368255	251	LOWER
2781.2938598368255	2781.456680337145	432	THAN
2781.456680337145	2782.1366803371448	275	NANCY'S
2782.1366803371448	2789.6924375	99999	sp
2789.6924375	2789.9225127033287	24	ANY
2789.9225127033287	2790.634152692233	105	CONTRIBUTIONS
2790.634152692233	2790.7620053616815	485	WILL
2790.7620053616815	2790.8846724023374	47	BE
2790.8846724023374	2791.2127153043034	195	GREATLY
2791.2127153043034	2791.982715304303	28	APPRECIATED
2791.982715304303	2799.805625	99999	sp
2799.805625	2800.1185059513086	443	THOSE
2800.1185059513086	2800.272993547185	484	WHO
2800.272993547185	2800.588505951309	427	TEACH
2800.588505951309	2801.104019258839	462	VALUES
2801.104019258839	2801.378505951309	156	FIRST
2801.378505951309	2801.8100870835074	4	ABOLISH
2801.8100870835074	2802.208234401692	87	CHEATING
2802.208234401692	2809.69475	99999	sp
2809.69475	2809.796479888064	30	ARE
2809.796479888064	2809.9609953571794	495	YOU
2809.9609953571794	2810.2264798880637	250	LOOKING
2810.2264798880637	2810.3664798880636	161	FOR
2810.3664798880636	2811.006479888064	136	EMPLOYMENT
2811.006479888064	2818.28525	99999	sp
2818.28525	2818.4378037159368	19	AN
2818.4378037159368	2818.824725833842	9	ADULT
2818.824725833842	2819.092840500364	255	MALE
2819.092840500364	2819.7165912644273	42	BABOON'S
2819.7165912644273	2819.972623694994	430	TEETH
2819.972623694994	2820.102085996085	30	ARE
2820.102085996085	2820.322085996085	285	NOT
2820.322085996085	2820.762085996085	415	SUITABLE
2820.762085996085	2820.872085996085	161	FOR
2820.872085996085	2821.1577715617527	135	EATING
2821.1577715617527	2821.932085996085	376	SHELLFISH
2821.932085996085	2828.426625	99999	sp
2828.426625	2828.799067900942	405	STEVE
2828.799067900942	2829.069067900942	490	WORE
2829.069067900942	2829.129067900942	1	A
2829.129067900942	2829.3890679009423	65	BRIGHT
2829.3890679009423	2829.6190679009424	356	RED
2829.6190679009424	2830.049067900942	78	CASHMERE
2830.049067900942	2830.4890679009422	420	SWEATER
2830.4890679009422	2836.4938125	99999	sp
2836.4938125	2836.7221485385758	438	THEY
2836.7221485385758	2837.002148538576	317	OWN
2837.002148538576	2837.0954005377475	1	A
2837.0954005377475	2837.2421485385757	52	BIG
2837.2421485385757	2837.692148538576	209	HOUSE
2837.692148538576	2837.922148538576	217	IN
2837.922148538576	2837.982148538576	434	THE
2837.982148538576	2838.3829966966073	361	REMOTE
2838.3829966966073	2839.2293488435853	109	COUNTRYSIDE
2839.2293488435853	2846.631625	99999	sp
2846.631625	2846.8817122719793	375	SHE
2846.8817122719793	2847.1417122719795	490	WORE
2847.1417122719795	2847.4717122719794	471	WARM
2847.4717122719794	2847.9317122719794	158	FLEECY
2847.9317122719794	2848.271712271979	489	WOOLEN
2848.271712271979	2849.0517122719793	311	OVERALLS
2849.0517122719793	2856.0534375	99999	sp
2856.0534375	2856.3667953410786	354	READING
2856.3667953410786	2856.5101645281925	217	IN
2856.5101645281925	2856.6195541811203	434	THE
2856.6195541811203	2856.8667953410786	335	POOR
2856.8667953410786	2857.1803308838535	240	LIGHT
2857.1803308838535	2857.416795341079	181	GIVES
2857.416795341079	2857.5167953410787	495	YOU
2857.5167953410787	2858.2267953410787	150	EYESTRAIN
2858.2267953410787	2864.93825	99999	sp
2864.93825	2865.3672252086835	183	GLUCOSE
2865.3672252086835	2865.492022530354	20	AND
2865.492022530354	2865.9220225303543	167	FRUCTOSE
2865.9220225303543	2866.012022530354	30	ARE
2866.012022530354	2866.372022530354	276	NATURAL
2866.372022530354	2866.752022530354	414	SUGARS
2866.752022530354	2867.012022530354	163	FOUND
2867.012022530354	2867.162022530354	217	IN
2867.162022530354	2867.492022530354	168	FRUIT
2867.492022530354	2875.3520625	99999	sp
2875.3520625	2875.565968642147	210	HOW
2875.565968642147	2875.7000071913176	189	GOOD
2875.7000071913176	2875.8200071913175	224	IS
2875.8200071913175	2875.9500071913176	496	YOUR
2875.9500071913176	2876.6600071913176	138	ENDURANCE
2876.6600071913176	2883.5503125	99999	sp
2883.5503125	2883.6191079000278	434	THE
2883.6191079000278	2883.934825206887	369	ROSE
2883.934825206887	2884.3991079000275	106	CORSAGE
2884.3991079000275	2884.6591079000277	393	SMELLED
2884.6591079000277	2884.959107900028	421	SWEET
2884.959107900028	2892.0394375	99999	sp
2892.0394375	2892.3493552398413	98	COFFEE
2892.3493552398413	2892.547625750961	224	IS
2892.547625750961	2892.7293552398414	198	GROWN
2892.7293552398414	2892.879355239841	297	ON
2892.879355239841	2893.2420071972374	404	STEEP
2893.2420071972374	2893.529355239841	231	JUNGLE
2893.529355239841	2893.7493552398414	241	LIKE
2893.7493552398414	2894.1193552398413	390	SLOPES
2894.1193552398413	2894.351408690606	217	IN
2894.351408690606	2894.759355239841	431	TEMPERATE
2894.759355239841	2895.2293552398414	497	ZONES
2895.2293552398414	2901.49675	99999	sp
2901.49675	2901.9912403339486	71	BUTTERSCOTCH
2901.9912403339486	2902.267644923603	169	FUDGE
2902.267644923603	2902.4712403339486	186	GOES
2902.4712403339486	2902.671240333949	481	WELL
2902.671240333949	2902.861240333949	487	WITH
2902.861240333949	2903.165784992156	463	VANILLA
2903.165784992156	2903.421240333949	212	ICE
2903.421240333949	2903.668556228232	112	CREAM
2903.668556228232	2912.1425625	99999	sp
2912.1425625	2912.374553222236	476	WE
2912.374553222236	2912.634553222236	241	LIKE
2912.634553222236	2912.814583255724	55	BLUE
2912.814583255724	2913.153283146903	88	CHEESE
2913.153283146903	2913.294553222236	70	BUT
2913.294553222236	2913.604553222236	466	VICTOR
2913.604553222236	2913.891797040421	242	LIKES
2913.891797040421	2914.244553222236	64	BRIE
2914.244553222236	2923.0638125	99999	sp
2923.0638125	2923.504222249073	84	CHALLENGE
2923.504222249073	2924.1423875547052	132	EACH
2924.1423875547052	2924.65931332301	175	GENERAL'S
2924.65931332301	2925.604222249073	221	INTELLIGENCE
2925.604222249073	2933.1049375	99999	sp
2933.1049375	2933.3862453831875	298	ONLY
2933.3862453831875	2933.534616718383	434	THE
2933.534616718383	2933.819729758291	51	BEST
2933.819729758291	2934.1813972442365	330	PLAYERS
2934.1813972442365	2934.6316055211323	139	ENJOY
2934.6316055211323	2935.4873273157696	336	POPULARITY
2935.4873273157696	2941.469	99999	sp
2941.469	2941.522398504331	434	THE
2941.522398504331	2941.924546587123	165	FRIGHTENED
2941.924546587123	2942.3023985043305	89	CHILD
2942.3023985043305	2942.4523985043306	472	WAS
2942.4523985043306	2942.7223985043306	176	GENTLY
2942.7223985043306	2943.1016075386883	410	SUBDUED
2943.1016075386883	2943.2623985043306	73	BY
2943.2623985043306	2943.4218502691097	208	HIS
2943.4218502691097	2943.6030363460886	52	BIG
2943.6030363460886	2943.9623985043304	66	BROTHER
2943.9623985043304	2954.8	99999	sp
