516.4874551705486	522.2977985597876	99999	sp
522.2977985597876	522.422	30	ARE
522.422	522.642186867664	495	YOUR
522.642186867664	522.902	192	GRADES
522.902	523.192	206	HIGHER
523.192	523.392	301	OR
523.392	523.6564346043151	250	LOWER
523.6564346043151	523.812	431	THAN
523.812	524.4890125111756	274	NANCY'S
524.4890125111756	531.5534552598908	99999	sp
531.5534552598908	531.812	374	SHE
531.812	532.072	489	WORE
532.072	532.3610385552378	470	WARM
532.3610385552378	532.792	158	FLEECY
532.792	533.082	488	WOOLEN
533.082	533.7460069243213	310	OVERALLS
533.7460069243213	541.9757793504904	99999	sp
541.9757793504904	542.2698910661787	353	READING
542.2698910661787	542.3601700475558	217	IN
542.3601700475558	542.3611007587041	334	POOR
542.3611007587041	542.455579440113	433	THE
542.455579440113	542.672	334	POOR
542.672	542.9066602222291	239	LIGHT
542.9066602222291	543.102	181	GIVES
543.102	543.172	494	YOU
543.172	543.8136728638135	150	EYESTRAIN
543.8136728638135	551.3195783031751	99999	sp
551.3195783031751	551.552	142	EVEN
551.552	551.7661483178122	211	I
551.7661483178122	552.2127031135357	292	OCCASIONALLY
552.2127031135357	552.3856896269322	177	GET
552.3856896269322	552.442	433	THE
552.442	552.8278467318861	264	MONDAY
552.8278467318861	553.298762801732	56	BLUES
553.298762801732	561.5672522943091	99999	sp
561.5672522943091	561.6641139594557	475	WE
561.6641139594557	561.862	30	ARE
561.862	562.092	300	OPEN
562.092	562.3753587283397	145	EVERY
562.3753587283397	562.722	264	MONDAY
562.722	563.192	143	EVENING
563.192	570.0695030956283	99999	sp
570.0695030956283	570.262	226	IT'S
570.262	570.522	284	NOT
570.522	570.905830601869	133	EASY
570.905830601869	571.1054575961823	445	TO
571.1054575961823	571.542	113	CREATE
571.542	572.212	215	ILLUMINATING
572.212	572.962	146	EXAMPLES
572.962	580.3526952769048	99999	sp
580.3526952769048	580.5731020303114	269	MUM
580.5731020303114	581.0335779880202	406	STRONGLY
581.0335779880202	581.5055906468185	126	DISLIKES
581.5055906468185	582.3045911399912	27	APPETIZERS
582.3045911399912	590.8474676821663	99999	sp
590.8474676821663	591.1607853615053	442	THOSE
591.1607853615053	591.315215140322	483	WHO
591.315215140322	591.6637331270337	426	TEACH
591.6637331270337	592.1868214678458	461	VALUES
592.1868214678458	592.4664096238919	156	FIRST
592.4664096238919	592.8877022799616	4	ABOLISH
592.8877022799616	593.2855150003143	87	CHEATING
593.2855150003143	600.0	99999	sp
600.0	600.997658322692	99999	sp
600.997658322692	601.5073025883487	165	FRIGHTENED
601.5073025883487	601.942	89	CHILD
601.942	602.1650426305584	471	WAS
602.1650426305584	602.402	176	GENTLY
602.402	602.8286741268038	409	SUBDUED
602.8286741268038	602.952	73	BY
602.952	603.1658926548474	208	HIS
603.1658926548474	603.3562116201273	52	BIG
603.3562116201273	603.722	66	BROTHER
603.722	611.0031736847369	99999	sp
611.0031736847369	611.2867276233624	142	EVEN
611.2867276233624	611.3651207665558	1	A
611.3651207665558	611.762	382	SIMPLE
611.762	612.4208301673779	467	VOCABULARY
612.4208301673779	612.872	104	CONTAINS
612.872	613.4557368875494	421	SYMBOLS
613.4557368875494	621.1933608950834	99999	sp
621.1933608950834	621.3362123829475	1	A
621.3362123829475	621.652915065689	110	CRAB
621.652915065689	622.132	85	CHALLENGED
622.132	622.4284181520338	257	ME
622.4284181520338	622.5374992019324	70	BUT
622.5374992019324	622.6934062261486	1	A
622.6934062261486	623.000311831023	349	QUICK
623.000311831023	623.4043568669482	401	STAB
623.4043568669482	624.0020375075105	88888	VANISH
624.0020375075105	624.4369116331748	463	VANQUISHED
624.4369116331748	624.6650719539366	207	HIM
624.6650719539366	631.3351484403183	99999	sp
631.3351484403183	631.722	183	GLUCOSE
631.722	631.832	20	AND
631.832	632.2642929136692	167	FRUCTOSE
632.2642929136692	632.352	30	ARE
632.352	632.6971347615932	275	NATURAL
632.6971347615932	633.102	413	SUGARS
633.102	633.352	163	FOUND
633.352	633.442	217	IN
633.442	633.792	168	FRUIT
633.792	641.1278922722443	99999	sp
641.1278922722443	641.232	30	ARE
641.232	641.382	494	YOU
641.382	641.642	249	LOOKING
641.642	641.792	161	FOR
641.792	642.352	136	EMPLOYMENT
642.352	649.7574906000461	99999	sp
649.7574906000461	650.052	98	COFFEE
650.052	650.2896720473577	224	IS
650.2896720473577	650.482	198	GROWN
650.482	650.622	296	ON
650.622	651.0439350977769	403	STEEP
651.0439350977769	651.342	88888	JUNGLE
651.342	651.532	240	LIKE
651.532	651.912	389	SLOPES
651.912	652.0627587224235	217	IN
652.0627587224235	652.452	430	TEMPERATE
652.452	652.902	496	ZONES
652.902	660.5382170376812	99999	sp
660.5382170376812	660.662	475	WE
660.662	661.012	479	WELCOME
661.012	661.192	255	MANY
661.192	661.252	281	NEW
661.252	661.652	407	STUDENTS
661.652	661.912	132	EACH
661.912	662.142	490	YEAR
662.142	670.1516201154114	99999	sp
670.1516201154114	670.4545709644808	297	ONLY
670.4545709644808	670.5681667291138	433	THE
670.5681667291138	670.802	51	BEST
670.802	671.172	329	PLAYERS
671.172	671.5407414762939	139	ENJOY
671.5407414762939	672.372	335	POPULARITY
672.372	679.7670835541642	99999	sp
679.7670835541642	680.272	75	CALCIUM
680.272	680.5561800356973	253	MAKES
680.5561800356973	681.1455989534086	58	BONES
681.1455989534086	681.3308471704836	20	AND
681.3308471704836	681.602	429	TEETH
681.602	682.102	405	STRONG
682.102	690.1964886580681	99999	sp
690.1964886580681	690.562	285	NOTHING
690.562	690.732	224	IS
690.732	691.0203483612516	224	IS
691.0203483612516	691.4949788645431	34	AS
691.4949788645431	692.102	294	OFFENSIVE
692.102	692.451143406756	34	AS
692.451143406756	693.172	219	INNOCENCE
693.172	700.572	99999	sp
700.572	700.932	404	STEVE
700.932	701.162	489	WORE
701.162	701.2153437988453	1	A
701.2153437988453	701.5024444801107	65	BRIGHT
701.5024444801107	701.7550965411402	355	RED
701.7550965411402	702.192	78	CASHMERE
702.192	702.622	419	SWEATER
702.622	710.3477970666376	99999	sp
710.3477970666376	710.6911978313804	46	BARB'S
710.6911978313804	710.9147249811421	188	GOLD
710.9147249811421	711.3820000000001	63	BRACELET
711.3820000000001	711.532	471	WAS
711.532	711.6404519106216	1	A
711.6404519106216	712.2514941203037	193	GRADUATION
712.2514941203037	712.662	338	PRESENT
712.662	721.0028208004877	99999	sp
721.0028208004877	721.272	130	DRAW
721.272	721.602	145	EVERY
721.602	721.872	307	OUTER
721.872	722.092	243	LINE
722.092	722.4666747643331	156	FIRST
722.4666747643331	722.6334040317784	435	THEN
722.6334040317784	722.862	154	FILL
722.862	722.942	217	IN
722.942	723.062	433	THE
723.062	723.732	222	INTERIOR
723.732	731.2257726913826	99999	sp
731.2257726913826	731.282	433	THE
731.282	731.6178612983417	474	WATER
731.6178612983417	732.0170332285606	103	CONTAINED
732.0170332285606	732.152	447	TOO
732.152	732.4512691271609	268	MUCH
732.4512691271609	732.842	90	CHLORINE
732.842	733.002	20	AND
733.002	733.2800964815997	408	STUNG
733.2800964815997	733.4989394623585	208	HIS
733.4989394623585	733.902	149	EYES
733.902	741.0513537226482	99999	sp
741.0513537226482	741.3873704174002	229	JOHN'S
741.3873704174002	741.692	66	BROTHER
741.692	742.2513965540047	362	REPAINTED
742.2513965540047	742.3631601288855	433	THE
742.3631601288855	742.7827938204507	173	GARAGE
742.7827938204507	743.072	129	DOOR
743.072	752.171010418955	99999	sp
752.171010418955	752.7115997533238	84	CHALLENGE
752.7115997533238	753.060822025874	132	EACH
753.060822025874	753.592	175	GENERAL'S
753.592	754.482	221	INTELLIGENCE
754.482	762.1602405671454	99999	sp
762.1602405671454	763.0884797752192	17	AMBIDEXTROUS
763.0884797752192	763.702	326	PICKPOCKETS
763.702	764.192	6	ACCOMPLISH
764.192	764.502	266	MORE
764.502	771.5877939343394	99999	sp
771.5877939343394	771.612	1	A
771.612	772.012	270	MUSCULAR
772.012	772.512	2	ABDOMEN
772.512	772.694443471977	224	IS
772.694443471977	772.842	189	GOOD
772.842	772.962	161	FOR
772.962	773.1298236367238	495	YOUR
773.1298236367238	773.502	43	BACK
773.502	781.4529329782238	99999	sp
781.4529329782238	781.602	437	THEY
781.602	781.792	316	OWN
781.792	781.9161762387857	1	A
781.9161762387857	782.072	52	BIG
782.072	782.4346375550026	209	HOUSE
782.4346375550026	782.5984837240352	217	IN
782.5984837240352	782.652	433	THE
782.652	783.0630613755101	360	REMOTE
783.0630613755101	783.782	109	COUNTRYSIDE
783.782	791.8567541555071	99999	sp
791.8567541555071	791.9925164506981	433	THE
791.9925164506981	792.302	368	ROSE
792.302	792.8820000000001	106	CORSAGE
792.8820000000001	793.242	392	SMELLED
793.242	793.702	420	SWEET
793.702	803.322	99999	sp
803.322	803.5589851018945	432	THAT
803.5589851018945	804.0219999999999	325	PICKPOCKET
804.0219999999999	804.1975971025099	471	WAS
804.1975971025099	804.402	80	CAUGHT
804.402	804.592	355	RED
804.592	805.102	199	HANDED
805.102	812.6030420193006	99999	sp
812.6030420193006	812.745235694478	19	AN
812.745235694478	813.082	9	ADULT
813.082	813.3363927329463	254	MALE
813.3363927329463	813.9000416991832	42	BABOON'S
813.9000416991832	814.152	429	TEETH
814.152	814.252	30	ARE
814.252	814.472	284	NOT
814.472	814.8615877085588	414	SUITABLE
814.8615877085588	815.0219999999999	161	FOR
815.0219999999999	815.322	135	EATING
815.322	816.042	375	SHELLFISH
816.042	823.1552782524936	99999	sp
823.1552782524936	823.252	204	HER
823.252	823.7253464428932	469	WARDROBE
823.7253464428932	824.152	102	CONSISTS
824.152	824.262	293	OF
824.262	824.582	297	ONLY
824.582	824.9520073533447	384	SKIRTS
824.9520073533447	825.0770851231765	20	AND
825.0770851231765	825.6494068477732	54	BLOUSES
825.6494068477732	832.80547828925	99999	sp
832.80547828925	832.9437221401167	433	THE
832.9437221401167	833.182	452	TWO
833.182	833.6538585781311	33	ARTISTS
833.6538585781311	834.1914710417826	147	EXCHANGED
834.1914710417826	834.9235846590689	39	AUTOGRAPHS
834.9235846590689	842.1468297908204	99999	sp
842.1468297908204	842.6798607963451	71	BUTTERSCOTCH
842.6798607963451	843.0234955113568	169	FUDGE
843.0234955113568	843.242	186	GOES
843.242	843.452	480	WELL
843.452	843.602	486	WITH
843.602	843.8820000000001	462	VANILLA
843.8820000000001	844.152	212	ICE
844.152	844.5069216214251	112	CREAM
844.5069216214251	850.6775843131655	99999	sp
850.6775843131655	850.9646048797271	365	RICH
850.9646048797271	851.3820000000001	348	PURCHASED
851.3820000000001	851.7719999999999	373	SEVERAL
851.7719999999999	852.172	381	SIGNED
852.172	852.9844458756336	244	LITHOGRAPHS
852.9844458756336	861.3653377136347	99999	sp
861.3653377136347	861.592	24	ANY
861.592	862.312	105	CONTRIBUTIONS
862.312	862.4513168334026	484	WILL
862.4513168334026	862.5842942518555	47	BE
862.5842942518555	862.942	195	GREATLY
862.942	863.6870113340561	28	APPRECIATED
863.6870113340561	871.6106855199454	99999	sp
871.6106855199454	871.7259003557738	433	THE
871.7259003557738	872.2459605566537	111	CRANBERRY
872.2459605566537	872.4982605995676	57	BOG
872.4982605995676	872.722	178	GETS
872.722	873.0719662803405	464	VERY
873.0719662803405	873.302	339	PRETTY
873.302	873.492	217	IN
873.492	873.9017758053453	40	AUTUMN
873.9017758053453	880.342	99999	sp
880.342	880.5843926576943	210	HOW
880.5843926576943	880.702	128	DO
880.702	881.1320000000001	317	OYSTERS
881.1320000000001	881.3491466894338	252	MAKE
881.3491466894338	881.942	319	PEARLS
881.942	890.692	99999	sp
890.692	890.902	256	MAY
890.902	891.0219999999999	211	I
891.0219999999999	891.222	303	ORDER
891.222	891.3668442034202	1	A
891.3668442034202	891.7033919164166	88888	PA
891.7033919164166	892.092	318	PARFAIT
892.092	892.512	10	AFTER
892.512	892.652	211	I
892.652	892.8102414894504	134	EAT
892.8102414894504	893.192	124	DINNER
893.192	900.748381667282	99999	sp
900.748381667282	900.8620000000001	224	IS
900.8620000000001	901.0446184905679	374	SHE
901.0446184905679	901.262	187	GOING
901.262	901.432	305	OUT
901.432	901.592	486	WITH
901.592	901.8720000000001	494	YOU
901.8720000000001	909.8715121980046	99999	sp
909.8715121980046	910.002	76	CAN
910.002	910.062	433	THE
910.062	910.672	11	AGENCY
910.672	911.162	314	OVERTHROW
911.162	911.602	13	ALIEN
911.602	912.262	162	FORCES
912.262	919.8611066319152	99999	sp
919.8611066319152	919.912	1	A
919.912	920.482	370	SCREWDRIVER
920.482	920.6220000000001	224	IS
920.6220000000001	920.832	251	MADE
920.832	921.0390036781394	166	FROM
921.0390036781394	921.3944921027505	468	VODKA
921.3944921027505	921.552	20	AND
921.552	921.8820000000001	302	ORANGE
921.8820000000001	922.352	230	JUICE
922.352	929.332	99999	sp
929.332	929.552	210	HOW
929.552	929.7819999999999	268	MUCH
929.7819999999999	930.2766869414323	16	ALLOWANCE
930.2766869414323	930.352	128	DO
930.352	930.5328210947268	494	YOU
930.5328210947268	930.8820000000001	177	GET
930.8820000000001	939.5219999999999	99999	sp
939.5219999999999	940.002	115	CYCLICAL
940.002	940.552	345	PROGRAMS
940.552	940.662	484	WILL
940.662	941.001852902127	280	NEVER
941.001852902127	941.572	100	COMPILE
941.572	948.4435850785251	99999	sp
948.4435850785251	948.5186164455772	433	THE
948.5186164455772	948.8711223021054	61	BOSTON
948.8711223021054	949.312	45	BALLET
949.312	949.912	311	OVERCAME
949.912	950.092	434	THEIR
950.092	950.482	170	FUNDING
950.482	951.142	379	SHORTAGE
951.142	957.918788487653	99999	sp
957.918788487653	958.2330708175698	145	EVERY
958.2330708175698	958.5319999999999	74	CAB
958.5319999999999	958.7719999999999	279	NEEDS
958.7719999999999	959.312	363	REPAINTING
959.312	959.8620000000001	295	OFTEN
959.8620000000001	969.7719999999999	99999	sp
969.7719999999999	970.062	203	HELP
970.062	970.3126282692396	196	GREG
970.3126282692396	970.4414557107821	445	TO
970.4414557107821	970.592	324	PICK
970.592	970.7146831417456	1	A
970.7146831417456	970.922	320	PECK
970.922	971.0708646865678	293	OF
971.0708646865678	971.742	337	POTATOES
971.742	979.2840869345516	99999	sp
979.2840869345516	979.422	475	WE
979.422	979.6320000000001	240	LIKE
979.6320000000001	979.8693239539332	55	BLUE
979.8693239539332	980.1652023636295	88	CHEESE
980.1652023636295	980.3820000000001	70	BUT
980.3820000000001	980.682	465	VICTOR
980.682	981.0251119458944	241	LIKES
981.0251119458944	981.392	64	BRIE
981.392	989.0071110214396	99999	sp
989.0071110214396	989.2364521811087	108	COUNT
989.2364521811087	989.322	433	THE
989.322	989.692	288	NUMBER
989.692	989.8401225664593	293	OF
989.8401225664593	990.352	428	TEASPOONS
990.352	990.412	293	OF
990.412	991.0133818254424	394	SOYSAUCE
991.0133818254424	991.102	432	THAT
991.102	991.262	494	YOU
991.262	991.602	7	ADD
991.602	998.9258502057829	99999	sp
998.9258502057829	999.432	44	BAGPIPES
999.432	999.552	20	AND
999.552	999.952	59	BONGOS
999.952	1000.0219999999999	30	ARE
1000.0219999999999	1000.492	272	MUSICAL
1000.492	1001.2072947087681	220	INSTRUMENTS
1001.2072947087681	1008.7121650874597	99999	sp
1008.7121650874597	1008.9727287605435	210	HOW
1008.9727287605435	1009.1166128300003	189	GOOD
1009.1166128300003	1009.2851345825834	224	IS
1009.2851345825834	1009.4608615234779	495	YOUR
1009.4608615234779	1010.0835035331631	138	ENDURANCE
1010.0835035331631	1017.466736797166	99999	sp
1508.7392219063133	1508.842	30	ARE
1508.842	1509.0542891144269	495	YOUR
1509.0542891144269	1509.312	192	GRADES
1509.312	1509.6019999999999	206	HIGHER
1509.6019999999999	1509.8519999999999	301	OR
1509.8519999999999	1510.1676353626135	250	LOWER
1510.1676353626135	1510.292	431	THAN
1510.292	1510.9649952992677	274	NANCY'S
1510.9649952992677	1517.8004028754467	99999	sp
1517.8004028754467	1518.012	374	SHE
1518.012	1518.252	489	WORE
1518.252	1518.5631428811987	470	WARM
1518.5631428811987	1518.922	158	FLEECY
1518.922	1519.232	488	WOOLEN
1519.232	1519.9172437028124	310	OVERALLS
1519.9172437028124	1527.556328563459	99999	sp
1527.556328563459	1527.779765304587	353	READING
1527.779765304587	1527.900407715637	217	IN
1527.900407715637	1527.9723835856487	433	THE
1527.9723835856487	1528.202	334	POOR
1528.202	1528.4404202751068	239	LIGHT
1528.4404202751068	1528.642	181	GIVES
1528.642	1528.742	494	YOU
1528.742	1529.30889777421	150	EYESTRAIN
1529.30889777421	1536.7751778946742	99999	sp
1536.7751778946742	1537.022	142	EVEN
1537.022	1537.272	211	I
1537.272	1537.7198098152041	292	OCCASIONALLY
1537.7198098152041	1537.8627799154515	177	GET
1537.8627799154515	1537.9154124208087	433	THE
1537.9154124208087	1538.2622562397155	264	MONDAY
1538.2622562397155	1538.668009411544	56	BLUES
1538.668009411544	1545.7399689619224	99999	sp
1545.7399689619224	1545.838638467727	475	WE
1545.838638467727	1545.992	30	ARE
1545.992	1546.242	300	OPEN
1546.242	1546.5720000000001	145	EVERY
1546.5720000000001	1546.892	264	MONDAY
1546.892	1547.3544552808755	143	EVENING
1547.3544552808755	1554.5197802552436	99999	sp
1554.5197802552436	1554.692	226	IT'S
1554.692	1554.9288044476098	284	NOT
1554.9288044476098	1555.1955216684387	133	EASY
1555.1955216684387	1555.330321167175	445	TO
1555.330321167175	1555.642	113	CREATE
1555.642	1556.272	215	ILLUMINATING
1556.272	1556.9831278882793	146	EXAMPLES
1556.9831278882793	1564.192415401853	99999	sp
1564.192415401853	1564.412	269	MUM
1564.412	1564.8658882795216	406	STRONGLY
1564.8658882795216	1565.40425657383	126	DISLIKES
1565.40425657383	1566.0827042020592	27	APPETIZERS
1566.0827042020592	1573.8582775232956	99999	sp
1573.8582775232956	1574.105894461842	442	THOSE
1574.105894461842	1574.2762300259783	483	WHO
1574.2762300259783	1574.562	426	TEACH
1574.562	1575.0527471741989	461	VALUES
1575.0527471741989	1575.292	156	FIRST
1575.292	1575.672	4	ABOLISH
1575.672	1576.072753779812	87	CHEATING
1576.072753779812	1583.569104771715	99999	sp
1583.569104771715	1583.652	433	THE
1583.652	1584.042	165	FRIGHTENED
1584.042	1584.422	89	CHILD
1584.422	1584.5952035767573	471	WAS
1584.5952035767573	1584.872	176	GENTLY
1584.872	1585.2941459889723	409	SUBDUED
1585.2941459889723	1585.422	73	BY
1585.422	1585.6318592979685	208	HIS
1585.6318592979685	1585.8139635010814	52	BIG
1585.8139635010814	1586.1546990805443	66	BROTHER
1586.1546990805443	1593.7894886998267	99999	sp
1593.7894886998267	1594.0720000000001	142	EVEN
1594.0720000000001	1594.162	1	A
1594.162	1594.522	382	SIMPLE
1594.522	1595.2147686538879	467	VOCABULARY
1595.2147686538879	1595.652	104	CONTAINS
1595.652	1596.193653662067	421	SYMBOLS
1596.193653662067	1603.1970939415185	99999	sp
1603.1970939415185	1603.3227852893397	1	A
1603.3227852893397	1603.6183101674524	110	CRAB
1603.6183101674524	1604.062	85	CHALLENGED
1604.062	1604.3130336855656	257	ME
1604.3130336855656	1604.384857312892	70	BUT
1604.384857312892	1604.5105486607133	1	A
1604.5105486607133	1604.702	349	QUICK
1604.702	1605.022	401	STAB
1605.022	1605.492	463	VANQUISHED
1605.492	1605.7027564210434	207	HIM
1605.7027564210434	1612.3627587709148	99999	sp
1612.3627587709148	1612.762	183	GLUCOSE
1612.762	1612.892	20	AND
1612.892	1613.362	167	FRUCTOSE
1613.362	1613.472	30	ARE
1613.472	1613.862	275	NATURAL
1613.862	1614.312	413	SUGARS
1614.312	1614.6019999999999	163	FOUND
1614.6019999999999	1614.762	217	IN
1614.762	1615.0191431889093	168	FRUIT
1615.0191431889093	1621.8084877410743	99999	sp
1621.8084877410743	1621.9119982628094	30	ARE
1621.9119982628094	1622.062	494	YOU
1622.062	1622.362	249	LOOKING
1622.362	1622.532	161	FOR
1622.532	1623.113229926431	136	EMPLOYMENT
1623.113229926431	1630.9633911101034	99999	sp
1630.9633911101034	1631.292	98	COFFEE
1631.292	1631.5369145121897	224	IS
1631.5369145121897	1631.8020000000001	198	GROWN
1631.8020000000001	1631.982	296	ON
1631.982	1632.360112289577	403	STEEP
1632.360112289577	1632.652	88888	JUNGLE
1632.652	1632.8220000000001	240	LIKE
1632.8220000000001	1633.152	389	SLOPES
1633.152	1633.281280855495	217	IN
1633.281280855495	1633.632	430	TEMPERATE
1633.632	1634.092	496	ZONES
1634.092	1642.0619231870396	99999	sp
1642.0619231870396	1642.202	475	WE
1642.202	1642.542	479	WELCOME
1642.542	1642.817262629159	255	MANY
1642.817262629159	1643.002	281	NEW
1643.002	1643.496208363545	407	STUDENTS
1643.496208363545	1643.752	132	EACH
1643.752	1644.022	490	YEAR
1644.022	1651.1322365231058	99999	sp
1651.1322365231058	1651.4665211612937	297	ONLY
1651.4665211612937	1651.5816801439037	433	THE
1651.5816801439037	1651.8541874358186	51	BEST
1651.8541874358186	1652.242	329	PLAYERS
1652.242	1652.629148749566	139	ENJOY
1652.629148749566	1653.3903152907606	335	POPULARITY
1653.3903152907606	1660.806430057887	99999	sp
1660.806430057887	1661.272	75	CALCIUM
1661.272	1661.5647468345194	253	MAKES
1661.5647468345194	1661.882	58	BONES
1661.882	1662.0206910743514	20	AND
1662.0206910743514	1662.262	429	TEETH
1662.262	1662.6737037945006	405	STRONG
1662.6737037945006	1669.7254473907008	99999	sp
1669.7254473907008	1670.032	285	NOTHING
1670.032	1670.1859635894407	224	IS
1670.1859635894407	1670.382	34	AS
1670.382	1670.9661394788775	294	OFFENSIVE
1670.9661394788775	1671.202	34	AS
1671.202	1671.8778393920174	219	INNOCENCE
1671.8778393920174	1678.856093396095	99999	sp
1678.856093396095	1679.209943351707	404	STEVE
1679.209943351707	1679.3848537080914	489	WORE
1679.3848537080914	1679.51265751554	1	A
1679.51265751554	1679.8048223492842	65	BRIGHT
1679.8048223492842	1680.0625424238087	355	RED
1680.0625424238087	1680.522	78	CASHMERE
1680.522	1680.9895089309678	419	SWEATER
1680.9895089309678	1688.2614942784091	99999	sp
1688.2614942784091	1688.5656884647328	46	BARB'S
1688.5656884647328	1688.7948903342892	188	GOLD
1688.7948903342892	1689.142	63	BRACELET
1689.142	1689.282	471	WAS
1689.282	1689.3681474238356	1	A
1689.3681474238356	1689.918478826935	193	GRADUATION
1689.918478826935	1690.2255227778205	338	PRESENT
1690.2255227778205	1697.4529551181631	99999	sp
1697.4529551181631	1697.722	130	DRAW
1697.722	1698.042	145	EVERY
1698.042	1698.3519999999999	307	OUTER
1698.3519999999999	1698.65773818108	243	LINE
1698.65773818108	1698.892	99999	sp
1698.892	1699.362	156	FIRST
1699.362	1699.532	435	THEN
1699.532	1699.752	154	FILL
1699.752	1699.8319999999999	217	IN
1699.8319999999999	1699.942	433	THE
1699.942	1700.5644189011032	222	INTERIOR
1700.5644189011032	1709.1601449597624	99999	sp
1709.1601449597624	1709.3125586837787	433	THE
1709.3125586837787	1709.6337029954743	474	WATER
1709.6337029954743	1710.022	103	CONTAINED
1710.022	1710.192	447	TOO
1710.192	1710.422	268	MUCH
1710.422	1710.842	90	CHLORINE
1710.842	1710.972	20	AND
1710.972	1711.222	408	STUNG
1711.222	1711.412	208	HIS
1711.412	1711.842937080522	149	EYES
1711.842937080522	1719.5721568938284	99999	sp
1719.5721568938284	1719.8804326316424	229	JOHN'S
1719.8804326316424	1720.172	66	BROTHER
1720.172	1720.7283128211034	362	REPAINTED
1720.7283128211034	1720.8233827883196	433	THE
1720.8233827883196	1721.2313178975996	173	GARAGE
1721.2313178975996	1721.487190007956	129	DOOR
1721.487190007956	1729.6766575063625	99999	sp
1729.6766575063625	1730.1019999999999	84	CHALLENGE
1730.1019999999999	1730.3719999999998	132	EACH
1730.3719999999998	1730.8319999999999	175	GENERAL'S
1730.8319999999999	1731.6576507906611	221	INTELLIGENCE
1731.6576507906611	1738.534303260894	99999	sp
1738.534303260894	1739.2036397461948	17	AMBIDEXTROUS
1739.2036397461948	1739.792	326	PICKPOCKETS
1739.792	1740.212	6	ACCOMPLISH
1740.212	1740.4444439546967	266	MORE
1740.4444439546967	1746.563235233055	99999	sp
1746.563235233055	1746.6173672375637	1	A
1746.6173672375637	1747.1019999999999	270	MUSCULAR
1747.1019999999999	1747.512	2	ABDOMEN
1747.512	1747.641353119541	224	IS
1747.641353119541	1747.7570956348213	189	GOOD
1747.7570956348213	1747.912	161	FOR
1747.912	1748.067597190237	495	YOUR
1748.067597190237	1748.4138573511482	43	BACK
1748.4138573511482	1756.3900385348775	99999	sp
1756.3900385348775	1756.6219999999998	437	THEY
1756.6219999999998	1756.8220000000001	316	OWN
1756.8220000000001	1756.9358046323787	1	A
1756.9358046323787	1757.112	52	BIG
1757.112	1757.442	209	HOUSE
1757.442	1757.5907108141841	217	IN
1757.5907108141841	1757.652	433	THE
1757.652	1758.064809963313	360	REMOTE
1758.064809963313	1758.7131226047295	109	COUNTRYSIDE
1758.7131226047295	1767.5320000000002	99999	sp
1767.5320000000002	1767.632	433	THE
1767.632	1767.942	368	ROSE
1767.942	1768.452	106	CORSAGE
1768.452	1768.7942668834166	392	SMELLED
1768.7942668834166	1769.182	420	SWEET
1769.182	1777.3725429666415	99999	sp
1777.3725429666415	1777.5730494541021	432	THAT
1777.5730494541021	1778.042	325	PICKPOCKET
1778.042	1778.212	471	WAS
1778.212	1778.452	80	CAUGHT
1778.452	1778.642	355	RED
1778.642	1779.132	199	HANDED
1779.132	1785.9123556363165	99999	sp
1785.9123556363165	1786.1296441715656	19	AN
1786.1296441715656	1786.3997931444128	9	ADULT
1786.3997931444128	1786.6654932455278	254	MALE
1786.6654932455278	1787.1794207842918	42	BABOON'S
1787.1794207842918	1787.3911767619593	429	TEETH
1787.3911767619593	1787.4822686591372	30	ARE
1787.4822686591372	1787.6850377178434	284	NOT
1787.6850377178434	1788.0794624071032	414	SUITABLE
1788.0794624071032	1788.300429945254	161	FOR
1788.300429945254	1788.5202587383972	135	EATING
1788.5202587383972	1789.200798703511	375	SHELLFISH
1789.200798703511	1796.1156637224997	99999	sp
1796.1156637224997	1796.2319038098485	204	HER
1796.2319038098485	1796.6475355539728	469	WARDROBE
1796.6475355539728	1797.0562460288154	102	CONSISTS
1797.0562460288154	1797.204249395847	293	OF
1797.204249395847	1797.4740508756117	297	ONLY
1797.4740508756117	1797.7910078579762	384	SKIRTS
1797.7910078579762	1797.9286118557038	88888	AND 
1797.9286118557038	1798.51654169842	54	BLOUSES
1798.51654169842	1800.0	99999	sp
1800.0	1805.234526918021	99999	sp
1805.234526918021	1805.3530929672072	433	THE
1805.3530929672072	1805.593201062237	452	TWO
1805.593201062237	1805.9652948815371	33	ARTISTS
1805.9652948815371	1806.4080997261026	147	EXCHANGED
1806.4080997261026	1807.143656865954	39	AUTOGRAPHS
1807.143656865954	1814.740224172962	99999	sp
1814.740224172962	1815.213320756969	71	BUTTERSCOTCH
1815.213320756969	1815.5154406954132	169	FUDGE
1815.5154406954132	1815.712	186	GOES
1815.712	1815.892	480	WELL
1815.892	1816.062	486	WITH
1816.062	1816.332	462	VANILLA
1816.332	1816.6901901655374	212	ICE
1816.6901901655374	1816.922	112	CREAM
1816.922	1824.8116556898667	99999	sp
1824.8116556898667	1825.082879586012	365	RICH
1825.082879586012	1825.472	348	PURCHASED
1825.472	1825.932	373	SEVERAL
1825.932	1826.5226399360677	381	SIGNED
1826.5226399360677	1827.302	244	LITHOGRAPHS
1827.302	1834.6237812778713	99999	sp
1834.6237812778713	1834.8234654268722	24	ANY
1834.8234654268722	1835.512	105	CONTRIBUTIONS
1835.512	1835.6553322572174	484	WILL
1835.6553322572174	1835.772588802809	47	BE
1835.772588802809	1836.122	195	GREATLY
1836.122	1836.832	28	APPRECIATED
1836.832	1844.404031025984	99999	sp
1844.404031025984	1844.5214570170049	433	THE
1844.5214570170049	1845.0242409020434	111	CRANBERRY
1845.0242409020434	1845.2515565192139	57	BOG
1845.2515565192139	1845.462	178	GETS
1845.462	1845.7516481893085	464	VERY
1845.7516481893085	1845.982	339	PRETTY
1845.982	1846.112	217	IN
1846.112	1846.5626558263798	40	AUTUMN
1846.5626558263798	1852.8230425465863	99999	sp
1852.8230425465863	1853.1322683815733	210	HOW
1853.1322683815733	1853.3703024095794	128	DO
1853.3703024095794	1853.801358732329	317	OYSTERS
1853.801358732329	1854.0490763999846	252	MAKE
1854.0490763999846	1854.642	319	PEARLS
1854.642	1863.266682354628	99999	sp
1863.266682354628	1863.4753129988692	256	MAY
1863.4753129988692	1863.622	211	I
1863.622	1863.872	303	ORDER
1863.872	1863.9619223590018	1	A
1863.9619223590018	1864.442	318	PARFAIT
1864.442	1864.802	10	AFTER
1864.802	1864.882	211	I
1864.882	1865.252	134	EAT
1865.252	1865.5819999999999	124	DINNER
1865.5819999999999	1872.8434402710768	99999	sp
1872.8434402710768	1872.912	224	IS
1872.912	1873.0637970413136	374	SHE
1873.0637970413136	1873.4940590426063	187	GOING
1873.4940590426063	1873.6452534237771	486	WITH
1873.6452534237771	1873.872	494	YOU
1873.872	1881.4257492281192	99999	sp
1881.4257492281192	1881.572973019459	76	CAN
1881.572973019459	1881.652	433	THE
1881.652	1882.152	11	AGENCY
1882.152	1882.662	314	OVERTHROW
1882.662	1883.102	13	ALIEN
1883.102	1883.772	162	FORCES
1883.772	1890.7415005943933	99999	sp
1890.7415005943933	1890.792	1	A
1890.792	1891.282	370	SCREWDRIVER
1891.282	1891.4569228178952	224	IS
1891.4569228178952	1891.649466393863	251	MADE
1891.649466393863	1891.8073174688366	166	FROM
1891.8073174688366	1892.1257920051892	468	VODKA
1892.1257920051892	1892.242	20	AND
1892.242	1892.5819999999999	302	ORANGE
1892.5819999999999	1893.012	230	JUICE
1893.012	1899.7025936736277	99999	sp
1899.7025936736277	1899.912	210	HOW
1899.912	1900.152	268	MUCH
1900.152	1900.7147574261671	16	ALLOWANCE
1900.7147574261671	1900.802	128	DO
1900.802	1900.952	494	YOU
1900.952	1901.282	177	GET
1901.282	1908.8871214193987	99999	sp
1908.8871214193987	1909.4180881866582	115	CYCLICAL
1909.4180881866582	1909.902	345	PROGRAMS
1909.902	1910.002	484	WILL
1910.002	1910.282	280	NEVER
1910.282	1910.842	100	COMPILE
1910.842	1916.8492082850198	99999	sp
1916.8492082850198	1916.921661172024	433	THE
1916.921661172024	1917.2815913595698	61	BOSTON
1917.2815913595698	1917.752	45	BALLET
1917.752	1918.242	311	OVERCAME
1918.242	1918.3592071721093	434	THEIR
1918.3592071721093	1918.7419297211597	170	FUNDING
1918.7419297211597	1919.342	379	SHORTAGE
1919.342	1925.9962351224908	99999	sp
1925.9962351224908	1926.2167708149082	145	EVERY
1926.2167708149082	1926.462	74	CAB
1926.462	1926.6824617665095	279	NEEDS
1926.6824617665095	1927.152	363	REPAINTING
1927.152	1927.712	295	OFTEN
1927.712	1936.282	99999	sp
1936.282	1936.6039143724563	203	HELP
1936.6039143724563	1936.8508663714015	196	GREG
1936.8508663714015	1936.9965075882794	445	TO
1936.9965075882794	1937.1619354357501	324	PICK
1937.1619354357501	1937.2845608343143	1	A
1937.2845608343143	1937.498604657359	320	PECK
1937.498604657359	1937.6365834514932	293	OF
1937.6365834514932	1938.362	337	POTATOES
1938.362	1945.398963889796	99999	sp
1945.398963889796	1945.562	475	WE
1945.562	1945.922	240	LIKE
1945.922	1946.1102718457462	99999	sp
1946.1102718457462	1946.3284683468403	55	BLUE
1946.3284683468403	1946.801119772247	88	CHEESE
1946.801119772247	1946.972	70	BUT
1946.972	1947.342	465	VICTOR
1947.342	1947.662638071241	241	LIKES
1947.662638071241	1948.042	64	BRIE
1948.042	1955.6053262043035	99999	sp
1955.6053262043035	1955.870513241704	108	COUNT
1955.870513241704	1955.952	433	THE
1955.952	1956.272	288	NUMBER
1956.272	1956.4083597763704	293	OF
1956.4083597763704	1956.8220000000001	428	TEASPOONS
1956.8220000000001	1956.892	293	OF
1956.892	1957.461539125753	394	SOYSAUCE
1957.461539125753	1957.552	432	THAT
1957.552	1957.692	494	YOU
1957.692	1958.012	7	ADD
1958.012	1965.236974121502	99999	sp
1965.236974121502	1965.7501508485052	44	BAGPIPES
1965.7501508485052	1965.8794295292378	20	AND
1965.8794295292378	1966.262	59	BONGOS
1966.262	1966.312	30	ARE
1966.312	1966.792	272	MUSICAL
1966.792	1967.562	220	INSTRUMENTS
1967.562	1974.4955181495318	99999	sp
1974.4955181495318	1974.632	210	HOW
1974.632	1974.792	189	GOOD
1974.792	1974.928408266294	224	IS
1974.928408266294	1975.002	495	YOUR
1975.002	1975.772	138	ENDURANCE
1975.772	1985.249757162855	99999	sp
2469.4038309763077	2469.4991639579816	30	ARE
2469.4991639579816	2469.6870364021684	495	YOUR
2469.6870364021684	2469.937998555413	192	GRADES
2469.937998555413	2470.273094067771	206	HIGHER
2470.273094067771	2470.3878633451695	301	OR
2470.3878633451695	2470.7014530832353	250	LOWER
2470.7014530832353	2470.832	431	THAN
2470.832	2471.452	274	NANCY'S
2471.452	2477.972449362873	99999	sp
2477.972449362873	2478.212	374	SHE
2478.212	2478.472	489	WORE
2478.472	2478.762	470	WARM
2478.762	2479.152	158	FLEECY
2479.152	2479.518842922995	88888	WO
2479.518842922995	2479.852	488	WOOLEN
2479.852	2480.482	310	OVERALLS
2480.482	2487.3512551474482	99999	sp
2487.3512551474482	2487.632	353	READING
2487.632	2487.812	217	IN
2487.812	2488.032	334	POOR
2488.032	2488.271702934895	239	LIGHT
2488.271702934895	2488.4521312577544	181	GIVES
2488.4521312577544	2488.532	494	YOU
2488.532	2489.182	150	EYESTRAIN
2489.182	2495.4658371972073	99999	sp
2495.4658371972073	2495.730021770471	142	EVEN
2495.730021770471	2495.972	211	I
2495.972	2496.4158358465147	292	OCCASIONALLY
2496.4158358465147	2496.574498420687	177	GET
2496.574498420687	2496.6180451767787	433	THE
2496.6180451767787	2497.033754302172	264	MONDAY
2497.033754302172	2497.492	56	BLUES
2497.492	2504.0261224690867	99999	sp
2504.0261224690867	2504.162	475	WE
2504.162	2504.332	30	ARE
2504.332	2504.562	300	OPEN
2504.562	2504.852	145	EVERY
2504.852	2505.212	264	MONDAY
2505.212	2505.672	143	EVENING
2505.672	2513.1348002141503	99999	sp
2513.1348002141503	2513.334456946244	226	IT'S
2513.334456946244	2513.562	284	NOT
2513.562	2513.897288548526	133	EASY
2513.897288548526	2514.0701101019413	445	TO
2514.0701101019413	2514.432	113	CREATE
2514.432	2515.072	215	ILLUMINATING
2515.072	2515.852	146	EXAMPLES
2515.852	2523.1253160969986	99999	sp
2523.1253160969986	2523.312	269	MUM
2523.312	2523.710341424116	406	STRONGLY
2523.710341424116	2524.12836877398	126	DISLIKES
2524.12836877398	2524.932	27	APPETIZERS
2524.932	2533.112917689315	99999	sp
2533.112917689315	2533.4096897287295	442	THOSE
2533.4096897287295	2533.5508918282326	483	WHO
2533.5508918282326	2533.802	426	TEACH
2533.802	2534.3036742836753	461	VALUES
2534.3036742836753	2534.526543777911	156	FIRST
2534.526543777911	2534.932	4	ABOLISH
2534.932	2535.402	87	CHEATING
2535.402	2543.9240148467675	99999	sp
2543.9240148467675	2544.082	433	THE
2544.082	2544.462	165	FRIGHTENED
2544.462	2544.832	89	CHILD
2544.832	2544.978786597909	471	WAS
2544.978786597909	2545.252	176	GENTLY
2545.252	2545.6541101314124	409	SUBDUED
2545.6541101314124	2545.752	73	BY
2545.752	2545.983067173364	208	HIS
2545.983067173364	2546.171336639368	52	BIG
2546.171336639368	2546.552	66	BROTHER
2546.552	2552.878681725318	99999	sp
2552.878681725318	2553.1412767077472	142	EVEN
2553.1412767077472	2553.213396059644	1	A
2553.213396059644	2553.532	382	SIMPLE
2553.532	2554.171205334659	467	VOCABULARY
2554.171205334659	2554.632	104	CONTAINS
2554.632	2555.162	421	SYMBOLS
2555.162	2563.0465138274826	99999	sp
2563.0465138274826	2563.192934721734	1	A
2563.192934721734	2563.4974640573623	110	CRAB
2563.4974640573623	2563.942	85	CHALLENGED
2563.942	2564.1610240267296	257	ME
2564.1610240267296	2564.262	70	BUT
2564.262	2564.3779368855335	1	A
2564.3779368855335	2564.552	349	QUICK
2564.552	2564.8967622994946	401	STAB
2564.8967622994946	2565.352	463	VANQUISHED
2565.352	2565.642	207	HIM
2565.642	2571.7220034468223	99999	sp
2571.7220034468223	2572.088488880364	183	GLUCOSE
2572.088488880364	2572.202	20	AND
2572.202	2572.632	167	FRUCTOSE
2572.632	2572.712	30	ARE
2572.712	2573.062	275	NATURAL
2573.062	2573.412	413	SUGARS
2573.412	2573.652	163	FOUND
2573.652	2573.762	217	IN
2573.762	2574.162	168	FRUIT
2574.162	2580.9477297269923	99999	sp
2580.9477297269923	2581.042	30	ARE
2581.042	2581.192	494	YOU
2581.192	2581.482	249	LOOKING
2581.482	2581.642	161	FOR
2581.642	2582.242	136	EMPLOYMENT
2582.242	2589.9443207012187	99999	sp
2589.9443207012187	2590.252	98	COFFEE
2590.252	2590.489137989899	224	IS
2590.489137989899	2590.728088692913	198	GROWN
2590.728088692913	2590.900216418878	296	ON
2590.900216418878	2591.3087421131863	403	STEEP
2591.3087421131863	2591.612	88888	JUNGLE
2591.612	2591.842	240	LIKE
2591.842	2592.222	389	SLOPES
2592.222	2592.3565686937914	217	IN
2592.3565686937914	2592.702	430	TEMPERATE
2592.702	2593.222	496	ZONES
2593.222	2600.3304409733096	99999	sp
2600.3304409733096	2600.452	475	WE
2600.452	2600.792	479	WELCOME
2600.792	2601.012	255	MANY
2601.012	2601.182	281	NEW
2601.182	2601.642	407	STUDENTS
2601.642	2601.922	132	EACH
2601.922	2602.172	490	YEAR
2602.172	2609.643120738687	99999	sp
2609.643120738687	2609.942	297	ONLY
2609.942	2610.105572074153	88888	WAY
2610.105572074153	2610.3915882545084	433	THE
2610.3915882545084	2610.9602096729586	51	BEST
2610.9602096729586	2611.232	297	ONLY
2611.232	2611.3482690063747	433	THE
2611.3482690063747	2611.5895174367615	51	BEST
2611.5895174367615	2611.922	329	PLAYERS
2611.922	2612.387190946171	139	ENJOY
2612.387190946171	2613.082	335	POPULARITY
2613.082	2619.9674765221253	99999	sp
2619.9674765221253	2620.352	75	CALCIUM
2620.352	2620.5864742441026	253	MAKES
2620.5864742441026	2620.902	58	BONES
2620.902	2621.022589763479	20	AND
2621.022589763479	2621.272	429	TEETH
2621.272	2621.692	405	STRONG
2621.692	2628.6638453048454	99999	sp
2628.6638453048454	2629.042	285	NOTHING
2629.042	2629.192	224	IS
2629.192	2629.422	34	AS
2629.422	2630.079793230345	294	OFFENSIVE
2630.079793230345	2630.5747532708565	34	AS
2630.5747532708565	2631.305141735158	219	INNOCENCE
2631.305141735158	2638.013307864742	99999	sp
2638.013307864742	2638.372	404	STEVE
2638.372	2638.6100719116394	489	WORE
2638.6100719116394	2638.663959018083	1	A
2638.663959018083	2638.932	65	BRIGHT
2638.932	2639.2788560514114	355	RED
2639.2788560514114	2639.712	78	CASHMERE
2639.712	2640.152	419	SWEATER
2640.152	2647.780146292103	99999	sp
2647.780146292103	2648.086932756014	46	BARB'S
2648.086932756014	2648.2805311267693	188	GOLD
2648.2805311267693	2648.652	63	BRACELET
2648.652	2648.786780441418	471	WAS
2648.786780441418	2648.8895804598646	1	A
2648.8895804598646	2649.4711659970153	193	GRADUATION
2649.4711659970153	2649.872	338	PRESENT
2649.872	2657.750698458755	99999	sp
2657.750698458755	2658.042	130	DRAW
2658.042	2658.392	145	EVERY
2658.392	2658.692	307	OUTER
2658.692	2658.910642350199	243	LINE
2658.910642350199	2659.266130273074	156	FIRST
2659.266130273074	2659.420374774129	435	THEN
2659.420374774129	2659.672	154	FILL
2659.672	2659.742	217	IN
2659.742	2659.882	433	THE
2659.882	2660.4878067552013	222	INTERIOR
2660.4878067552013	2668.2014382825014	99999	sp
2668.2014382825014	2668.432	474	WATER
2668.432	2668.892	103	CONTAINED
2668.892	2669.072	447	TOO
2669.072	2669.3361940221816	268	MUCH
2669.3361940221816	2669.752	90	CHLORINE
2669.752	2669.882	20	AND
2669.882	2670.152	408	STUNG
2670.152	2670.362	208	HIS
2670.362	2670.832	149	EYES
2670.832	2677.9105448411947	99999	sp
2677.9105448411947	2678.250448127994	229	JOHN'S
2678.250448127994	2678.7219999999998	173	GARAGE
2678.7219999999998	2679.3934329386084	99999	sp
2679.3934329386084	2679.974692469391	229	JOHN'S
2679.974692469391	2680.442	66	BROTHER
2680.442	2681.017603322642	362	REPAINTED
2681.017603322642	2681.144273800811	433	THE
2681.144273800811	2681.562679479215	173	GARAGE
2681.562679479215	2681.8153363837996	129	DOOR
2681.8153363837996	2690.395416312858	99999	sp
2690.395416312858	2690.812	84	CHALLENGE
2690.812	2690.982	132	EACH
2690.982	2691.212	88888	OTHE
2691.212	2691.295306389153	99999	sp
2691.295306389153	2691.695617130442	132	EACH
2691.695617130442	2692.1564479563312	175	GENERAL'S
2692.1564479563312	2693.0281342609514	221	INTELLIGENCE
2693.0281342609514	2699.4101608795513	99999	sp
2699.4101608795513	2700.1166059310817	17	AMBIDEXTROUS
2700.1166059310817	2700.6660511527634	326	PICKPOCKETS
2700.6660511527634	2701.112	6	ACCOMPLISH
2701.112	2701.402	266	MORE
2701.402	2706.9518342054857	99999	sp
2706.9518342054857	2706.992	1	A
2706.992	2707.392	270	MUSCULAR
2707.392	2707.832	2	ABDOMEN
2707.832	2707.989551229767	224	IS
2707.989551229767	2708.082	189	GOOD
2708.082	2708.2219999999998	161	FOR
2708.2219999999998	2708.3450110982003	495	YOUR
2708.3450110982003	2708.6461105877434	43	BACK
2708.6461105877434	2715.9261198135573	99999	sp
2715.9261198135573	2716.203399129928	437	THEY
2716.203399129928	2716.3803594127353	316	OWN
2716.3803594127353	2716.530627104078	1	A
2716.530627104078	2716.6413218229072	52	BIG
2716.6413218229072	2717.0996289713903	209	HOUSE
2717.0996289713903	2717.2680895518843	217	IN
2717.2680895518843	2717.322	433	THE
2717.322	2717.7318557602916	360	REMOTE
2717.7318557602916	2718.441550564147	109	COUNTRYSIDE
2718.441550564147	2725.90741045071	99999	sp
2725.90741045071	2725.9719999999998	433	THE
2725.9719999999998	2726.292	368	ROSE
2726.292	2726.772	106	CORSAGE
2726.772	2727.132	392	SMELLED
2727.132	2727.572	420	SWEET
2727.572	2735.1391491765817	99999	sp
2735.1391491765817	2735.2394682101453	433	THE
2735.2394682101453	2735.802	325	PICKPOCKET
2735.802	2735.988305299779	471	WAS
2735.988305299779	2736.242	80	CAUGHT
2736.242	2736.422	355	RED
2736.422	2736.932	199	HANDED
2736.932	2744.036158138388	99999	sp
2744.036158138388	2744.1614011554457	19	AN
2744.1614011554457	2744.572203898928	9	ADULT
2744.572203898928	2744.8738847899967	254	MALE
2744.8738847899967	2745.360839937525	42	BABOON'S
2745.360839937525	2745.5648530426347	429	TEETH
2745.5648530426347	2745.672	30	ARE
2745.672	2745.942	284	NOT
2745.942	2746.332	414	SUITABLE
2746.332	2746.4445041533113	161	FOR
2746.4445041533113	2747.152	375	SHELLFISH
2747.152	2754.1762810118516	99999	sp
2754.1762810118516	2754.332	204	HER
2754.332	2754.7483748263967	469	WARDROBE
2754.7483748263967	2755.242	102	CONSISTS
2755.242	2755.42009411902	293	OF
2755.42009411902	2755.7738435379465	297	ONLY
2755.7738435379465	2756.112	384	SKIRTS
2756.112	2756.254885388111	20	AND
2756.254885388111	2756.852	54	BLOUSES
2756.852	2764.751389760064	99999	sp
2764.751389760064	2764.8908566893047	433	THE
2764.8908566893047	2765.133996794142	452	TWO
2765.133996794142	2765.597445139477	33	ARTISTS
2765.597445139477	2766.134816063196	147	EXCHANGED
2766.134816063196	2766.932	39	AUTOGRAPHS
2766.932	2774.6925358370063	99999	sp
2774.6925358370063	2775.202	71	BUTTERSCOTCH
2775.202	2775.554702203855	169	FUDGE
2775.554702203855	2775.8298469459396	186	GOES
2775.8298469459396	2776.072	480	WELL
2776.072	2776.252	486	WITH
2776.252	2776.587411552399	462	VANILLA
2776.587411552399	2776.872	212	ICE
2776.872	2777.2219999999998	112	CREAM
2777.2219999999998	2785.1058688554917	99999	sp
2785.1058688554917	2785.376769845033	365	RICH
2785.376769845033	2785.772	348	PURCHASED
2785.772	2786.1327607550165	373	SEVERAL
2786.1327607550165	2786.522	381	SIGNED
2786.522	2787.362	244	LITHOGRAPHS
2787.362	2795.367782764006	99999	sp
2795.367782764006	2795.5793878287977	24	ANY
2795.5793878287977	2796.272	105	CONTRIBUTIONS
2796.272	2796.422952355923	484	WILL
2796.422952355923	2796.54527654427	47	BE
2796.54527654427	2796.862	195	GREATLY
2796.862	2797.592	28	APPRECIATED
2797.592	2805.410044751272	99999	sp
2805.410044751272	2805.5552291511885	433	THE
2805.5552291511885	2806.097192993501	111	CRANBERRY
2806.097192993501	2806.3370217992956	57	BOG
2806.3370217992956	2806.552	178	GETS
2806.552	2806.8436084002165	464	VERY
2806.8436084002165	2807.082	339	PRETTY
2807.082	2807.192	217	IN
2807.192	2807.652	40	AUTUMN
2807.652	2813.959918546862	99999	sp
2813.959918546862	2814.1676693018308	210	HOW
2814.1676693018308	2814.292	128	DO
2814.292	2814.732	317	OYSTERS
2814.732	2814.962	252	MAKE
2814.962	2815.542	319	PEARLS
2815.542	2824.0743192338086	99999	sp
2824.0743192338086	2824.252	256	MAY
2824.252	2824.339176472301	211	I
2824.339176472301	2824.602	303	ORDER
2824.602	2824.702467842312	1	A
2824.702467842312	2825.127648040989	318	PARFAIT
2825.127648040989	2825.442	10	AFTER
2825.442	2825.532	211	I
2825.532	2825.739257191305	134	EAT
2825.739257191305	2826.0810226462436	124	DINNER
2826.0810226462436	2833.113446623978	99999	sp
2833.113446623978	2833.192	224	IS
2833.192	2833.342	374	SHE
2833.342	2833.551413969747	187	GOING
2833.551413969747	2833.692	305	OUT
2833.692	2833.86235789668	486	WITH
2833.86235789668	2834.112	494	YOU
2834.112	2842.063219731468	99999	sp
2842.063219731468	2842.276286371834	76	CAN
2842.276286371834	2842.332	433	THE
2842.332	2842.912	11	AGENCY
2842.912	2843.402	314	OVERTHROW
2843.402	2843.832	13	ALIEN
2843.832	2844.552	162	FORCES
2844.552	2851.5087454780382	99999	sp
2851.5087454780382	2851.552	1	A
2851.552	2852.082	370	SCREWDRIVER
2852.082	2852.202	224	IS
2852.202	2852.402	251	MADE
2852.402	2852.602	166	FROM
2852.602	2852.912	468	VODKA
2852.912	2853.032	20	AND
2853.032	2853.3934520804846	302	ORANGE
2853.3934520804846	2853.802	230	JUICE
2853.802	2861.1498351813316	99999	sp
2861.1498351813316	2861.3210038334173	210	HOW
2861.3210038334173	2861.582	268	MUCH
2861.582	2862.104664557349	16	ALLOWANCE
2862.104664557349	2862.192	128	DO
2862.192	2862.369020107133	494	YOU
2862.369020107133	2862.612	177	GET
2862.612	2871.1581843298227	99999	sp
2871.1581843298227	2871.691515657735	115	CYCLICAL
2871.691515657735	2872.207735678227	345	PROGRAMS
2872.207735678227	2872.362	484	WILL
2872.362	2872.6798303306314	280	NEVER
2872.6798303306314	2873.242	100	COMPILE
2873.242	2879.256182421159	99999	sp
2879.256182421159	2879.335413325618	433	THE
2879.335413325618	2879.7241585339275	61	BOSTON
2879.7241585339275	2880.092	45	BALLET
2880.092	2880.552	311	OVERCAME
2880.552	2880.682	434	THEIR
2880.682	2881.032	170	FUNDING
2881.032	2881.682	379	SHORTAGE
2881.682	2887.9960843544277	99999	sp
2887.9960843544277	2888.333365041189	145	EVERY
2888.333365041189	2888.5631869038343	74	CAB
2888.5631869038343	2888.802	279	NEEDS
2888.802	2889.362	363	REPAINTING
2889.362	2889.862	295	OFTEN
2889.862	2897.5704443757377	99999	sp
2897.5704443757377	2897.8335507754505	203	HELP
2897.8335507754505	2898.1051903224516	196	GREG
2898.1051903224516	2898.254858207145	445	TO
2898.254858207145	2898.4457317749993	324	PICK
2898.4457317749993	2898.5578509794223	1	A
2898.5578509794223	2898.7469838518964	320	PECK
2898.7469838518964	2898.862	293	OF
2898.862	2899.602	337	POTATOES
2899.602	2907.2521277609967	99999	sp
2907.2521277609967	2907.4268832554476	475	WE
2907.4268832554476	2907.7004541142396	240	LIKE
2907.7004541142396	2907.832	55	BLUE
2907.832	2908.1878023899712	88	CHEESE
2908.1878023899712	2908.322	70	BUT
2908.322	2908.642	465	VICTOR
2908.642	2908.9415972836455	241	LIKES
2908.9415972836455	2909.242	64	BRIE
2909.242	2917.1895137002807	99999	sp
2917.1895137002807	2917.3873658173106	76	CAN
2917.3873658173106	2917.7970404437365	494	YOU
2917.7970404437365	2918.0620059255393	108	COUNT
2918.0620059255393	2918.142	433	THE
2918.142	2918.542	288	NUMBER
2918.542	2918.760304824959	293	OF
2918.760304824959	2919.661058782403	428	TEASPOONS
2919.661058782403	2919.742	293	OF
2919.742	2920.458083148179	394	SOYSAUCE
2920.458083148179	2920.5594274041223	432	THAT
2920.5594274041223	2920.7219999999998	494	YOU
2920.7219999999998	2921.082	7	ADD
2921.082	2927.948789673989	99999	sp
2927.948789673989	2928.4150858020703	44	BAGPIPES
2928.4150858020703	2928.5871501118863	20	AND
2928.5871501118863	2929.118011603978	59	BONGOS
2929.118011603978	2929.266031547396	30	ARE
2929.266031547396	2929.802	272	MUSICAL
2929.802	2930.592	220	INSTRUMENTS
2930.592	2937.7178650860214	99999	sp
2937.7178650860214	2938.079892830228	210	HOW
2938.079892830228	2938.2461724162786	189	GOOD
2938.2461724162786	2938.392	224	IS
2938.392	2938.582	495	YOUR
2938.582	2939.230734286527	138	ENDURANCE
2939.230734286527	2948.005953357076	99999	sp
