742.722	742.812	30	ARE
742.812	743.075	496	YOUR
743.075	743.392	192	GRADES
743.392	743.689	206	HIGHER
743.689	743.867	302	OR
743.867	744.2470000000001	251	LOWER
744.2470000000001	744.415	432	THAN
744.415	745.05	275	NANCY'S
745.05	752.802	99999	{NS}
752.802	753.181	375	SHE
753.181	753.612	490	WORE
753.612	754.217	471	WARM
754.217	754.947	158	FLEECY
754.947	755.362	489	WOOLEN
755.362	756.072	311	OVERALLS
756.072	764.402	99999	{NS}
764.402	764.732	354	READING
764.732	764.943	217	IN
764.943	765.171	335	POOR
765.171	765.498	240	LIGHT
765.498	765.732	181	GIVES
765.732	765.837	495	YOU
765.837	766.432	150	EYESTRAIN
766.432	766.562	99999	sp
766.562	770.931	99999	{NS}
770.931	771.282	99999	{NS}
771.282	773.692	99999	{NS}
788.672	788.965	142	EVEN
788.965	789.279	211	I
789.279	790.0260000000001	293	OCCASIONALLY
790.0260000000001	790.267	177	GET
790.267	790.342	434	THE
790.342	790.8199999999999	265	MONDAY
790.8199999999999	791.322	56	BLUES
791.322	802.379	99999	{NS}
802.379	802.572	476	WE
802.572	802.756	30	ARE
802.756	803.346	301	OPEN
803.346	803.47	99999	sp
803.47	803.8050000000001	145	EVERY
803.8050000000001	804.222	265	MONDAY
804.222	804.817	143	EVENING
804.817	815.266	99999	{NS}
815.266	815.489	226	IT'S
815.489	815.6800000000001	285	NOT
815.6800000000001	816.167	133	EASY
816.167	816.342	446	TO
816.342	816.778	113	CREATE
816.778	817.542	215	ILLUMINATING
817.542	818.352	146	EXAMPLES
818.352	829.2760000000001	99999	{NS}
829.2760000000001	829.6320000000001	270	MUM
829.6320000000001	830.396	407	STRONGLY
830.396	830.951	126	DISLIKES
830.951	831.913	27	APPETIZERS
831.913	846.312	99999	{NS}
846.312	846.654	443	THOSE
846.654	846.858	484	WHO
846.858	847.202	427	TEACH
847.202	847.892	462	VALUES
847.892	848.408	99999	sp
848.408	848.86	156	FIRST
848.86	849.711	4	ABOLISH
849.711	850.232	87	CHEATING
850.232	861.863	99999	{NS}
861.863	862.004	434	THE
862.004	862.5409999999999	165	FRIGHTENED
862.5409999999999	863.1379999999999	89	CHILD
863.1379999999999	863.3679999999999	472	WAS
863.3679999999999	863.832	176	GENTLY
863.832	864.511	410	SUBDUED
864.511	864.685	73	BY
864.685	864.992	208	HIS
864.992	865.182	52	BIG
865.182	865.629	66	BROTHER
865.629	870.552	99999	{NS}
870.552	871.072	99999	{NS}
871.072	877.29	99999	{NS}
877.29	877.602	142	EVEN
877.602	877.6890000000001	1	A
877.6890000000001	878.059	383	SIMPLE
878.059	879.017	468	VOCABULARY
879.017	879.495	104	CONTAINS
879.495	880.2370000000001	422	SYMBOLS
880.2370000000001	889.062	99999	{NS}
889.062	889.091	99999	{NS}
889.091	894.623	99999	{NS}
894.623	894.798	1	A
894.798	895.1220000000001	110	CRAB
895.1220000000001	895.6510000000001	85	CHALLENGED
895.6510000000001	895.942	258	ME
895.942	896.142	70	BUT
896.142	896.212	1	A
896.212	896.562	350	QUICK
896.562	897.029	402	STAB
897.029	897.7	464	VANQUISHED
897.7	897.932	207	HIM
897.932	907.38	99999	{NS}
907.38	907.98	183	GLUCOSE
907.98	908.116	20	AND
908.116	908.935	167	FRUCTOSE
908.935	909.0550000000001	99999	sp
909.0550000000001	909.22	30	ARE
909.22	909.675	276	NATURAL
909.675	910.221	414	SUGARS
910.221	910.4739999999999	163	FOUND
910.4739999999999	910.6379999999999	217	IN
910.6379999999999	911.066	168	FRUIT
911.066	912.732	99999	{NS}
912.732	912.762	99999	{NS}
912.762	918.721	99999	{NS}
918.721	918.909	99999	sp
918.909	919.019	30	ARE
919.019	919.108	495	YOU
919.108	919.4259999999999	250	LOOKING
919.4259999999999	919.682	161	FOR
919.682	920.328	136	EMPLOYMENT
920.328	929.8589999999999	99999	{NS}
929.8589999999999	930.2139999999999	98	COFFEE
930.2139999999999	930.442	224	IS
930.442	930.7239999999999	198	GROWN
930.7239999999999	930.8820000000001	297	ON
930.8820000000001	931.4110000000001	404	STEEP
931.4110000000001	931.832	231	JUNGLE
931.832	932.044	241	LIKE
932.044	932.552	390	SLOPES
932.552	932.7339999999999	217	IN
932.7339999999999	933.452	431	TEMPERATE
933.452	934.052	497	ZONES
934.052	943.2470000000001	99999	{NS}
943.2470000000001	943.452	476	WE
943.452	943.8399999999999	480	WELCOME
943.8399999999999	944.158	256	MANY
944.158	944.341	282	NEW
944.341	944.8820000000001	408	STUDENTS
944.8820000000001	945.168	132	EACH
945.168	945.412	491	YEAR
945.412	952.6610000000001	99999	{NS}
952.6610000000001	953.5409999999999	99999	{NS}
953.5409999999999	957.942	99999	{NS}
957.942	958.191	298	ONLY
958.191	958.328	434	THE
958.328	958.664	51	BEST
958.664	959.062	330	PLAYERS
959.062	959.498	139	ENJOY
959.498	960.322	336	POPULARITY
960.322	970.6220000000001	99999	{NS}
970.6220000000001	971.0899999999999	99999	sp
971.0899999999999	971.711	75	CALCIUM
971.711	972.202	254	MAKES
972.202	972.988	58	BONES
972.988	973.203	20	AND
973.203	973.531	430	TEETH
973.531	974.088	406	STRONG
974.088	985.322	99999	{NS}
985.322	985.351	99999	{NS}
985.351	993.13	99999	{NS}
993.13	993.6	286	NOTHING
993.6	993.9390000000001	224	IS
993.9390000000001	994.1	34	AS
994.1	994.781	295	OFFENSIVE
994.781	995.1320000000001	34	AS
995.1320000000001	995.9010000000001	219	INNOCENCE
995.9010000000001	999.7719999999999	99999	{NS}
999.7719999999999	999.802	99999	{NS}
999.802	1006.154	99999	{NS}
1006.154	1006.6120000000001	405	STEVE
1006.6120000000001	1006.879	490	WORE
1006.879	1007.0129999999999	1	A
1007.0129999999999	1007.3299999999999	65	BRIGHT
1007.3299999999999	1007.63	356	RED
1007.63	1008.114	78	CASHMERE
1008.114	1008.5550000000001	420	SWEATER
1008.5550000000001	1019.6569999999999	99999	{NS}
1019.6569999999999	1020.0260000000001	46	BARB'S
1020.0260000000001	1020.332	188	GOLD
1020.332	1020.8489999999999	63	BRACELET
1020.8489999999999	1021.024	472	WAS
1021.024	1021.101	1	A
1021.101	1021.837	193	GRADUATION
1021.837	1022.1510000000001	339	PRESENT
1022.1510000000001	1027.195	99999	{NS}
1027.195	1027.705	130	DRAW
1027.705	1027.785	99999	sp
1027.785	1028.2060000000001	145	EVERY
1028.2060000000001	1028.522	308	OUTER
1028.522	1028.776	244	LINE
1028.776	1029.295	156	FIRST
1029.295	1029.612	436	THEN
1029.612	1029.858	154	FILL
1029.858	1030.182	217	IN
1030.182	1030.658	99999	sp
1030.658	1030.791	434	THE
1030.791	1031.488	222	INTERIOR
1031.488	1039.91	99999	{NS}
1039.91	1040.037	434	THE
1040.037	1040.549	475	WATER
1040.549	1041.338	103	CONTAINED
1041.338	1041.6	448	TOO
1041.6	1041.997	269	MUCH
1041.997	1042.78	90	CHLORINE
1042.78	1042.961	20	AND
1042.961	1043.362	409	STUNG
1043.362	1043.587	208	HIS
1043.587	1044.23	149	EYES
1044.23	1056.013	99999	{NS}
1056.013	1056.436	229	JOHN'S
1056.436	1056.893	66	BROTHER
1056.893	1057.601	363	REPAINTED
1057.601	1057.839	434	THE
1057.839	1058.376	173	GARAGE
1058.376	1058.627	129	DOOR
1058.627	1064.182	99999	{NS}
1064.182	1067.351	99999	{NS}
1067.351	1070.4479999999999	99999	{NS}
1070.4479999999999	1070.992	84	CHALLENGE
1070.992	1071.3020000000001	132	EACH
1071.3020000000001	1071.8899999999999	175	GENERAL'S
1071.8899999999999	1072.806	221	INTELLIGENCE
1072.806	1081.162	99999	{NS}
1081.162	1082.117	17	AMBIDEXTROUS
1082.117	1082.78	327	PICKPOCKETS
1082.78	1083.382	6	ACCOMPLISH
1083.382	1083.69	267	MORE
1083.69	1091.688	99999	{NS}
1091.688	1091.763	1	A
1091.763	1092.3	271	MUSCULAR
1092.3	1092.897	2	ABDOMEN
1092.897	1093.1480000000001	224	IS
1093.1480000000001	1093.3020000000001	189	GOOD
1093.3020000000001	1093.471	161	FOR
1093.471	1093.75	496	YOUR
1093.75	1094.0819999999999	43	BACK
1094.0819999999999	1094.161	99999	sp
1094.161	1105.1100000000001	99999	{NS}
1105.1100000000001	1105.347	438	THEY
1105.347	1105.563	317	OWN
1105.563	1105.68	1	A
1105.68	1105.917	52	BIG
1105.917	1106.449	209	HOUSE
1106.449	1106.597	217	IN
1106.597	1106.7069999999999	434	THE
1106.7069999999999	1107.041	361	REMOTE
1107.041	1107.807	109	COUNTRYSIDE
1107.807	1117.741	99999	{NS}
1117.741	1117.8429999999998	434	THE
1117.8429999999998	1118.222	369	ROSE
1118.222	1118.481	88888	CORE
1118.481	1118.966	88888	SAY
1118.966	1119.8980000000001	99999	sp
1119.8980000000001	1120.431	393	SMELLED
1120.431	1120.951	421	SWEET
1120.951	1130.5639999999999	99999	{NS}
1130.5639999999999	1130.781	434	THE
1130.781	1131.341	326	PICKPOCKET
1131.341	1131.583	472	WAS
1131.583	1131.845	80	CAUGHT
1131.845	1132.04	356	RED
1132.04	1132.4859999999999	199	HANDED
1132.4859999999999	1143.162	99999	{NS}
1143.162	1143.25	99999	sp
1143.25	1143.357	19	AN
1143.357	1143.741	9	ADULT
1143.741	1144.042	255	MALE
1144.042	1144.652	42	BABOON'S
1144.652	1145.011	430	TEETH
1145.011	1145.152	30	ARE
1145.152	1145.3609999999999	285	NOT
1145.3609999999999	1145.885	415	SUITABLE
1145.885	1146.096	161	FOR
1146.096	1146.491	135	EATING
1146.491	1146.558	99999	sp
1146.558	1147.339	376	SHELLFISH
1147.339	1156.172	99999	{NS}
1156.172	1156.491	99999	{NS}
1156.491	1156.542	99999	sp
1156.542	1157.133	99999	{NS}
1157.133	1157.406	204	HER
1157.406	1158.149	470	WARDROBE
1158.149	1158.933	102	CONSISTS
1158.933	1159.091	294	OF
1159.091	1159.432	298	ONLY
1159.432	1159.908	385	SKIRTS
1159.908	1160.091	20	AND
1160.091	1160.761	54	BLOUSES
1160.761	1170.491	99999	{NS}
1170.491	1170.5320000000002	99999	sp
1170.5320000000002	1170.704	434	THE
1170.704	1170.9450000000002	453	TWO
1170.9450000000002	1171.847	33	ARTISTS
1171.847	1172.042	99999	sp
1172.042	1172.819	147	EXCHANGED
1172.819	1173.692	39	AUTOGRAPHS
1173.692	1197.0	99999	{NS}
1197.0	1200.0	99999	{NS}
1200.0	1200.483	99999	{NS}
1200.483	1201.713	169	FUDGE
1201.713	1202.028	186	GOES
1202.028	1202.295	481	WELL
1202.295	1202.569	487	WITH
1202.569	1202.938	463	VANILLA
1202.938	1203.296	212	ICE
1203.296	1203.568	112	CREAM
1203.568	1212.881	99999	{NS}
1212.881	1212.912	99999	{NS}
1212.912	1220.228	99999	{NS}
1220.228	1220.728	366	RICH
1220.728	1221.404	349	PURCHASED
1221.404	1221.861	374	SEVERAL
1221.861	1222.358	382	SIGNED
1222.358	1223.462	245	LITHOGRAPHS
1223.462	1232.1779999999999	99999	{NS}
1232.1779999999999	1232.408	24	ANY
1232.408	1233.345	105	CONTRIBUTIONS
1233.345	1233.611	485	WILL
1233.611	1233.842	47	BE
1233.842	1234.191	195	GREATLY
1234.191	1235.021	28	APPRECIATED
1235.021	1243.516	99999	{NS}
1243.516	1243.71	434	THE
1243.71	1244.36	111	CRANBERRY
1244.36	1244.673	57	BOG
1244.673	1244.861	178	GETS
1244.861	1245.164	465	VERY
1245.164	1245.481	340	PRETTY
1245.481	1245.606	217	IN
1245.606	1246.041	40	AUTUMN
1246.041	1256.911	99999	{NS}
1256.911	1256.941	99999	{NS}
1256.941	1257.999	99999	{NS}
1257.999	1258.18	210	HOW
1258.18	1258.34	128	DO
1258.34	1259.081	318	OYSTERS
1259.081	1259.442	253	MAKE
1259.442	1260.011	320	PEARLS
1260.011	1270.987	99999	{NS}
1270.987	1271.165	257	MAY
1271.165	1271.261	211	I
1271.261	1271.607	304	ORDER
1271.607	1271.78	1	A
1271.78	1272.341	319	PARFAIT
1272.341	1272.731	10	AFTER
1272.731	1272.772	211	I
1272.772	1273.006	134	EAT
1273.006	1273.354	124	DINNER
1273.354	1282.451	99999	{NS}
1282.451	1282.481	99999	{NS}
1282.481	1286.4279999999999	99999	{NS}
1286.4279999999999	1286.536	224	IS
1286.536	1286.789	375	SHE
1286.789	1287.08	187	GOING
1287.08	1287.321	487	WITH
1287.321	1287.578	495	YOU
1287.578	1296.311	99999	{NS}
1296.311	1296.471	76	CAN
1296.471	1296.645	434	THE
1296.645	1297.329	11	AGENCY
1297.329	1298.008	315	OVERTHROW
1298.008	1298.45	13	ALIEN
1298.45	1299.081	162	FORCES
1299.081	1307.772	99999	{NS}
1307.772	1307.945	99999	sp
1307.945	1308.012	1	A
1308.012	1308.79	371	SCREWDRIVER
1308.79	1308.942	224	IS
1308.942	1309.212	252	MADE
1309.212	1309.446	166	FROM
1309.446	1309.841	469	VODKA
1309.841	1310.013	20	AND
1310.013	1310.401	303	ORANGE
1310.401	1310.851	230	JUICE
1310.851	1319.189	99999	{NS}
1319.189	1319.367	210	HOW
1319.367	1319.632	269	MUCH
1319.632	1320.142	16	ALLOWANCE
1320.142	1320.268	128	DO
1320.268	1320.421	495	YOU
1320.421	1320.751	177	GET
1320.751	1332.435	99999	{NS}
1332.435	1333.333	88888	CYLICAL
1333.333	1333.998	346	PROGRAMS
1333.998	1334.109	485	WILL
1334.109	1334.521	281	NEVER
1334.521	1335.126	100	COMPILE
1335.126	1346.802	99999	{NS}
1346.802	1346.929	434	THE
1346.929	1347.393	61	BOSTON
1347.393	1347.879	45	BALLET
1347.879	1348.494	99999	sp
1348.494	1349.212	312	OVERCAME
1349.212	1349.373	435	THEIR
1349.373	1349.8220000000001	170	FUNDING
1349.8220000000001	1350.54	380	SHORTAGE
1350.54	1353.542	99999	{NS}
1353.542	1353.5720000000001	99999	{NS}
1353.5720000000001	1358.882	99999	{NS}
1358.882	1359.028	99999	sp
1359.028	1359.37	145	EVERY
1359.37	1359.755	74	CAB
1359.755	1360.064	280	NEEDS
1360.064	1360.599	364	REPAINTING
1360.599	1361.137	296	OFTEN
1361.137	1371.442	99999	{NS}
1371.442	1371.774	203	HELP
1371.774	1371.83	99999	sp
1371.83	1372.187	196	GREG
1372.187	1372.386	446	TO
1372.386	1372.722	325	PICK
1372.722	1372.882	1	A
1372.882	1373.196	321	PECK
1373.196	1373.372	294	OF
1373.372	1374.181	338	POTATOES
1374.181	1384.751	99999	{NS}
1384.751	1384.935	476	WE
1384.935	1385.181	241	LIKE
1385.181	1385.494	55	BLUE
1385.494	1385.938	88	CHEESE
1385.938	1386.45	99999	{NS}
1386.45	1386.663	70	BUT
1386.663	1387.042	466	VICTOR
1387.042	1387.455	242	LIKES
1387.455	1387.909	88888	BRYE
1387.909	1398.289	99999	{NS}
1398.289	1398.552	108	COUNT
1398.552	1398.629	434	THE
1398.629	1398.998	289	NUMBER
1398.998	1399.163	294	OF
1399.163	1399.682	429	TEASPOONS
1399.682	1399.782	294	OF
1399.782	1400.466	395	SOYSAUCE
1400.466	1400.598	433	THAT
1400.598	1400.842	495	YOU
1400.842	1401.166	7	ADD
1401.166	1413.045	99999	{NS}
1413.045	1413.716	44	BAGPIPES
1413.716	1413.879	20	AND
1413.879	1414.41	59	BONGOS
1414.41	1414.5819999999999	30	ARE
1414.5819999999999	1415.216	273	MUSICAL
1415.216	1416.112	220	INSTRUMENTS
1416.112	1426.509	99999	{NS}
1426.509	1426.778	210	HOW
1426.778	1426.919	189	GOOD
1426.919	1427.085	224	IS
1427.085	1427.252	496	YOUR
1427.252	1427.996	138	ENDURANCE
1427.996	1437.792	99999	{NS}
1437.792	1439.792	99999	{NS}
2090.082	2090.172	30	ARE
2090.172	2090.397	496	YOUR
2090.397	2090.713	192	GRADES
2090.713	2091.082	206	HIGHER
2091.082	2091.247	302	OR
2091.247	2091.582	251	LOWER
2091.582	2091.772	432	THAN
2091.772	2092.456	275	NANCY'S
2092.456	2099.987	99999	{NS}
2099.987	2100.242	375	SHE
2100.242	2100.589	490	WORE
2100.589	2101.101	471	WARM
2101.101	2101.7309999999998	158	FLEECY
2101.7309999999998	2102.126	489	WOOLEN
2102.126	2102.922	311	OVERALLS
2102.922	2111.041	99999	{NS}
2111.041	2111.171	99999	sp
2111.171	2111.508	354	READING
2111.508	2111.694	217	IN
2111.694	2111.922	335	POOR
2111.922	2112.2309999999998	240	LIGHT
2112.2309999999998	2112.486	181	GIVES
2112.486	2112.598	495	YOU
2112.598	2113.19	150	EYESTRAIN
2113.19	2130.714	99999	{NS}
2130.714	2130.958	142	EVEN
2130.958	2131.221	211	I
2131.221	2131.752	293	OCCASIONALLY
2131.752	2131.909	177	GET
2131.909	2131.992	434	THE
2131.992	2132.4809999999998	265	MONDAY
2132.4809999999998	2132.985	56	BLUES
2132.985	2142.116	99999	{NS}
2142.116	2142.322	476	WE
2142.322	2142.447	30	ARE
2142.447	2142.868	301	OPEN
2142.868	2143.175	145	EVERY
2143.175	2143.547	265	MONDAY
2143.547	2144.031	143	EVENING
2144.031	2152.451	99999	{NS}
2152.451	2152.65	226	IT'S
2152.65	2152.81	285	NOT
2152.81	2153.11	133	EASY
2153.11	2153.272	446	TO
2153.272	2153.717	113	CREATE
2153.717	2154.656	215	ILLUMINATING
2154.656	2155.471	146	EXAMPLES
2155.471	2166.173	99999	{NS}
2166.173	2166.626	88888	MOM
2166.626	2166.911	99999	sp
2166.911	2167.57	407	STRONGLY
2167.57	2168.287	126	DISLIKES
2168.287	2169.272	27	APPETIZERS
2169.272	2177.71	99999	{NS}
2177.71	2178.052	443	THOSE
2178.052	2178.201	484	WHO
2178.201	2178.531	427	TEACH
2178.531	2179.072	462	VALUES
2179.072	2179.449	156	FIRST
2179.449	2180.002	4	ABOLISH
2180.002	2180.482	87	CHEATING
2180.482	2194.508	99999	{NS}
2194.508	2194.712	434	THE
2194.712	2195.192	165	FRIGHTENED
2195.192	2195.642	89	CHILD
2195.642	2195.791	472	WAS
2195.791	2196.122	176	GENTLY
2196.122	2196.612	410	SUBDUED
2196.612	2196.791	73	BY
2196.791	2197.008	208	HIS
2197.008	2197.209	52	BIG
2197.209	2197.562	66	BROTHER
2197.562	2198.161	99999	{NS}
2198.161	2200.841	99999	{NS}
2200.841	2200.911	99999	sp
2200.911	2205.9030000000002	99999	{NS}
2205.9030000000002	2206.172	142	EVEN
2206.172	2206.253	1	A
2206.253	2206.632	383	SIMPLE
2206.632	2207.462	468	VOCABULARY
2207.462	2208.206	104	CONTAINS
2208.206	2208.933	422	SYMBOLS
2208.933	2211.012	99999	{NS}
2211.012	2213.882	99999	{NS}
2213.882	2225.262	99999	{NS}
2225.262	2225.366	99999	sp
2225.366	2225.526	1	A
2225.526	2225.832	110	CRAB
2225.832	2226.351	85	CHALLENGED
2226.351	2226.6	258	ME
2226.6	2226.707	70	BUT
2226.707	2226.781	1	A
2226.781	2227.082	350	QUICK
2227.082	2227.4719999999998	402	STAB
2227.4719999999998	2227.988	464	VANQUISHED
2227.988	2228.192	207	HIM
2228.192	2236.131	99999	{NS}
2236.131	2236.686	183	GLUCOSE
2236.686	2236.822	20	AND
2236.822	2237.367	167	FRUCTOSE
2237.367	2237.45	30	ARE
2237.45	2237.872	276	NATURAL
2237.872	2238.332	414	SUGARS
2238.332	2238.587	163	FOUND
2238.587	2238.745	217	IN
2238.745	2239.174	168	FRUIT
2239.174	2250.043	99999	{NS}
2250.043	2250.195	30	ARE
2250.195	2250.312	495	YOU
2250.312	2250.601	250	LOOKING
2250.601	2250.802	161	FOR
2250.802	2251.518	136	EMPLOYMENT
2251.518	2260.562	99999	{NS}
2260.562	2260.932	98	COFFEE
2260.932	2261.161	224	IS
2261.161	2261.453	198	GROWN
2261.453	2261.651	297	ON
2261.651	2262.344	404	STEEP
2262.344	2262.802	231	JUNGLE
2262.802	2263.031	241	LIKE
2263.031	2263.5	390	SLOPES
2263.5	2263.677	217	IN
2263.677	2264.192	431	TEMPERATE
2264.192	2264.685	497	ZONES
2264.685	2274.382	99999	{NS}
2274.382	2274.552	476	WE
2274.552	2274.9610000000002	480	WELCOME
2274.9610000000002	2275.257	256	MANY
2275.257	2275.442	282	NEW
2275.442	2276.022	88888	STUDENT
2276.022	2276.297	132	EACH
2276.297	2276.544	491	YEAR
2276.544	2286.124	99999	{NS}
2286.124	2286.402	298	ONLY
2286.402	2286.585	434	THE
2286.585	2286.911	51	BEST
2286.911	2287.281	330	PLAYERS
2287.281	2287.699	139	ENJOY
2287.699	2287.822	434	THE
2287.822	2288.645	336	POPULARITY
2288.645	2302.169	99999	{NS}
2302.169	2302.697	75	CALCIUM
2302.697	2303.024	254	MAKES
2303.024	2303.333	58	BONES
2303.333	2303.482	20	AND
2303.482	2303.738	430	TEETH
2303.738	2304.122	406	STRONG
2304.122	2317.631	99999	{NS}
2317.631	2317.693	99999	sp
2317.693	2318.082	286	NOTHING
2318.082	2318.2690000000002	224	IS
2318.2690000000002	2319.183	295	OFFENSIVE
2319.183	2319.395	99999	sp
2319.395	2319.721	34	AS
2319.721	2320.428	219	INNOCENCE
2320.428	2328.542	99999	{NS}
