20.241	20.372	30	ARE
20.372	20.628	496	YOUR
20.628	20.969	192	GRADES
20.969	21.481	206	HIGHER
21.481	21.629	302	OR
21.629	22.149	251	LOWER
22.149	22.431	432	THAN
22.431	23.26	275	NANCY'S
23.26	29.043	99999	{NS}
29.043	29.382	375	SHE
29.382	29.937	490	WORE
29.937	30.071	99999	sp
30.071	30.674	471	WARM
30.674	30.932	99999	sp
30.932	31.566	158	FLEECY
31.566	31.794	99999	sp
31.794	32.23	489	WOOLEN
32.23	33.058	311	OVERALLS
33.058	44.35	99999	{NS}
44.35	44.661	354	READING
44.661	44.875	217	IN
44.875	45.16	335	POOR
45.16	45.531	240	LIGHT
45.531	45.78	181	GIVES
45.78	45.997	495	YOU
45.997	46.799	150	EYESTRAIN
46.799	55.63	99999	{NS}
55.63	55.915	142	EVEN
55.915	56.131	211	I
56.131	56.685	293	OCCASIONALLY
56.685	56.861	177	GET
56.861	56.941	434	THE
56.941	57.331	265	MONDAY
57.331	57.921	56	BLUES
57.921	66.541	99999	{NS}
66.541	66.808	99999	sp
66.808	66.962	476	WE
66.962	67.085	30	ARE
67.085	67.445	301	OPEN
67.445	67.788	145	EVERY
67.788	68.181	265	MONDAY
68.181	68.772	88888	NIGHT
68.772	69.387	99999	sp
69.387	69.775	145	EVERY
69.775	70.982	99999	sp
70.982	71.072	476	WE
71.072	71.212	30	ARE
71.212	71.603	301	OPEN
71.603	71.92	145	EVERY
71.92	72.302	265	MONDAY
72.302	72.801	143	EVENING
72.801	86.523	99999	{NS}
86.523	86.732	226	IT'S
86.732	86.912	285	NOT
86.912	87.295	133	EASY
87.295	87.51	446	TO
87.51	88.049	113	CREATE
88.049	88.91	215	ILLUMINATING
88.91	89.784	146	EXAMPLES
89.784	99.733	99999	{NS}
99.733	100.017	270	MUM
100.017	100.572	407	STRONGLY
100.572	101.167	126	DISLIKES
101.167	102.111	27	APPETIZERS
102.111	114.893	99999	{NS}
114.893	115.188	443	THOSE
115.188	115.375	484	WHO
115.375	115.712	427	TEACH
115.712	116.301	462	VALUES
116.301	116.627	156	FIRST
116.627	117.28	4	ABOLISH
117.28	117.789	87	CHEATING
117.789	126.981	99999	{NS}
126.981	127.146	434	THE
127.146	127.641	165	FRIGHTENED
127.641	128.091	89	CHILD
128.091	128.272	472	WAS
128.272	128.648	176	GENTLY
128.648	129.32	410	SUBDUED
129.32	129.457	73	BY
129.457	129.67	208	HIS
129.67	129.894	99999	sp
129.894	130.165	52	BIG
130.165	130.524	66	BROTHER
130.524	140.523	99999	{NS}
140.523	140.829	142	EVEN
140.829	140.895	1	A
140.895	141.302	383	SIMPLE
141.302	142.279	468	VOCABULARY
142.279	142.835	104	CONTAINS
142.835	143.471	422	SYMBOLS
143.471	155.627	99999	{NS}
155.627	155.787	1	A
155.787	156.265	110	CRAB
156.265	156.968	85	CHALLENGED
156.968	157.242	258	ME
157.242	157.711	99999	sp
157.711	157.825	70	BUT
157.825	157.945	1	A
157.945	158.242	350	QUICK
158.242	158.858	402	STAB
158.858	159.552	464	VANQUISHED
159.552	159.763	207	HIM
159.763	163.401	99999	{NS}
163.401	163.752	99999	{CG}
163.752	172.413	99999	{NS}
172.413	173.197	183	GLUCOSE
173.197	173.354	20	AND
173.354	174.177	167	FRUCTOSE
174.177	174.322	30	ARE
174.322	174.79	276	NATURAL
174.79	175.473	414	SUGARS
175.473	175.829	163	FOUND
175.829	175.975	217	IN
175.975	176.574	168	FRUIT
176.574	185.632	99999	{NS}
185.632	185.662	99999	{NS}
185.662	188.554	99999	{NS}
188.554	188.675	30	ARE
188.675	188.771	495	YOU
188.771	189.117	250	LOOKING
189.117	189.355	161	FOR
189.355	190.12	136	EMPLOYMENT
190.12	198.18	99999	{NS}
198.18	198.615	98	COFFEE
198.615	198.943	224	IS
198.943	199.282	198	GROWN
199.282	199.509	297	ON
199.509	200.134	404	STEEP
200.134	200.563	231	JUNGLE
200.563	200.832	241	LIKE
200.832	201.444	390	SLOPES
201.444	201.664	217	IN
201.664	202.42	88888	TEMPERATURE
202.42	202.992	497	ZONES
202.992	214.232	99999	{NS}
214.232	214.412	476	WE
214.412	215.038	480	WELCOME
215.038	215.403	256	MANY
215.403	215.632	282	NEW
215.632	216.382	408	STUDENTS
216.382	216.748	132	EACH
216.748	216.859	99999	sp
216.859	217.24	491	YEAR
217.24	224.901	99999	{NS}
224.901	224.942	99999	{NS}
224.942	233.324	99999	{NS}
233.324	233.63	298	ONLY
233.63	233.888	434	THE
233.888	234.264	51	BEST
234.264	234.872	330	PLAYERS
234.872	235.394	139	ENJOY
235.394	236.361	336	POPULARITY
236.361	246.771	99999	{NS}
246.771	247.542	75	CALCIUM
247.542	247.923	254	MAKES
247.923	248.618	58	BONES
248.618	248.854	20	AND
248.854	249.49	430	TEETH
249.49	250.27	406	STRONG
250.27	264.732	99999	{NS}
264.732	264.796	99999	sp
264.796	265.262	286	NOTHING
265.262	265.513	224	IS
265.513	265.86	34	AS
265.86	266.687	295	OFFENSIVE
266.687	267.05	34	AS
267.05	267.16	99999	sp
267.16	268.082	219	INNOCENCE
268.082	282.142	99999	{NS}
282.142	282.896	405	STEVE
282.896	283.395	490	WORE
283.395	283.581	1	A
283.581	283.878	65	BRIGHT
283.878	284.286	356	RED
284.286	284.858	78	CASHMERE
284.858	285.469	420	SWEATER
285.469	295.242	99999	{NS}
295.242	295.272	99999	{NS}
295.272	299.692	99999	{NS}
299.692	299.785	99999	sp
299.785	300.253	46	BARB'S
300.253	300.571	188	GOLD
300.571	301.112	63	BRACELET
301.112	301.318	472	WAS
301.318	301.433	1	A
301.433	302.168	193	GRADUATION
302.168	302.527	339	PRESENT
302.527	310.8	99999	{NS}
310.8	311.298	130	DRAW
311.298	311.356	99999	sp
311.356	311.728	145	EVERY
311.728	312.132	308	OUTER
312.132	312.446	244	LINE
312.446	313.014	156	FIRST
313.014	313.478	99999	sp
313.478	313.699	436	THEN
313.699	313.953	154	FILL
313.953	314.122	217	IN
314.122	314.244	434	THE
314.244	315.023	222	INTERIOR
315.023	315.182	99999	sp
315.182	325.001	99999	{NS}
325.001	325.093	434	THE
325.093	325.422	475	WATER
325.422	326.024	103	CONTAINED
326.024	326.164	448	TOO
326.164	326.447	269	MUCH
326.447	327.098	90	CHLORINE
327.098	327.281	20	AND
327.281	327.601	409	STUNG
327.601	327.821	208	HIS
327.821	328.312	149	EYES
328.312	338.092	99999	{NS}
338.092	338.572	229	JOHN'S
338.572	339.041	66	BROTHER
339.041	339.7	363	REPAINTED
339.7	339.862	434	THE
339.862	340.371	173	GARAGE
340.371	340.618	129	DOOR
340.618	349.601	99999	{NS}
349.601	350.102	84	CHALLENGE
350.102	350.512	132	EACH
350.512	351.125	175	GENERAL'S
351.125	352.151	221	INTELLIGENCE
352.151	357.471	99999	{NS}
357.471	357.512	99999	{NS}
357.512	365.888	99999	{NS}
365.888	366.951	17	AMBIDEXTROUS
366.951	367.815	327	PICKPOCKETS
367.815	368.567	6	ACCOMPLISH
368.567	369.011	267	MORE
369.011	379.797	99999	{NS}
379.797	379.841	1	A
379.841	380.419	271	MUSCULAR
380.419	381.066	2	ABDOMEN
381.066	381.316	224	IS
381.316	381.482	189	GOOD
381.482	381.651	161	FOR
381.651	381.844	496	YOUR
381.844	382.264	43	BACK
382.264	382.411	99999	{NS}
382.411	388.002	99999	{NS}
388.002	392.08	99999	{NS}
392.08	392.341	438	THEY
392.341	392.828	317	OWN
392.828	393.004	1	A
393.004	393.226	52	BIG
393.226	393.612	209	HOUSE
393.612	393.781	217	IN
393.781	393.872	434	THE
393.872	394.227	361	REMOTE
394.227	394.922	109	COUNTRYSIDE
394.922	403.791	99999	{NS}
403.791	403.965	434	THE
403.965	404.399	369	ROSE
404.399	405.165	106	CORSAGE
405.165	405.582	393	SMELLED
405.582	406.097	421	SWEET
406.097	413.962	99999	{NS}
413.962	414.267	433	THAT
414.267	414.884	326	PICKPOCKET
414.884	415.114	472	WAS
415.114	415.341	80	CAUGHT
415.341	415.552	356	RED
415.552	416.046	199	HANDED
416.046	423.767	99999	{NS}
423.767	423.892	19	AN
423.892	424.375	9	ADULT
424.375	424.698	255	MALE
424.698	425.362	42	BABOON'S
425.362	425.737	430	TEETH
425.737	425.935	30	ARE
425.935	426.212	285	NOT
426.212	426.806	415	SUITABLE
426.806	427.047	161	FOR
427.047	427.376	135	EATING
427.376	427.952	88888	FLESH
427.952	428.082	99999	sp
428.082	428.351	88888	SUH
428.351	430.534	99999	sp
430.534	430.669	19	AN
430.669	431.206	9	ADULT
431.206	431.545	255	MALE
431.545	432.473	42	BABOON'S
432.473	433.084	430	TEETH
433.084	433.244	30	ARE
433.244	433.548	285	NOT
433.548	434.166	415	SUITABLE
434.166	434.39	161	FOR
434.39	434.762	135	EATING
434.762	435.632	88888	SELFISH
435.632	436.029	99999	sp
436.029	437.242	376	SHELLFISH
437.242	459.319	99999	{NS}
459.319	459.465	204	HER
459.465	460.132	470	WARDROBE
460.132	460.793	102	CONSISTS
460.793	460.945	294	OF
460.945	461.291	298	ONLY
461.291	461.803	385	SKIRTS
461.803	461.978	20	AND
461.978	462.712	54	BLOUSES
462.712	475.797	99999	{NS}
475.797	475.995	434	THE
475.995	476.269	453	TWO
476.269	477.048	33	ARTISTS
477.048	477.902	147	EXCHANGED
477.902	478.781	39	AUTOGRAPHS
478.781	485.502	99999	{NS}
485.502	485.572	99999	{NS}
485.572	488.038	99999	{NS}
488.038	488.791	71	BUTTERSCOTCH
488.791	489.505	169	FUDGE
489.505	489.939	186	GOES
489.939	490.16	481	WELL
490.16	490.412	487	WITH
490.412	490.831	463	VANILLA
490.831	491.237	212	ICE
491.237	491.531	112	CREAM
491.531	501.372	99999	{NS}
501.372	501.401	99999	{NS}
501.401	501.584	99999	{NS}
501.584	502.071	366	RICH
502.071	502.723	349	PURCHASED
502.723	503.338	374	SEVERAL
503.338	503.682	99999	sp
503.682	504.262	382	SIGNED
504.262	505.402	245	LITHOGRAPHS
505.402	520.151	99999	{NS}
520.151	520.392	24	ANY
520.392	521.312	105	CONTRIBUTIONS
521.312	521.532	485	WILL
521.532	521.697	47	BE
521.697	522.341	195	GREATLY
522.341	523.206	28	APPRECIATED
523.206	532.959	99999	{NS}
532.959	533.149	434	THE
533.149	533.72	111	CRANBERRY
533.72	534.183	57	BOG
534.183	534.432	178	GETS
534.432	534.773	465	VERY
534.773	535.225	340	PRETTY
535.225	535.385	217	IN
535.385	535.751	40	AUTUMN
535.751	545.011	99999	{NS}
545.011	545.194	210	HOW
545.194	545.361	128	DO
545.361	546.033	318	OYSTERS
546.033	546.292	253	MAKE
546.292	546.4	99999	sp
546.4	546.956	320	PEARLS
546.956	556.189	99999	{NS}
556.189	556.394	257	MAY
556.394	556.495	211	I
556.495	556.85	304	ORDER
556.85	557.035	1	A
557.035	557.581	319	PARFAIT
557.581	557.981	10	AFTER
557.981	558.032	211	I
558.032	558.244	134	EAT
558.244	558.652	124	DINNER
558.652	565.332	99999	{NS}
565.332	565.361	99999	{NS}
565.361	572.289	99999	{NS}
572.289	572.4	224	IS
572.4	573.013	375	SHE
573.013	573.296	187	GOING
573.296	573.551	487	WITH
573.551	573.844	495	YOU
573.844	574.172	99999	sp
574.172	582.321	99999	{NS}
582.321	582.481	76	CAN
582.481	582.622	434	THE
582.622	583.223	11	AGENCY
583.223	583.886	315	OVERTHROW
583.886	584.322	13	ALIEN
584.322	585.022	162	FORCES
585.022	594.072	99999	{NS}
594.072	594.153	1	A
594.153	594.974	371	SCREWDRIVER
594.974	595.16	224	IS
595.16	595.459	252	MADE
595.459	595.682	166	FROM
595.682	596.384	469	VODKA
596.384	596.631	20	AND
596.631	597.06	303	ORANGE
597.06	597.541	230	JUICE
597.541	600.0	99999	sp
600.0	609.841	99999	{NS}
609.841	610.095	210	HOW
610.095	610.466	269	MUCH
610.466	611.163	16	ALLOWANCE
611.163	611.301	128	DO
611.301	611.461	495	YOU
611.461	611.752	177	GET
611.752	611.841	99999	sp
611.841	621.758	99999	{NS}
621.758	622.393	88888	CYLICAL
622.393	623.029	346	PROGRAMS
623.029	623.202	485	WILL
623.202	623.617	281	NEVER
623.617	624.23	100	COMPILE
624.23	638.431	99999	{NS}
638.431	638.576	434	THE
638.576	639.011	61	BOSTON
639.011	639.523	45	BALLET
639.523	640.241	312	OVERCAME
640.241	640.421	435	THEIR
640.421	640.915	170	FUNDING
640.915	641.581	380	SHORTAGE
641.581	651.881	99999	{NS}
651.881	651.965	99999	sp
651.965	652.283	145	EVERY
652.283	652.738	74	CAB
652.738	653.055	280	NEEDS
653.055	653.669	364	REPAINTING
653.669	654.232	296	OFTEN
654.232	667.843	99999	{NS}
667.843	668.141	203	HELP
668.141	668.183	99999	sp
668.183	668.662	196	GREG
668.662	669.003	99999	sp
669.003	669.232	446	TO
669.232	669.434	325	PICK
669.434	669.601	1	A
669.601	669.941	321	PECK
669.941	670.142	294	OF
670.142	670.962	338	POTATOES
670.962	678.331	99999	{NS}
678.331	678.361	99999	{NS}
678.361	684.038	99999	{NS}
684.038	684.215	476	WE
684.215	684.485	241	LIKE
684.485	684.561	99999	sp
684.561	684.833	55	BLUE
684.833	685.317	88	CHEESE
685.317	685.435	70	BUT
685.435	685.891	466	VICTOR
685.891	686.355	242	LIKES
686.355	686.896	64	BRIE
686.896	699.085	99999	{NS}
699.085	699.403	108	COUNT
699.403	699.471	434	THE
699.471	699.88	289	NUMBER
699.88	700.01	294	OF
700.01	700.606	429	TEASPOONS
700.606	700.7139999999999	294	OF
700.7139999999999	701.434	395	SOYSAUCE
701.434	701.588	433	THAT
701.588	701.808	495	YOU
701.808	702.24	7	ADD
702.24	712.657	99999	{NS}
712.657	713.285	44	BAGPIPES
713.285	713.471	20	AND
713.471	713.976	59	BONGOS
713.976	714.096	30	ARE
714.096	714.652	273	MUSICAL
714.652	715.531	220	INSTRUMENTS
715.531	721.681	99999	{NS}
721.681	724.572	99999	{NS}
724.572	724.973	99999	{NS}
724.973	725.312	210	HOW
725.312	725.587	189	GOOD
725.587	725.7909999999999	224	IS
725.7909999999999	725.951	496	YOUR
725.951	726.7909999999999	138	ENDURANCE
726.7909999999999	726.831	99999	sp
726.831	733.1510000000001	99999	{NS}
733.1510000000001	733.222	99999	{NS}
733.222	742.722	99999	{NS}
1439.792	1440.952	99999	{NS}
1440.952	1440.982	99999	{NS}
1440.982	1447.49	99999	{NS}
1447.49	1447.621	30	ARE
1447.621	1447.797	496	YOUR
1447.797	1448.129	192	GRADES
1448.129	1448.481	206	HIGHER
1448.481	1448.672	302	OR
1448.672	1449.012	251	LOWER
1449.012	1449.162	432	THAN
1449.162	1449.798	275	NANCY'S
1449.798	1460.651	99999	{NS}
1460.651	1460.911	375	SHE
1460.911	1461.162	490	WORE
1461.162	1461.591	471	WARM
1461.591	1462.156	158	FLEECY
1462.156	1462.5529999999999	489	WOOLEN
1462.5529999999999	1463.277	311	OVERALLS
1463.277	1472.091	99999	{NS}
1472.091	1472.219	99999	sp
1472.219	1472.5819999999999	354	READING
1472.5819999999999	1472.772	217	IN
1472.772	1473.031	335	POOR
1473.031	1473.383	240	LIGHT
1473.383	1473.659	181	GIVES
1473.659	1473.7930000000001	495	YOU
1473.7930000000001	1474.42	150	EYESTRAIN
1474.42	1487.504	99999	{NS}
1487.504	1487.746	142	EVEN
1487.746	1487.971	211	I
1487.971	1488.531	293	OCCASIONALLY
1488.531	1488.701	177	GET
1488.701	1488.772	434	THE
1488.772	1489.174	265	MONDAY
1489.174	1489.672	56	BLUES
1489.672	1498.173	99999	{NS}
1498.173	1498.3319999999999	476	WE
1498.3319999999999	1498.443	30	ARE
1498.443	1498.85	301	OPEN
1498.85	1499.133	145	EVERY
1499.133	1499.5	265	MONDAY
1499.5	1500.038	143	EVENING
1500.038	1507.246	99999	{NS}
1507.246	1507.471	226	IT'S
1507.471	1507.762	285	NOT
1507.762	1508.215	133	EASY
1508.215	1508.391	446	TO
1508.391	1508.7640000000001	113	CREATE
1508.7640000000001	1509.5720000000001	215	ILLUMINATING
1509.5720000000001	1510.388	146	EXAMPLES
1510.388	1523.045	99999	{NS}
1523.045	1523.362	270	MUM
1523.362	1523.8519999999999	407	STRONGLY
1523.8519999999999	1524.374	126	DISLIKES
1524.374	1525.248	27	APPETIZERS
1525.248	1533.413	99999	{NS}
1533.413	1533.672	443	THOSE
1533.672	1533.838	484	WHO
1533.838	1534.122	427	TEACH
1534.122	1534.661	462	VALUES
1534.661	1534.971	156	FIRST
1534.971	1535.5819999999999	4	ABOLISH
1535.5819999999999	1536.103	87	CHEATING
1536.103	1545.599	99999	{NS}
1545.599	1545.715	434	THE
1545.715	1546.215	165	FRIGHTENED
1546.215	1546.541	89	CHILD
1546.541	1546.7559999999999	472	WAS
1546.7559999999999	1547.066	176	GENTLY
1547.066	1547.591	410	SUBDUED
1547.591	1547.685	73	BY
1547.685	1547.9470000000001	208	HIS
1547.9470000000001	1548.1680000000001	52	BIG
1548.1680000000001	1548.528	66	BROTHER
1548.528	1560.91	99999	{NS}
1560.91	1561.21	142	EVEN
1561.21	1561.285	1	A
1561.285	1561.647	383	SIMPLE
1561.647	1562.576	468	VOCABULARY
1562.576	1563.091	104	CONTAINS
1563.091	1563.725	422	SYMBOLS
1563.725	1565.091	99999	{NS}
1565.091	1568.002	99999	{NS}
1568.002	1572.951	99999	{NS}
1572.951	1573.1109999999999	1	A
1573.1109999999999	1573.401	110	CRAB
1573.401	1573.855	85	CHALLENGED
1573.855	1574.01	258	ME
1574.01	1574.184	70	BUT
1574.184	1574.262	1	A
1574.262	1574.548	350	QUICK
1574.548	1574.973	402	STAB
1574.973	1575.555	464	VANQUISHED
1575.555	1575.742	207	HIM
1575.742	1582.932	99999	{NS}
1582.932	1582.962	99999	{NS}
1582.962	1590.907	99999	{NS}
1590.907	1591.4470000000001	183	GLUCOSE
1591.4470000000001	1591.632	20	AND
1591.632	1592.142	167	FRUCTOSE
1592.142	1592.241	30	ARE
1592.241	1592.712	276	NATURAL
1592.712	1593.271	414	SUGARS
1593.271	1593.478	163	FOUND
1593.478	1593.643	217	IN
1593.643	1594.058	168	FRUIT
1594.058	1603.5149999999999	99999	{NS}
1603.5149999999999	1603.661	30	ARE
1603.661	1603.7440000000001	495	YOU
1603.7440000000001	1604.041	250	LOOKING
1604.041	1604.232	161	FOR
1604.232	1604.932	136	EMPLOYMENT
1604.932	1609.901	99999	{NS}
1609.901	1610.101	99999	{NS}
1610.101	1612.133	99999	{NS}
1612.133	1612.6779999999999	98	COFFEE
1612.6779999999999	1612.971	224	IS
1612.971	1613.312	198	GROWN
1613.312	1613.482	297	ON
1613.482	1613.872	404	STEEP
1613.872	1614.269	231	JUNGLE
1614.269	1614.482	241	LIKE
1614.482	1615.041	390	SLOPES
1615.041	1615.218	217	IN
1615.218	1615.6970000000001	431	TEMPERATE
1615.6970000000001	1616.232	497	ZONES
1616.232	1619.632	99999	{NS}
1619.632	1621.982	99999	{NS}
1621.982	1626.291	99999	{NS}
1626.291	1626.3220000000001	99999	{NS}
1626.3220000000001	1632.856	99999	{NS}
1632.856	1633.022	476	WE
1633.022	1633.469	480	WELCOME
1633.469	1633.766	256	MANY
1633.766	1633.942	282	NEW
1633.942	1634.432	408	STUDENTS
1634.432	1634.6979999999999	132	EACH
1634.6979999999999	1634.905	491	YEAR
1634.905	1642.712	99999	{NS}
1642.712	1642.827	99999	sp
1642.827	1643.083	298	ONLY
1643.083	1643.221	434	THE
1643.221	1643.5430000000001	51	BEST
1643.5430000000001	1643.909	330	PLAYERS
1643.909	1644.309	139	ENJOY
1644.309	1645.124	336	POPULARITY
1645.124	1653.288	99999	{NS}
1653.288	1653.814	75	CALCIUM
1653.814	1654.154	254	MAKES
1654.154	1654.466	58	BONES
1654.466	1654.655	20	AND
1654.655	1654.91	430	TEETH
1654.91	1655.344	406	STRONG
1655.344	1667.996	99999	{NS}
1667.996	1668.372	286	NOTHING
1668.372	1668.556	224	IS
1668.556	1668.814	34	AS
1668.814	1669.401	295	OFFENSIVE
1669.401	1669.6970000000001	34	AS
1669.6970000000001	1669.893	224	IS
1669.893	1670.0	217	IN
1670.0	1670.068	1	A
1670.068	1670.464	99999	sp
1670.464	1671.221	219	INNOCENCE
1671.221	1681.878	99999	{NS}
1681.878	1682.272	405	STEVE
1682.272	1682.5140000000001	490	WORE
1682.5140000000001	1682.601	1	A
1682.601	1682.879	65	BRIGHT
1682.879	1683.183	356	RED
1683.183	1683.683	78	CASHMERE
1683.683	1684.157	420	SWEATER
1684.157	1693.465	99999	{NS}
1693.465	1693.911	46	BARB'S
1693.911	1694.249	188	GOLD
1694.249	1694.78	63	BRACELET
1694.78	1694.992	472	WAS
1694.992	1695.0720000000001	1	A
1695.0720000000001	1695.806	193	GRADUATION
1695.806	1696.356	339	PRESENT
1696.356	1708.787	99999	{NS}
1708.787	1709.055	130	DRAW
1709.055	1709.469	145	EVERY
1709.469	1709.8020000000001	308	OUTER
1709.8020000000001	1710.084	244	LINE
1710.084	1710.539	156	FIRST
1710.539	1710.83	436	THEN
1710.83	1711.184	154	FILL
1711.184	1711.462	217	IN
1711.462	1711.5819999999999	434	THE
1711.5819999999999	1712.336	222	INTERIOR
1712.336	1723.385	99999	{NS}
1723.385	1723.567	434	THE
1723.567	1723.922	475	WATER
1723.922	1724.5700000000002	103	CONTAINED
1724.5700000000002	1724.732	448	TOO
1724.732	1724.991	269	MUCH
1724.991	1725.499	90	CHLORINE
1725.499	1725.681	20	AND
1725.681	1725.9479999999999	409	STUNG
1725.9479999999999	1726.121	208	HIS
1726.121	1726.621	149	EYES
1726.621	1735.42	99999	{NS}
1735.42	1735.8220000000001	229	JOHN'S
1735.8220000000001	1736.181	66	BROTHER
1736.181	1736.788	363	REPAINTED
1736.788	1736.9479999999999	434	THE
1736.9479999999999	1737.451	173	GARAGE
1737.451	1737.763	129	DOOR
1737.763	1746.76	99999	{NS}
1746.76	1747.296	84	CHALLENGE
1747.296	1747.606	132	EACH
1747.606	1748.163	175	GENERAL'S
1748.163	1749.0320000000002	221	INTELLIGENCE
1749.0320000000002	1758.501	99999	{NS}
1758.501	1762.172	99999	{NS}
1762.172	1762.2	99999	{NS}
1762.2	1763.02	17	AMBIDEXTROUS
1763.02	1763.638	327	PICKPOCKETS
1763.638	1764.202	6	ACCOMPLISH
1764.202	1764.51	267	MORE
1764.51	1772.8139999999999	99999	{NS}
1772.8139999999999	1772.902	1	A
1772.902	1773.458	271	MUSCULAR
1773.458	1774.0	2	ABDOMEN
1774.0	1774.202	224	IS
1774.202	1774.362	189	GOOD
1774.362	1774.5320000000002	161	FOR
1774.5320000000002	1774.681	496	YOUR
1774.681	1775.205	43	BACK
1775.205	1783.222	99999	{NS}
1783.222	1783.432	438	THEY
1783.432	1783.629	317	OWN
1783.629	1783.751	1	A
1783.751	1784.049	52	BIG
1784.049	1784.452	209	HOUSE
1784.452	1784.542	217	IN
1784.542	1784.621	434	THE
1784.621	1785.0729999999999	361	REMOTE
1785.0729999999999	1785.761	109	COUNTRYSIDE
1785.761	1794.511	99999	{NS}
1794.511	1794.659	434	THE
1794.659	1795.001	369	ROSE
1795.001	1795.749	106	CORSAGE
1795.749	1796.261	393	SMELLED
1796.261	1796.778	421	SWEET
1796.778	1797.0	99999	{NS}
1797.0	1802.938	99999	{NS}
1802.938	1803.54	434	THE
1803.54	1804.123	326	PICKPOCKET
1804.123	1804.377	472	WAS
1804.377	1804.602	80	CAUGHT
1804.602	1804.804	356	RED
1804.804	1805.308	199	HANDED
1805.308	1816.232	99999	{NS}
1816.232	1816.319	99999	sp
1816.319	1816.442	19	AN
1816.442	1816.932	9	ADULT
1816.932	1817.222	255	MALE
1817.222	1817.861	42	BABOON'S
1817.861	1818.24	430	TEETH
1818.24	1818.399	30	ARE
1818.399	1818.642	285	NOT
1818.642	1819.253	415	SUITABLE
1819.253	1819.484	161	FOR
1819.484	1819.805	135	EATING
1819.805	1820.633	376	SHELLFISH
1820.633	1834.019	99999	{NS}
1834.019	1834.199	204	HER
1834.199	1834.74	470	WARDROBE
1834.74	1835.409	102	CONSISTS
1835.409	1835.631	294	OF
1835.631	1835.941	298	ONLY
1835.941	1836.393	385	SKIRTS
1836.393	1836.532	20	AND
1836.532	1837.095	54	BLOUSES
1837.095	1846.32	99999	{NS}
1846.32	1846.451	434	THE
1846.451	1846.676	453	TWO
1846.676	1847.295	33	ARTISTS
1847.295	1848.077	147	EXCHANGED
1848.077	1848.871	39	AUTOGRAPHS
1848.871	1859.114	99999	{NS}
1859.114	1859.752	71	BUTTERSCOTCH
1859.752	1860.144	169	FUDGE
1860.144	1860.462	186	GOES
1860.462	1860.701	481	WELL
1860.701	1860.871	487	WITH
1860.871	1860.92	99999	sp
1860.92	1861.25	463	VANILLA
1861.25	1861.534	212	ICE
1861.534	1861.842	112	CREAM
1861.842	1871.421	99999	{NS}
1871.421	1871.554	99999	sp
1871.554	1871.978	366	RICH
1871.978	1872.602	349	PURCHASED
1872.602	1872.731	99999	sp
1872.731	1873.357	374	SEVERAL
1873.357	1873.892	382	SIGNED
1873.892	1874.67	245	LITHOGRAPHS
1874.67	1875.841	99999	{NS}
1875.841	1876.001	99999	{NS}
1876.001	1884.299	99999	{NS}
1884.299	1884.508	24	ANY
1884.508	1885.452	105	CONTRIBUTIONS
1885.452	1885.612	485	WILL
1885.612	1885.766	47	BE
1885.766	1886.111	195	GREATLY
1886.111	1886.913	28	APPRECIATED
1886.913	1896.094	99999	{NS}
1896.094	1896.201	434	THE
1896.201	1896.883	111	CRANBERRY
1896.883	1897.231	57	BOG
1897.231	1897.451	178	GETS
1897.451	1897.796	465	VERY
1897.796	1898.137	340	PRETTY
1898.137	1898.31	217	IN
1898.31	1898.701	40	AUTUMN
1898.701	1907.711	99999	{NS}
1907.711	1908.186	210	HOW
1908.186	1908.271	99999	sp
1908.271	1908.455	128	DO
1908.455	1909.052	320	PEARLS
1909.052	1911.7930000000001	99999	sp
1911.7930000000001	1911.993	210	HOW
1911.993	1912.171	128	DO
1912.171	1912.965	318	OYSTERS
1912.965	1913.344	253	MAKE
1913.344	1913.853	320	PEARLS
1913.853	1926.95	99999	{NS}
1926.95	1927.112	257	MAY
1927.112	1927.27	211	I
1927.27	1927.63	304	ORDER
1927.63	1927.772	1	A
1927.772	1928.342	319	PARFAIT
1928.342	1928.692	10	AFTER
1928.692	1928.782	211	I
1928.782	1929.002	134	EAT
1929.002	1929.384	124	DINNER
1929.384	1941.51	99999	{NS}
1941.51	1941.644	224	IS
1941.644	1941.924	375	SHE
1941.924	1942.212	187	GOING
1942.212	1942.472	487	WITH
1942.472	1942.728	495	YOU
1942.728	1946.002	99999	{NS}
1946.002	1950.602	99999	{NS}
1950.602	1951.601	99999	{NS}
1951.601	1951.772	76	CAN
1951.772	1951.867	434	THE
1951.867	1952.588	11	AGENCY
1952.588	1953.225	315	OVERTHROW
1953.225	1953.751	13	ALIEN
1953.751	1954.343	162	FORCES
1954.343	1962.972	99999	{NS}
1962.972	1963.122	99999	sp
1963.122	1963.209	1	A
1963.209	1963.906	371	SCREWDRIVER
1963.906	1964.09	224	IS
1964.09	1964.312	252	MADE
1964.312	1964.532	166	FROM
1964.532	1964.937	469	VODKA
1964.937	1965.133	20	AND
1965.133	1965.507	303	ORANGE
1965.507	1965.942	230	JUICE
1965.942	1974.037	99999	{NS}
1974.037	1974.214	210	HOW
1974.214	1974.56	269	MUCH
1974.56	1975.144	16	ALLOWANCE
1975.144	1975.292	128	DO
1975.292	1975.412	495	YOU
1975.412	1975.681	177	GET
1975.681	1983.784	99999	{NS}
1983.784	1984.471	88888	CYLICAL
1984.471	1985.081	346	PROGRAMS
1985.081	1985.28	485	WILL
1985.28	1985.718	281	NEVER
1985.718	1986.3600000000001	100	COMPILE
1986.3600000000001	1996.912	99999	{NS}
1996.912	1997.012	434	THE
1997.012	1997.472	61	BOSTON
1997.472	1997.878	45	BALLET
1997.878	1998.651	312	OVERCAME
1998.651	1998.858	435	THEIR
1998.858	1999.292	170	FUNDING
1999.292	1999.887	380	SHORTAGE
1999.887	2000.122	99999	{NS}
2000.122	2000.401	99999	{NS}
2000.401	2009.0529999999999	99999	{NS}
2009.0529999999999	2009.3890000000001	145	EVERY
2009.3890000000001	2009.651	74	CAB
2009.651	2010.022	280	NEEDS
2010.022	2010.532	364	REPAINTING
2010.532	2011.027	296	OFTEN
2011.027	2019.686	99999	{NS}
2019.686	2020.042	203	HELP
2020.042	2020.424	196	GREG
2020.424	2020.6779999999999	446	TO
2020.6779999999999	2021.109	325	PICK
2021.109	2021.31	1	A
2021.31	2021.645	321	PECK
2021.645	2021.819	294	OF
2021.819	2022.5720000000001	338	POTATOES
2022.5720000000001	2033.462	99999	{NS}
2033.462	2033.672	476	WE
2033.672	2033.922	241	LIKE
2033.922	2034.169	55	BLUE
2034.169	2034.6390000000001	88	CHEESE
2034.6390000000001	2034.828	70	BUT
2034.828	2035.202	466	VICTOR
2035.202	2035.598	242	LIKES
2035.598	2035.906	88888	BRYE
2035.906	2044.844	99999	{NS}
2044.844	2045.092	108	COUNT
2045.092	2045.162	434	THE
2045.162	2045.497	289	NUMBER
2045.497	2045.722	294	OF
2045.722	2046.269	429	TEASPOONS
2046.269	2046.443	294	OF
2046.443	2047.118	395	SOYSAUCE
2047.118	2047.2649999999999	433	THAT
2047.2649999999999	2047.4569999999999	495	YOU
2047.4569999999999	2047.714	7	ADD
2047.714	2059.225	99999	{NS}
2059.225	2059.841	44	BAGPIPES
2059.841	2059.992	20	AND
2059.992	2060.382	59	BONGOS
2060.382	2060.488	30	ARE
2060.488	2061.024	273	MUSICAL
2061.024	2061.772	220	INSTRUMENTS
2061.772	2070.066	99999	{NS}
2070.066	2070.291	210	HOW
2070.291	2070.541	189	GOOD
2070.541	2070.709	224	IS
2070.709	2070.862	496	YOUR
2070.862	2071.582	138	ENDURANCE
2071.582	2072.971	99999	{NS}
2072.971	2077.372	99999	{NS}
2077.372	2090.082	99999	{NS}
