20.241	20.372	30	ARE
20.372	20.628	496	YOUR
20.628	20.969	192	GRADES
20.969	21.481	206	HIGHER
21.481	21.629	302	OR
21.629	22.149	251	LOWER
22.149	22.431	432	THAN
22.431	23.26	275	NANCY'S
23.26	29.043	99999	{NS}
29.043	29.382	375	SHE
29.382	29.937	490	WORE
29.937	30.071	99999	sp
30.071	30.674	471	WARM
30.674	30.932	99999	sp
30.932	31.566	158	FLEECY
31.566	31.794	99999	sp
31.794	32.23	489	WOOLEN
32.23	33.058	311	OVERALLS
33.058	44.35	99999	{NS}
44.35	44.661	354	READING
44.661	44.875	217	IN
44.875	45.16	335	POOR
45.16	45.531	240	LIGHT
45.531	45.78	181	GIVES
45.78	45.997	495	YOU
45.997	46.799	150	EYESTRAIN
46.799	55.63	99999	{NS}
55.63	55.915	142	EVEN
55.915	56.131	211	I
56.131	56.685	293	OCCASIONALLY
56.685	56.861	177	GET
56.861	56.941	434	THE
56.941	57.331	265	MONDAY
57.331	57.921	56	BLUES
57.921	66.541	99999	{NS}
66.541	66.808	99999	sp
66.808	66.962	476	WE
66.962	67.085	30	ARE
67.085	67.445	301	OPEN
67.445	67.788	145	EVERY
67.788	68.181	265	MONDAY
68.181	68.772	88888	NIGHT
68.772	69.387	99999	sp
69.387	69.775	145	EVERY
69.775	70.982	99999	sp
70.982	71.072	476	WE
71.072	71.212	30	ARE
71.212	71.603	301	OPEN
71.603	71.92	145	EVERY
71.92	72.302	265	MONDAY
72.302	72.801	143	EVENING
72.801	86.523	99999	{NS}
86.523	86.732	226	IT'S
86.732	86.912	285	NOT
86.912	87.295	133	EASY
87.295	87.51	446	TO
87.51	88.049	113	CREATE
88.049	88.91	215	ILLUMINATING
88.91	89.784	146	EXAMPLES
89.784	99.733	99999	{NS}
99.733	100.017	270	MUM
100.017	100.572	407	STRONGLY
100.572	101.167	126	DISLIKES
101.167	102.111	27	APPETIZERS
102.111	114.893	99999	{NS}
114.893	115.188	443	THOSE
115.188	115.375	484	WHO
115.375	115.712	427	TEACH
115.712	116.301	462	VALUES
116.301	116.627	156	FIRST
116.627	117.28	4	ABOLISH
117.28	117.789	87	CHEATING
117.789	126.981	99999	{NS}
126.981	127.146	434	THE
127.146	127.641	165	FRIGHTENED
127.641	128.091	89	CHILD
128.091	128.272	472	WAS
128.272	128.648	176	GENTLY
128.648	129.32	410	SUBDUED
129.32	129.457	73	BY
129.457	129.67	208	HIS
129.67	129.894	99999	sp
129.894	130.165	52	BIG
130.165	130.524	66	BROTHER
130.524	140.523	99999	{NS}
140.523	140.829	142	EVEN
140.829	140.895	1	A
140.895	141.302	383	SIMPLE
141.302	142.279	468	VOCABULARY
142.279	142.835	104	CONTAINS
142.835	143.471	422	SYMBOLS
143.471	155.627	99999	{NS}
155.627	155.787	1	A
155.787	156.265	110	CRAB
156.265	156.968	85	CHALLENGED
156.968	157.242	258	ME
157.242	157.711	99999	sp
157.711	157.825	70	BUT
157.825	157.945	1	A
157.945	158.242	350	QUICK
158.242	158.858	402	STAB
158.858	159.552	464	VANQUISHED
159.552	159.763	207	HIM
159.763	163.401	99999	{NS}
163.401	163.752	99999	{CG}
163.752	172.413	99999	{NS}
172.413	173.197	183	GLUCOSE
173.197	173.354	20	AND
173.354	174.177	167	FRUCTOSE
174.177	174.322	30	ARE
174.322	174.79	276	NATURAL
174.79	175.473	414	SUGARS
175.473	175.829	163	FOUND
175.829	175.975	217	IN
175.975	176.574	168	FRUIT
176.574	185.632	99999	{NS}
185.632	185.662	99999	{NS}
185.662	188.554	99999	{NS}
188.554	188.675	30	ARE
188.675	188.771	495	YOU
188.771	189.117	250	LOOKING
189.117	189.355	161	FOR
189.355	190.12	136	EMPLOYMENT
190.12	198.18	99999	{NS}
198.18	198.615	98	COFFEE
198.615	198.943	224	IS
198.943	199.282	198	GROWN
199.282	199.509	297	ON
199.509	200.134	404	STEEP
200.134	200.563	231	JUNGLE
200.563	200.832	241	LIKE
200.832	201.444	390	SLOPES
201.444	201.664	217	IN
201.664	202.42	88888	TEMPERATURE
202.42	202.992	497	ZONES
202.992	214.232	99999	{NS}
214.232	214.412	476	WE
214.412	215.038	480	WELCOME
215.038	215.403	256	MANY
215.403	215.632	282	NEW
215.632	216.382	408	STUDENTS
216.382	216.748	132	EACH
216.748	216.859	99999	sp
216.859	217.24	491	YEAR
217.24	224.901	99999	{NS}
224.901	224.942	99999	{NS}
224.942	233.324	99999	{NS}
233.324	233.63	298	ONLY
233.63	233.888	434	THE
233.888	234.264	51	BEST
234.264	234.872	330	PLAYERS
234.872	235.394	139	ENJOY
235.394	236.361	336	POPULARITY
236.361	246.771	99999	{NS}
246.771	247.542	75	CALCIUM
247.542	247.923	254	MAKES
247.923	248.618	58	BONES
248.618	248.854	20	AND
248.854	249.49	430	TEETH
249.49	250.27	406	STRONG
250.27	264.732	99999	{NS}
264.732	264.796	99999	sp
264.796	265.262	286	NOTHING
265.262	265.513	224	IS
265.513	265.86	34	AS
265.86	266.687	295	OFFENSIVE
266.687	267.05	34	AS
267.05	267.16	99999	sp
267.16	268.082	219	INNOCENCE
268.082	282.142	99999	{NS}
282.142	282.896	405	STEVE
282.896	283.395	490	WORE
283.395	283.581	1	A
283.581	283.878	65	BRIGHT
283.878	284.286	356	RED
284.286	284.858	78	CASHMERE
284.858	285.469	420	SWEATER
285.469	295.242	99999	{NS}
295.242	295.272	99999	{NS}
295.272	299.692	99999	{NS}
299.692	299.785	99999	sp
299.785	300.253	46	BARB'S
300.253	300.571	188	GOLD
300.571	301.112	63	BRACELET
301.112	301.318	472	WAS
301.318	301.433	1	A
301.433	302.168	193	GRADUATION
302.168	302.527	339	PRESENT
302.527	310.8	99999	{NS}
310.8	311.298	130	DRAW
311.298	311.356	99999	sp
311.356	311.728	145	EVERY
311.728	312.132	308	OUTER
312.132	312.446	244	LINE
312.446	313.014	156	FIRST
313.014	313.478	99999	sp
313.478	313.699	436	THEN
313.699	313.953	154	FILL
313.953	314.122	217	IN
314.122	314.244	434	THE
314.244	315.023	222	INTERIOR
315.023	315.182	99999	sp
315.182	325.001	99999	{NS}
325.001	325.093	434	THE
325.093	325.422	475	WATER
325.422	326.024	103	CONTAINED
326.024	326.164	448	TOO
326.164	326.447	269	MUCH
326.447	327.098	90	CHLORINE
327.098	327.281	20	AND
327.281	327.601	409	STUNG
327.601	327.821	208	HIS
327.821	328.312	149	EYES
328.312	338.092	99999	{NS}
338.092	338.572	229	JOHN'S
338.572	339.041	66	BROTHER
339.041	339.7	363	REPAINTED
339.7	339.862	434	THE
339.862	340.371	173	GARAGE
340.371	340.618	129	DOOR
340.618	349.601	99999	{NS}
349.601	350.102	84	CHALLENGE
350.102	350.512	132	EACH
350.512	351.125	175	GENERAL'S
351.125	352.151	221	INTELLIGENCE
352.151	357.471	99999	{NS}
357.471	357.512	99999	{NS}
357.512	365.888	99999	{NS}
365.888	366.951	17	AMBIDEXTROUS
366.951	367.815	327	PICKPOCKETS
367.815	368.567	6	ACCOMPLISH
368.567	369.011	267	MORE
369.011	379.797	99999	{NS}
379.797	379.841	1	A
379.841	380.419	271	MUSCULAR
380.419	381.066	2	ABDOMEN
381.066	381.316	224	IS
381.316	381.482	189	GOOD
381.482	381.651	161	FOR
381.651	381.844	496	YOUR
381.844	382.264	43	BACK
382.264	382.411	99999	{NS}
382.411	388.002	99999	{NS}
388.002	392.08	99999	{NS}
392.08	392.341	438	THEY
392.341	392.828	317	OWN
392.828	393.004	1	A
393.004	393.226	52	BIG
393.226	393.612	209	HOUSE
393.612	393.781	217	IN
393.781	393.872	434	THE
393.872	394.227	361	REMOTE
394.227	394.922	109	COUNTRYSIDE
394.922	403.791	99999	{NS}
403.791	403.965	434	THE
403.965	404.399	369	ROSE
404.399	405.165	106	CORSAGE
405.165	405.582	393	SMELLED
405.582	406.097	421	SWEET
406.097	413.962	99999	{NS}
413.962	414.267	433	THAT
414.267	414.884	326	PICKPOCKET
414.884	415.114	472	WAS
415.114	415.341	80	CAUGHT
415.341	415.552	356	RED
415.552	416.046	199	HANDED
416.046	423.767	99999	{NS}
423.767	423.892	19	AN
423.892	424.375	9	ADULT
424.375	424.698	255	MALE
424.698	425.362	42	BABOON'S
425.362	425.737	430	TEETH
425.737	425.935	30	ARE
425.935	426.212	285	NOT
426.212	426.806	415	SUITABLE
426.806	427.047	161	FOR
427.047	427.376	135	EATING
427.376	427.952	88888	FLESH
427.952	428.082	99999	sp
428.082	428.351	88888	SUH
428.351	430.534	99999	sp
430.534	430.669	19	AN
430.669	431.206	9	ADULT
431.206	431.545	255	MALE
431.545	432.473	42	BABOON'S
432.473	433.084	430	TEETH
433.084	433.244	30	ARE
433.244	433.548	285	NOT
433.548	434.166	415	SUITABLE
434.166	434.39	161	FOR
434.39	434.762	135	EATING
434.762	435.632	88888	SELFISH
435.632	436.029	99999	sp
436.029	437.242	376	SHELLFISH
437.242	459.319	99999	{NS}
459.319	459.465	204	HER
459.465	460.132	470	WARDROBE
460.132	460.793	102	CONSISTS
460.793	460.945	294	OF
460.945	461.291	298	ONLY
461.291	461.803	385	SKIRTS
461.803	461.978	20	AND
461.978	462.712	54	BLOUSES
462.712	475.797	99999	{NS}
475.797	475.995	434	THE
475.995	476.269	453	TWO
476.269	477.048	33	ARTISTS
477.048	477.902	147	EXCHANGED
477.902	478.781	39	AUTOGRAPHS
478.781	485.502	99999	{NS}
485.502	485.572	99999	{NS}
485.572	488.038	99999	{NS}
488.038	488.791	71	BUTTERSCOTCH
488.791	489.505	169	FUDGE
489.505	489.939	186	GOES
489.939	490.16	481	WELL
490.16	490.412	487	WITH
490.412	490.831	463	VANILLA
490.831	491.237	212	ICE
491.237	491.531	112	CREAM
491.531	501.372	99999	{NS}
501.372	501.401	99999	{NS}
501.401	501.584	99999	{NS}
501.584	502.071	366	RICH
502.071	502.723	349	PURCHASED
502.723	503.338	374	SEVERAL
503.338	503.682	99999	sp
503.682	504.262	382	SIGNED
504.262	505.402	245	LITHOGRAPHS
505.402	520.151	99999	{NS}
520.151	520.392	24	ANY
520.392	521.312	105	CONTRIBUTIONS
521.312	521.532	485	WILL
521.532	521.697	47	BE
521.697	522.341	195	GREATLY
522.341	523.206	28	APPRECIATED
523.206	532.959	99999	{NS}
532.959	533.149	434	THE
533.149	533.72	111	CRANBERRY
533.72	534.183	57	BOG
534.183	534.432	178	GETS
534.432	534.773	465	VERY
534.773	535.225	340	PRETTY
535.225	535.385	217	IN
535.385	535.751	40	AUTUMN
535.751	545.011	99999	{NS}
545.011	545.194	210	HOW
545.194	545.361	128	DO
545.361	546.033	318	OYSTERS
546.033	546.292	253	MAKE
546.292	546.4	99999	sp
546.4	546.956	320	PEARLS
546.956	556.189	99999	{NS}
556.189	556.394	257	MAY
556.394	556.495	211	I
556.495	556.85	304	ORDER
556.85	557.035	1	A
557.035	557.581	319	PARFAIT
557.581	557.981	10	AFTER
557.981	558.032	211	I
558.032	558.244	134	EAT
558.244	558.652	124	DINNER
558.652	565.332	99999	{NS}
565.332	565.361	99999	{NS}
565.361	572.289	99999	{NS}
572.289	572.4	224	IS
572.4	573.013	375	SHE
573.013	573.296	187	GOING
573.296	573.551	487	WITH
573.551	573.844	495	YOU
573.844	574.172	99999	sp
574.172	582.321	99999	{NS}
582.321	582.481	76	CAN
582.481	582.622	434	THE
582.622	583.223	11	AGENCY
583.223	583.886	315	OVERTHROW
583.886	584.322	13	ALIEN
584.322	585.022	162	FORCES
585.022	594.072	99999	{NS}
594.072	594.153	1	A
594.153	594.974	371	SCREWDRIVER
594.974	595.16	224	IS
595.16	595.459	252	MADE
595.459	595.682	166	FROM
595.682	596.384	469	VODKA
596.384	596.631	20	AND
596.631	597.06	303	ORANGE
597.06	597.541	230	JUICE
597.541	600.0	99999	sp
600.0	609.841	99999	{NS}
609.841	610.095	210	HOW
610.095	610.466	269	MUCH
610.466	611.163	16	ALLOWANCE
611.163	611.301	128	DO
611.301	611.461	495	YOU
611.461	611.752	177	GET
611.752	611.841	99999	sp
611.841	621.758	99999	{NS}
621.758	622.393	88888	CYLICAL
622.393	623.029	346	PROGRAMS
623.029	623.202	485	WILL
623.202	623.617	281	NEVER
623.617	624.23	100	COMPILE
624.23	638.431	99999	{NS}
638.431	638.576	434	THE
638.576	639.011	61	BOSTON
639.011	639.523	45	BALLET
639.523	640.241	312	OVERCAME
640.241	640.421	435	THEIR
640.421	640.915	170	FUNDING
640.915	641.581	380	SHORTAGE
641.581	651.881	99999	{NS}
651.881	651.965	99999	sp
651.965	652.283	145	EVERY
652.283	652.738	74	CAB
652.738	653.055	280	NEEDS
653.055	653.669	364	REPAINTING
653.669	654.232	296	OFTEN
654.232	667.843	99999	{NS}
667.843	668.141	203	HELP
668.141	668.183	99999	sp
668.183	668.662	196	GREG
668.662	669.003	99999	sp
669.003	669.232	446	TO
669.232	669.434	325	PICK
669.434	669.601	1	A
669.601	669.941	321	PECK
669.941	670.142	294	OF
670.142	670.962	338	POTATOES
670.962	678.331	99999	{NS}
678.331	678.361	99999	{NS}
678.361	684.038	99999	{NS}
684.038	684.215	476	WE
684.215	684.485	241	LIKE
684.485	684.561	99999	sp
684.561	684.833	55	BLUE
684.833	685.317	88	CHEESE
685.317	685.435	70	BUT
685.435	685.891	466	VICTOR
685.891	686.355	242	LIKES
686.355	686.896	64	BRIE
686.896	699.085	99999	{NS}
699.085	699.403	108	COUNT
699.403	699.471	434	THE
699.471	699.88	289	NUMBER
699.88	700.01	294	OF
700.01	700.606	429	TEASPOONS
700.606	700.7139999999999	294	OF
700.7139999999999	701.434	395	SOYSAUCE
701.434	701.588	433	THAT
701.588	701.808	495	YOU
701.808	702.24	7	ADD
702.24	712.657	99999	{NS}
712.657	713.285	44	BAGPIPES
713.285	713.471	20	AND
713.471	713.976	59	BONGOS
713.976	714.096	30	ARE
714.096	714.652	273	MUSICAL
714.652	715.531	220	INSTRUMENTS
715.531	721.681	99999	{NS}
721.681	724.572	99999	{NS}
724.572	724.973	99999	{NS}
724.973	725.312	210	HOW
725.312	725.587	189	GOOD
725.587	725.7909999999999	224	IS
725.7909999999999	725.951	496	YOUR
725.951	726.7909999999999	138	ENDURANCE
726.7909999999999	726.831	99999	sp
726.831	733.1510000000001	99999	{NS}
733.1510000000001	733.222	99999	{NS}
733.222	742.722	99999	{NS}
742.722	742.812	30	ARE
742.812	743.075	496	YOUR
743.075	743.392	192	GRADES
743.392	743.689	206	HIGHER
743.689	743.867	302	OR
743.867	744.2470000000001	251	LOWER
744.2470000000001	744.415	432	THAN
744.415	745.05	275	NANCY'S
745.05	752.802	99999	{NS}
752.802	753.181	375	SHE
753.181	753.612	490	WORE
753.612	754.217	471	WARM
754.217	754.947	158	FLEECY
754.947	755.362	489	WOOLEN
755.362	756.072	311	OVERALLS
756.072	764.402	99999	{NS}
764.402	764.732	354	READING
764.732	764.943	217	IN
764.943	765.171	335	POOR
765.171	765.498	240	LIGHT
765.498	765.732	181	GIVES
765.732	765.837	495	YOU
765.837	766.432	150	EYESTRAIN
766.432	766.562	99999	sp
766.562	770.931	99999	{NS}
770.931	771.282	99999	{NS}
771.282	773.692	99999	{NS}
788.672	788.965	142	EVEN
788.965	789.279	211	I
789.279	790.0260000000001	293	OCCASIONALLY
790.0260000000001	790.267	177	GET
790.267	790.342	434	THE
790.342	790.8199999999999	265	MONDAY
790.8199999999999	791.322	56	BLUES
791.322	802.379	99999	{NS}
802.379	802.572	476	WE
802.572	802.756	30	ARE
802.756	803.346	301	OPEN
803.346	803.47	99999	sp
803.47	803.8050000000001	145	EVERY
803.8050000000001	804.222	265	MONDAY
804.222	804.817	143	EVENING
804.817	815.266	99999	{NS}
815.266	815.489	226	IT'S
815.489	815.6800000000001	285	NOT
815.6800000000001	816.167	133	EASY
816.167	816.342	446	TO
816.342	816.778	113	CREATE
816.778	817.542	215	ILLUMINATING
817.542	818.352	146	EXAMPLES
818.352	829.2760000000001	99999	{NS}
829.2760000000001	829.6320000000001	270	MUM
829.6320000000001	830.396	407	STRONGLY
830.396	830.951	126	DISLIKES
830.951	831.913	27	APPETIZERS
831.913	846.312	99999	{NS}
846.312	846.654	443	THOSE
846.654	846.858	484	WHO
846.858	847.202	427	TEACH
847.202	847.892	462	VALUES
847.892	848.408	99999	sp
848.408	848.86	156	FIRST
848.86	849.711	4	ABOLISH
849.711	850.232	87	CHEATING
850.232	861.863	99999	{NS}
861.863	862.004	434	THE
862.004	862.5409999999999	165	FRIGHTENED
862.5409999999999	863.1379999999999	89	CHILD
863.1379999999999	863.3679999999999	472	WAS
863.3679999999999	863.832	176	GENTLY
863.832	864.511	410	SUBDUED
864.511	864.685	73	BY
864.685	864.992	208	HIS
864.992	865.182	52	BIG
865.182	865.629	66	BROTHER
865.629	870.552	99999	{NS}
870.552	871.072	99999	{NS}
871.072	877.29	99999	{NS}
877.29	877.602	142	EVEN
877.602	877.6890000000001	1	A
877.6890000000001	878.059	383	SIMPLE
878.059	879.017	468	VOCABULARY
879.017	879.495	104	CONTAINS
879.495	880.2370000000001	422	SYMBOLS
880.2370000000001	889.062	99999	{NS}
889.062	889.091	99999	{NS}
889.091	894.623	99999	{NS}
894.623	894.798	1	A
894.798	895.1220000000001	110	CRAB
895.1220000000001	895.6510000000001	85	CHALLENGED
895.6510000000001	895.942	258	ME
895.942	896.142	70	BUT
896.142	896.212	1	A
896.212	896.562	350	QUICK
896.562	897.029	402	STAB
897.029	897.7	464	VANQUISHED
897.7	897.932	207	HIM
897.932	907.38	99999	{NS}
907.38	907.98	183	GLUCOSE
907.98	908.116	20	AND
908.116	908.935	167	FRUCTOSE
908.935	909.0550000000001	99999	sp
909.0550000000001	909.22	30	ARE
909.22	909.675	276	NATURAL
909.675	910.221	414	SUGARS
910.221	910.4739999999999	163	FOUND
910.4739999999999	910.6379999999999	217	IN
910.6379999999999	911.066	168	FRUIT
911.066	912.732	99999	{NS}
912.732	912.762	99999	{NS}
912.762	918.721	99999	{NS}
918.721	918.909	99999	sp
918.909	919.019	30	ARE
919.019	919.108	495	YOU
919.108	919.4259999999999	250	LOOKING
919.4259999999999	919.682	161	FOR
919.682	920.328	136	EMPLOYMENT
920.328	929.8589999999999	99999	{NS}
929.8589999999999	930.2139999999999	98	COFFEE
930.2139999999999	930.442	224	IS
930.442	930.7239999999999	198	GROWN
930.7239999999999	930.8820000000001	297	ON
930.8820000000001	931.4110000000001	404	STEEP
931.4110000000001	931.832	231	JUNGLE
931.832	932.044	241	LIKE
932.044	932.552	390	SLOPES
932.552	932.7339999999999	217	IN
932.7339999999999	933.452	431	TEMPERATE
933.452	934.052	497	ZONES
934.052	943.2470000000001	99999	{NS}
943.2470000000001	943.452	476	WE
943.452	943.8399999999999	480	WELCOME
943.8399999999999	944.158	256	MANY
944.158	944.341	282	NEW
944.341	944.8820000000001	408	STUDENTS
944.8820000000001	945.168	132	EACH
945.168	945.412	491	YEAR
945.412	952.6610000000001	99999	{NS}
952.6610000000001	953.5409999999999	99999	{NS}
953.5409999999999	957.942	99999	{NS}
957.942	958.191	298	ONLY
958.191	958.328	434	THE
958.328	958.664	51	BEST
958.664	959.062	330	PLAYERS
959.062	959.498	139	ENJOY
959.498	960.322	336	POPULARITY
960.322	970.6220000000001	99999	{NS}
970.6220000000001	971.0899999999999	99999	sp
971.0899999999999	971.711	75	CALCIUM
971.711	972.202	254	MAKES
972.202	972.988	58	BONES
972.988	973.203	20	AND
973.203	973.531	430	TEETH
973.531	974.088	406	STRONG
974.088	985.322	99999	{NS}
985.322	985.351	99999	{NS}
985.351	993.13	99999	{NS}
993.13	993.6	286	NOTHING
993.6	993.9390000000001	224	IS
993.9390000000001	994.1	34	AS
994.1	994.781	295	OFFENSIVE
994.781	995.1320000000001	34	AS
995.1320000000001	995.9010000000001	219	INNOCENCE
995.9010000000001	999.7719999999999	99999	{NS}
999.7719999999999	999.802	99999	{NS}
999.802	1006.154	99999	{NS}
1006.154	1006.6120000000001	405	STEVE
1006.6120000000001	1006.879	490	WORE
1006.879	1007.0129999999999	1	A
1007.0129999999999	1007.3299999999999	65	BRIGHT
1007.3299999999999	1007.63	356	RED
1007.63	1008.114	78	CASHMERE
1008.114	1008.5550000000001	420	SWEATER
1008.5550000000001	1019.6569999999999	99999	{NS}
1019.6569999999999	1020.0260000000001	46	BARB'S
1020.0260000000001	1020.332	188	GOLD
1020.332	1020.8489999999999	63	BRACELET
1020.8489999999999	1021.024	472	WAS
1021.024	1021.101	1	A
1021.101	1021.837	193	GRADUATION
1021.837	1022.1510000000001	339	PRESENT
1022.1510000000001	1027.195	99999	{NS}
1027.195	1027.705	130	DRAW
1027.705	1027.785	99999	sp
1027.785	1028.2060000000001	145	EVERY
1028.2060000000001	1028.522	308	OUTER
1028.522	1028.776	244	LINE
1028.776	1029.295	156	FIRST
1029.295	1029.612	436	THEN
1029.612	1029.858	154	FILL
1029.858	1030.182	217	IN
1030.182	1030.658	99999	sp
1030.658	1030.791	434	THE
1030.791	1031.488	222	INTERIOR
1031.488	1039.91	99999	{NS}
1039.91	1040.037	434	THE
1040.037	1040.549	475	WATER
1040.549	1041.338	103	CONTAINED
1041.338	1041.6	448	TOO
1041.6	1041.997	269	MUCH
1041.997	1042.78	90	CHLORINE
1042.78	1042.961	20	AND
1042.961	1043.362	409	STUNG
1043.362	1043.587	208	HIS
1043.587	1044.23	149	EYES
1044.23	1056.013	99999	{NS}
1056.013	1056.436	229	JOHN'S
1056.436	1056.893	66	BROTHER
1056.893	1057.601	363	REPAINTED
1057.601	1057.839	434	THE
1057.839	1058.376	173	GARAGE
1058.376	1058.627	129	DOOR
1058.627	1064.182	99999	{NS}
1064.182	1067.351	99999	{NS}
1067.351	1070.4479999999999	99999	{NS}
1070.4479999999999	1070.992	84	CHALLENGE
1070.992	1071.3020000000001	132	EACH
1071.3020000000001	1071.8899999999999	175	GENERAL'S
1071.8899999999999	1072.806	221	INTELLIGENCE
1072.806	1081.162	99999	{NS}
1081.162	1082.117	17	AMBIDEXTROUS
1082.117	1082.78	327	PICKPOCKETS
1082.78	1083.382	6	ACCOMPLISH
1083.382	1083.69	267	MORE
1083.69	1091.688	99999	{NS}
1091.688	1091.763	1	A
1091.763	1092.3	271	MUSCULAR
1092.3	1092.897	2	ABDOMEN
1092.897	1093.1480000000001	224	IS
1093.1480000000001	1093.3020000000001	189	GOOD
1093.3020000000001	1093.471	161	FOR
1093.471	1093.75	496	YOUR
1093.75	1094.0819999999999	43	BACK
1094.0819999999999	1094.161	99999	sp
1094.161	1105.1100000000001	99999	{NS}
1105.1100000000001	1105.347	438	THEY
1105.347	1105.563	317	OWN
1105.563	1105.68	1	A
1105.68	1105.917	52	BIG
1105.917	1106.449	209	HOUSE
1106.449	1106.597	217	IN
1106.597	1106.7069999999999	434	THE
1106.7069999999999	1107.041	361	REMOTE
1107.041	1107.807	109	COUNTRYSIDE
1107.807	1117.741	99999	{NS}
1117.741	1117.8429999999998	434	THE
1117.8429999999998	1118.222	369	ROSE
1118.222	1118.481	88888	CORE
1118.481	1118.966	88888	SAY
1118.966	1119.8980000000001	99999	sp
1119.8980000000001	1120.431	393	SMELLED
1120.431	1120.951	421	SWEET
1120.951	1130.5639999999999	99999	{NS}
1130.5639999999999	1130.781	434	THE
1130.781	1131.341	326	PICKPOCKET
1131.341	1131.583	472	WAS
1131.583	1131.845	80	CAUGHT
1131.845	1132.04	356	RED
1132.04	1132.4859999999999	199	HANDED
1132.4859999999999	1143.162	99999	{NS}
1143.162	1143.25	99999	sp
1143.25	1143.357	19	AN
1143.357	1143.741	9	ADULT
1143.741	1144.042	255	MALE
1144.042	1144.652	42	BABOON'S
1144.652	1145.011	430	TEETH
1145.011	1145.152	30	ARE
1145.152	1145.3609999999999	285	NOT
1145.3609999999999	1145.885	415	SUITABLE
1145.885	1146.096	161	FOR
1146.096	1146.491	135	EATING
1146.491	1146.558	99999	sp
1146.558	1147.339	376	SHELLFISH
1147.339	1156.172	99999	{NS}
1156.172	1156.491	99999	{NS}
1156.491	1156.542	99999	sp
1156.542	1157.133	99999	{NS}
1157.133	1157.406	204	HER
1157.406	1158.149	470	WARDROBE
1158.149	1158.933	102	CONSISTS
1158.933	1159.091	294	OF
1159.091	1159.432	298	ONLY
1159.432	1159.908	385	SKIRTS
1159.908	1160.091	20	AND
1160.091	1160.761	54	BLOUSES
1160.761	1170.491	99999	{NS}
1170.491	1170.5320000000002	99999	sp
1170.5320000000002	1170.704	434	THE
1170.704	1170.9450000000002	453	TWO
1170.9450000000002	1171.847	33	ARTISTS
1171.847	1172.042	99999	sp
1172.042	1172.819	147	EXCHANGED
1172.819	1173.692	39	AUTOGRAPHS
1173.692	1197.0	99999	{NS}
1197.0	1200.0	99999	{NS}
1200.0	1200.483	99999	{NS}
1200.483	1201.713	169	FUDGE
1201.713	1202.028	186	GOES
1202.028	1202.295	481	WELL
1202.295	1202.569	487	WITH
1202.569	1202.938	463	VANILLA
1202.938	1203.296	212	ICE
1203.296	1203.568	112	CREAM
1203.568	1212.881	99999	{NS}
1212.881	1212.912	99999	{NS}
1212.912	1220.228	99999	{NS}
1220.228	1220.728	366	RICH
1220.728	1221.404	349	PURCHASED
1221.404	1221.861	374	SEVERAL
1221.861	1222.358	382	SIGNED
1222.358	1223.462	245	LITHOGRAPHS
1223.462	1232.1779999999999	99999	{NS}
1232.1779999999999	1232.408	24	ANY
1232.408	1233.345	105	CONTRIBUTIONS
1233.345	1233.611	485	WILL
1233.611	1233.842	47	BE
1233.842	1234.191	195	GREATLY
1234.191	1235.021	28	APPRECIATED
1235.021	1243.516	99999	{NS}
1243.516	1243.71	434	THE
1243.71	1244.36	111	CRANBERRY
1244.36	1244.673	57	BOG
1244.673	1244.861	178	GETS
1244.861	1245.164	465	VERY
1245.164	1245.481	340	PRETTY
1245.481	1245.606	217	IN
1245.606	1246.041	40	AUTUMN
1246.041	1256.911	99999	{NS}
1256.911	1256.941	99999	{NS}
1256.941	1257.999	99999	{NS}
1257.999	1258.18	210	HOW
1258.18	1258.34	128	DO
1258.34	1259.081	318	OYSTERS
1259.081	1259.442	253	MAKE
1259.442	1260.011	320	PEARLS
1260.011	1270.987	99999	{NS}
1270.987	1271.165	257	MAY
1271.165	1271.261	211	I
1271.261	1271.607	304	ORDER
1271.607	1271.78	1	A
1271.78	1272.341	319	PARFAIT
1272.341	1272.731	10	AFTER
1272.731	1272.772	211	I
1272.772	1273.006	134	EAT
1273.006	1273.354	124	DINNER
1273.354	1282.451	99999	{NS}
1282.451	1282.481	99999	{NS}
1282.481	1286.4279999999999	99999	{NS}
1286.4279999999999	1286.536	224	IS
1286.536	1286.789	375	SHE
1286.789	1287.08	187	GOING
1287.08	1287.321	487	WITH
1287.321	1287.578	495	YOU
1287.578	1296.311	99999	{NS}
1296.311	1296.471	76	CAN
1296.471	1296.645	434	THE
1296.645	1297.329	11	AGENCY
1297.329	1298.008	315	OVERTHROW
1298.008	1298.45	13	ALIEN
1298.45	1299.081	162	FORCES
1299.081	1307.772	99999	{NS}
1307.772	1307.945	99999	sp
1307.945	1308.012	1	A
1308.012	1308.79	371	SCREWDRIVER
1308.79	1308.942	224	IS
1308.942	1309.212	252	MADE
1309.212	1309.446	166	FROM
1309.446	1309.841	469	VODKA
1309.841	1310.013	20	AND
1310.013	1310.401	303	ORANGE
1310.401	1310.851	230	JUICE
1310.851	1319.189	99999	{NS}
1319.189	1319.367	210	HOW
1319.367	1319.632	269	MUCH
1319.632	1320.142	16	ALLOWANCE
1320.142	1320.268	128	DO
1320.268	1320.421	495	YOU
1320.421	1320.751	177	GET
1320.751	1332.435	99999	{NS}
1332.435	1333.333	88888	CYLICAL
1333.333	1333.998	346	PROGRAMS
1333.998	1334.109	485	WILL
1334.109	1334.521	281	NEVER
1334.521	1335.126	100	COMPILE
1335.126	1346.802	99999	{NS}
1346.802	1346.929	434	THE
1346.929	1347.393	61	BOSTON
1347.393	1347.879	45	BALLET
1347.879	1348.494	99999	sp
1348.494	1349.212	312	OVERCAME
1349.212	1349.373	435	THEIR
1349.373	1349.8220000000001	170	FUNDING
1349.8220000000001	1350.54	380	SHORTAGE
1350.54	1353.542	99999	{NS}
1353.542	1353.5720000000001	99999	{NS}
1353.5720000000001	1358.882	99999	{NS}
1358.882	1359.028	99999	sp
1359.028	1359.37	145	EVERY
1359.37	1359.755	74	CAB
1359.755	1360.064	280	NEEDS
1360.064	1360.599	364	REPAINTING
1360.599	1361.137	296	OFTEN
1361.137	1371.442	99999	{NS}
1371.442	1371.774	203	HELP
1371.774	1371.83	99999	sp
1371.83	1372.187	196	GREG
1372.187	1372.386	446	TO
1372.386	1372.722	325	PICK
1372.722	1372.882	1	A
1372.882	1373.196	321	PECK
1373.196	1373.372	294	OF
1373.372	1374.181	338	POTATOES
1374.181	1384.751	99999	{NS}
1384.751	1384.935	476	WE
1384.935	1385.181	241	LIKE
1385.181	1385.494	55	BLUE
1385.494	1385.938	88	CHEESE
1385.938	1386.45	99999	{NS}
1386.45	1386.663	70	BUT
1386.663	1387.042	466	VICTOR
1387.042	1387.455	242	LIKES
1387.455	1387.909	88888	BRYE
1387.909	1398.289	99999	{NS}
1398.289	1398.552	108	COUNT
1398.552	1398.629	434	THE
1398.629	1398.998	289	NUMBER
1398.998	1399.163	294	OF
1399.163	1399.682	429	TEASPOONS
1399.682	1399.782	294	OF
1399.782	1400.466	395	SOYSAUCE
1400.466	1400.598	433	THAT
1400.598	1400.842	495	YOU
1400.842	1401.166	7	ADD
1401.166	1413.045	99999	{NS}
1413.045	1413.716	44	BAGPIPES
1413.716	1413.879	20	AND
1413.879	1414.41	59	BONGOS
1414.41	1414.5819999999999	30	ARE
1414.5819999999999	1415.216	273	MUSICAL
1415.216	1416.112	220	INSTRUMENTS
1416.112	1426.509	99999	{NS}
1426.509	1426.778	210	HOW
1426.778	1426.919	189	GOOD
1426.919	1427.085	224	IS
1427.085	1427.252	496	YOUR
1427.252	1427.996	138	ENDURANCE
1427.996	1437.792	99999	{NS}
1437.792	1439.792	99999	{NS}
1439.792	1440.952	99999	{NS}
1440.952	1440.982	99999	{NS}
1440.982	1447.49	99999	{NS}
1447.49	1447.621	30	ARE
1447.621	1447.797	496	YOUR
1447.797	1448.129	192	GRADES
1448.129	1448.481	206	HIGHER
1448.481	1448.672	302	OR
1448.672	1449.012	251	LOWER
1449.012	1449.162	432	THAN
1449.162	1449.798	275	NANCY'S
1449.798	1460.651	99999	{NS}
1460.651	1460.911	375	SHE
1460.911	1461.162	490	WORE
1461.162	1461.591	471	WARM
1461.591	1462.156	158	FLEECY
1462.156	1462.5529999999999	489	WOOLEN
1462.5529999999999	1463.277	311	OVERALLS
1463.277	1472.091	99999	{NS}
1472.091	1472.219	99999	sp
1472.219	1472.5819999999999	354	READING
1472.5819999999999	1472.772	217	IN
1472.772	1473.031	335	POOR
1473.031	1473.383	240	LIGHT
1473.383	1473.659	181	GIVES
1473.659	1473.7930000000001	495	YOU
1473.7930000000001	1474.42	150	EYESTRAIN
1474.42	1487.504	99999	{NS}
1487.504	1487.746	142	EVEN
1487.746	1487.971	211	I
1487.971	1488.531	293	OCCASIONALLY
1488.531	1488.701	177	GET
1488.701	1488.772	434	THE
1488.772	1489.174	265	MONDAY
1489.174	1489.672	56	BLUES
1489.672	1498.173	99999	{NS}
1498.173	1498.3319999999999	476	WE
1498.3319999999999	1498.443	30	ARE
1498.443	1498.85	301	OPEN
1498.85	1499.133	145	EVERY
1499.133	1499.5	265	MONDAY
1499.5	1500.038	143	EVENING
1500.038	1507.246	99999	{NS}
1507.246	1507.471	226	IT'S
1507.471	1507.762	285	NOT
1507.762	1508.215	133	EASY
1508.215	1508.391	446	TO
1508.391	1508.7640000000001	113	CREATE
1508.7640000000001	1509.5720000000001	215	ILLUMINATING
1509.5720000000001	1510.388	146	EXAMPLES
1510.388	1523.045	99999	{NS}
1523.045	1523.362	270	MUM
1523.362	1523.8519999999999	407	STRONGLY
1523.8519999999999	1524.374	126	DISLIKES
1524.374	1525.248	27	APPETIZERS
1525.248	1533.413	99999	{NS}
1533.413	1533.672	443	THOSE
1533.672	1533.838	484	WHO
1533.838	1534.122	427	TEACH
1534.122	1534.661	462	VALUES
1534.661	1534.971	156	FIRST
1534.971	1535.5819999999999	4	ABOLISH
1535.5819999999999	1536.103	87	CHEATING
1536.103	1545.599	99999	{NS}
1545.599	1545.715	434	THE
1545.715	1546.215	165	FRIGHTENED
1546.215	1546.541	89	CHILD
1546.541	1546.7559999999999	472	WAS
1546.7559999999999	1547.066	176	GENTLY
1547.066	1547.591	410	SUBDUED
1547.591	1547.685	73	BY
1547.685	1547.9470000000001	208	HIS
1547.9470000000001	1548.1680000000001	52	BIG
1548.1680000000001	1548.528	66	BROTHER
1548.528	1560.91	99999	{NS}
1560.91	1561.21	142	EVEN
1561.21	1561.285	1	A
1561.285	1561.647	383	SIMPLE
1561.647	1562.576	468	VOCABULARY
1562.576	1563.091	104	CONTAINS
1563.091	1563.725	422	SYMBOLS
1563.725	1565.091	99999	{NS}
1565.091	1568.002	99999	{NS}
1568.002	1572.951	99999	{NS}
1572.951	1573.1109999999999	1	A
1573.1109999999999	1573.401	110	CRAB
1573.401	1573.855	85	CHALLENGED
1573.855	1574.01	258	ME
1574.01	1574.184	70	BUT
1574.184	1574.262	1	A
1574.262	1574.548	350	QUICK
1574.548	1574.973	402	STAB
1574.973	1575.555	464	VANQUISHED
1575.555	1575.742	207	HIM
1575.742	1582.932	99999	{NS}
1582.932	1582.962	99999	{NS}
1582.962	1590.907	99999	{NS}
1590.907	1591.4470000000001	183	GLUCOSE
1591.4470000000001	1591.632	20	AND
1591.632	1592.142	167	FRUCTOSE
1592.142	1592.241	30	ARE
1592.241	1592.712	276	NATURAL
1592.712	1593.271	414	SUGARS
1593.271	1593.478	163	FOUND
1593.478	1593.643	217	IN
1593.643	1594.058	168	FRUIT
1594.058	1603.5149999999999	99999	{NS}
1603.5149999999999	1603.661	30	ARE
1603.661	1603.7440000000001	495	YOU
1603.7440000000001	1604.041	250	LOOKING
1604.041	1604.232	161	FOR
1604.232	1604.932	136	EMPLOYMENT
1604.932	1609.901	99999	{NS}
1609.901	1610.101	99999	{NS}
1610.101	1612.133	99999	{NS}
1612.133	1612.6779999999999	98	COFFEE
1612.6779999999999	1612.971	224	IS
1612.971	1613.312	198	GROWN
1613.312	1613.482	297	ON
1613.482	1613.872	404	STEEP
1613.872	1614.269	231	JUNGLE
1614.269	1614.482	241	LIKE
1614.482	1615.041	390	SLOPES
1615.041	1615.218	217	IN
1615.218	1615.6970000000001	431	TEMPERATE
1615.6970000000001	1616.232	497	ZONES
1616.232	1619.632	99999	{NS}
1619.632	1621.982	99999	{NS}
1621.982	1626.291	99999	{NS}
1626.291	1626.3220000000001	99999	{NS}
1626.3220000000001	1632.856	99999	{NS}
1632.856	1633.022	476	WE
1633.022	1633.469	480	WELCOME
1633.469	1633.766	256	MANY
1633.766	1633.942	282	NEW
1633.942	1634.432	408	STUDENTS
1634.432	1634.6979999999999	132	EACH
1634.6979999999999	1634.905	491	YEAR
1634.905	1642.712	99999	{NS}
1642.712	1642.827	99999	sp
1642.827	1643.083	298	ONLY
1643.083	1643.221	434	THE
1643.221	1643.5430000000001	51	BEST
1643.5430000000001	1643.909	330	PLAYERS
1643.909	1644.309	139	ENJOY
1644.309	1645.124	336	POPULARITY
1645.124	1653.288	99999	{NS}
1653.288	1653.814	75	CALCIUM
1653.814	1654.154	254	MAKES
1654.154	1654.466	58	BONES
1654.466	1654.655	20	AND
1654.655	1654.91	430	TEETH
1654.91	1655.344	406	STRONG
1655.344	1667.996	99999	{NS}
1667.996	1668.372	286	NOTHING
1668.372	1668.556	224	IS
1668.556	1668.814	34	AS
1668.814	1669.401	295	OFFENSIVE
1669.401	1669.6970000000001	34	AS
1669.6970000000001	1669.893	224	IS
1669.893	1670.0	217	IN
1670.0	1670.068	1	A
1670.068	1670.464	99999	sp
1670.464	1671.221	219	INNOCENCE
1671.221	1681.878	99999	{NS}
1681.878	1682.272	405	STEVE
1682.272	1682.5140000000001	490	WORE
1682.5140000000001	1682.601	1	A
1682.601	1682.879	65	BRIGHT
1682.879	1683.183	356	RED
1683.183	1683.683	78	CASHMERE
1683.683	1684.157	420	SWEATER
1684.157	1693.465	99999	{NS}
1693.465	1693.911	46	BARB'S
1693.911	1694.249	188	GOLD
1694.249	1694.78	63	BRACELET
1694.78	1694.992	472	WAS
1694.992	1695.0720000000001	1	A
1695.0720000000001	1695.806	193	GRADUATION
1695.806	1696.356	339	PRESENT
1696.356	1708.787	99999	{NS}
1708.787	1709.055	130	DRAW
1709.055	1709.469	145	EVERY
1709.469	1709.8020000000001	308	OUTER
1709.8020000000001	1710.084	244	LINE
1710.084	1710.539	156	FIRST
1710.539	1710.83	436	THEN
1710.83	1711.184	154	FILL
1711.184	1711.462	217	IN
1711.462	1711.5819999999999	434	THE
1711.5819999999999	1712.336	222	INTERIOR
1712.336	1723.385	99999	{NS}
1723.385	1723.567	434	THE
1723.567	1723.922	475	WATER
1723.922	1724.5700000000002	103	CONTAINED
1724.5700000000002	1724.732	448	TOO
1724.732	1724.991	269	MUCH
1724.991	1725.499	90	CHLORINE
1725.499	1725.681	20	AND
1725.681	1725.9479999999999	409	STUNG
1725.9479999999999	1726.121	208	HIS
1726.121	1726.621	149	EYES
1726.621	1735.42	99999	{NS}
1735.42	1735.8220000000001	229	JOHN'S
1735.8220000000001	1736.181	66	BROTHER
1736.181	1736.788	363	REPAINTED
1736.788	1736.9479999999999	434	THE
1736.9479999999999	1737.451	173	GARAGE
1737.451	1737.763	129	DOOR
1737.763	1746.76	99999	{NS}
1746.76	1747.296	84	CHALLENGE
1747.296	1747.606	132	EACH
1747.606	1748.163	175	GENERAL'S
1748.163	1749.0320000000002	221	INTELLIGENCE
1749.0320000000002	1758.501	99999	{NS}
1758.501	1762.172	99999	{NS}
1762.172	1762.2	99999	{NS}
1762.2	1763.02	17	AMBIDEXTROUS
1763.02	1763.638	327	PICKPOCKETS
1763.638	1764.202	6	ACCOMPLISH
1764.202	1764.51	267	MORE
1764.51	1772.8139999999999	99999	{NS}
1772.8139999999999	1772.902	1	A
1772.902	1773.458	271	MUSCULAR
1773.458	1774.0	2	ABDOMEN
1774.0	1774.202	224	IS
1774.202	1774.362	189	GOOD
1774.362	1774.5320000000002	161	FOR
1774.5320000000002	1774.681	496	YOUR
1774.681	1775.205	43	BACK
1775.205	1783.222	99999	{NS}
1783.222	1783.432	438	THEY
1783.432	1783.629	317	OWN
1783.629	1783.751	1	A
1783.751	1784.049	52	BIG
1784.049	1784.452	209	HOUSE
1784.452	1784.542	217	IN
1784.542	1784.621	434	THE
1784.621	1785.0729999999999	361	REMOTE
1785.0729999999999	1785.761	109	COUNTRYSIDE
1785.761	1794.511	99999	{NS}
1794.511	1794.659	434	THE
1794.659	1795.001	369	ROSE
1795.001	1795.749	106	CORSAGE
1795.749	1796.261	393	SMELLED
1796.261	1796.778	421	SWEET
1796.778	1797.0	99999	{NS}
1797.0	1802.938	99999	{NS}
1802.938	1803.54	434	THE
1803.54	1804.123	326	PICKPOCKET
1804.123	1804.377	472	WAS
1804.377	1804.602	80	CAUGHT
1804.602	1804.804	356	RED
1804.804	1805.308	199	HANDED
1805.308	1816.232	99999	{NS}
1816.232	1816.319	99999	sp
1816.319	1816.442	19	AN
1816.442	1816.932	9	ADULT
1816.932	1817.222	255	MALE
1817.222	1817.861	42	BABOON'S
1817.861	1818.24	430	TEETH
1818.24	1818.399	30	ARE
1818.399	1818.642	285	NOT
1818.642	1819.253	415	SUITABLE
1819.253	1819.484	161	FOR
1819.484	1819.805	135	EATING
1819.805	1820.633	376	SHELLFISH
1820.633	1834.019	99999	{NS}
1834.019	1834.199	204	HER
1834.199	1834.74	470	WARDROBE
1834.74	1835.409	102	CONSISTS
1835.409	1835.631	294	OF
1835.631	1835.941	298	ONLY
1835.941	1836.393	385	SKIRTS
1836.393	1836.532	20	AND
1836.532	1837.095	54	BLOUSES
1837.095	1846.32	99999	{NS}
1846.32	1846.451	434	THE
1846.451	1846.676	453	TWO
1846.676	1847.295	33	ARTISTS
1847.295	1848.077	147	EXCHANGED
1848.077	1848.871	39	AUTOGRAPHS
1848.871	1859.114	99999	{NS}
1859.114	1859.752	71	BUTTERSCOTCH
1859.752	1860.144	169	FUDGE
1860.144	1860.462	186	GOES
1860.462	1860.701	481	WELL
1860.701	1860.871	487	WITH
1860.871	1860.92	99999	sp
1860.92	1861.25	463	VANILLA
1861.25	1861.534	212	ICE
1861.534	1861.842	112	CREAM
1861.842	1871.421	99999	{NS}
1871.421	1871.554	99999	sp
1871.554	1871.978	366	RICH
1871.978	1872.602	349	PURCHASED
1872.602	1872.731	99999	sp
1872.731	1873.357	374	SEVERAL
1873.357	1873.892	382	SIGNED
1873.892	1874.67	245	LITHOGRAPHS
1874.67	1875.841	99999	{NS}
1875.841	1876.001	99999	{NS}
1876.001	1884.299	99999	{NS}
1884.299	1884.508	24	ANY
1884.508	1885.452	105	CONTRIBUTIONS
1885.452	1885.612	485	WILL
1885.612	1885.766	47	BE
1885.766	1886.111	195	GREATLY
1886.111	1886.913	28	APPRECIATED
1886.913	1896.094	99999	{NS}
1896.094	1896.201	434	THE
1896.201	1896.883	111	CRANBERRY
1896.883	1897.231	57	BOG
1897.231	1897.451	178	GETS
1897.451	1897.796	465	VERY
1897.796	1898.137	340	PRETTY
1898.137	1898.31	217	IN
1898.31	1898.701	40	AUTUMN
1898.701	1907.711	99999	{NS}
1907.711	1908.186	210	HOW
1908.186	1908.271	99999	sp
1908.271	1908.455	128	DO
1908.455	1909.052	320	PEARLS
1909.052	1911.7930000000001	99999	sp
1911.7930000000001	1911.993	210	HOW
1911.993	1912.171	128	DO
1912.171	1912.965	318	OYSTERS
1912.965	1913.344	253	MAKE
1913.344	1913.853	320	PEARLS
1913.853	1926.95	99999	{NS}
1926.95	1927.112	257	MAY
1927.112	1927.27	211	I
1927.27	1927.63	304	ORDER
1927.63	1927.772	1	A
1927.772	1928.342	319	PARFAIT
1928.342	1928.692	10	AFTER
1928.692	1928.782	211	I
1928.782	1929.002	134	EAT
1929.002	1929.384	124	DINNER
1929.384	1941.51	99999	{NS}
1941.51	1941.644	224	IS
1941.644	1941.924	375	SHE
1941.924	1942.212	187	GOING
1942.212	1942.472	487	WITH
1942.472	1942.728	495	YOU
1942.728	1946.002	99999	{NS}
1946.002	1950.602	99999	{NS}
1950.602	1951.601	99999	{NS}
1951.601	1951.772	76	CAN
1951.772	1951.867	434	THE
1951.867	1952.588	11	AGENCY
1952.588	1953.225	315	OVERTHROW
1953.225	1953.751	13	ALIEN
1953.751	1954.343	162	FORCES
1954.343	1962.972	99999	{NS}
1962.972	1963.122	99999	sp
1963.122	1963.209	1	A
1963.209	1963.906	371	SCREWDRIVER
1963.906	1964.09	224	IS
1964.09	1964.312	252	MADE
1964.312	1964.532	166	FROM
1964.532	1964.937	469	VODKA
1964.937	1965.133	20	AND
1965.133	1965.507	303	ORANGE
1965.507	1965.942	230	JUICE
1965.942	1974.037	99999	{NS}
1974.037	1974.214	210	HOW
1974.214	1974.56	269	MUCH
1974.56	1975.144	16	ALLOWANCE
1975.144	1975.292	128	DO
1975.292	1975.412	495	YOU
1975.412	1975.681	177	GET
1975.681	1983.784	99999	{NS}
1983.784	1984.471	88888	CYLICAL
1984.471	1985.081	346	PROGRAMS
1985.081	1985.28	485	WILL
1985.28	1985.718	281	NEVER
1985.718	1986.3600000000001	100	COMPILE
1986.3600000000001	1996.912	99999	{NS}
1996.912	1997.012	434	THE
1997.012	1997.472	61	BOSTON
1997.472	1997.878	45	BALLET
1997.878	1998.651	312	OVERCAME
1998.651	1998.858	435	THEIR
1998.858	1999.292	170	FUNDING
1999.292	1999.887	380	SHORTAGE
1999.887	2000.122	99999	{NS}
2000.122	2000.401	99999	{NS}
2000.401	2009.0529999999999	99999	{NS}
2009.0529999999999	2009.3890000000001	145	EVERY
2009.3890000000001	2009.651	74	CAB
2009.651	2010.022	280	NEEDS
2010.022	2010.532	364	REPAINTING
2010.532	2011.027	296	OFTEN
2011.027	2019.686	99999	{NS}
2019.686	2020.042	203	HELP
2020.042	2020.424	196	GREG
2020.424	2020.6779999999999	446	TO
2020.6779999999999	2021.109	325	PICK
2021.109	2021.31	1	A
2021.31	2021.645	321	PECK
2021.645	2021.819	294	OF
2021.819	2022.5720000000001	338	POTATOES
2022.5720000000001	2033.462	99999	{NS}
2033.462	2033.672	476	WE
2033.672	2033.922	241	LIKE
2033.922	2034.169	55	BLUE
2034.169	2034.6390000000001	88	CHEESE
2034.6390000000001	2034.828	70	BUT
2034.828	2035.202	466	VICTOR
2035.202	2035.598	242	LIKES
2035.598	2035.906	88888	BRYE
2035.906	2044.844	99999	{NS}
2044.844	2045.092	108	COUNT
2045.092	2045.162	434	THE
2045.162	2045.497	289	NUMBER
2045.497	2045.722	294	OF
2045.722	2046.269	429	TEASPOONS
2046.269	2046.443	294	OF
2046.443	2047.118	395	SOYSAUCE
2047.118	2047.2649999999999	433	THAT
2047.2649999999999	2047.4569999999999	495	YOU
2047.4569999999999	2047.714	7	ADD
2047.714	2059.225	99999	{NS}
2059.225	2059.841	44	BAGPIPES
2059.841	2059.992	20	AND
2059.992	2060.382	59	BONGOS
2060.382	2060.488	30	ARE
2060.488	2061.024	273	MUSICAL
2061.024	2061.772	220	INSTRUMENTS
2061.772	2070.066	99999	{NS}
2070.066	2070.291	210	HOW
2070.291	2070.541	189	GOOD
2070.541	2070.709	224	IS
2070.709	2070.862	496	YOUR
2070.862	2071.582	138	ENDURANCE
2071.582	2072.971	99999	{NS}
2072.971	2077.372	99999	{NS}
2077.372	2090.082	99999	{NS}
2090.082	2090.172	30	ARE
2090.172	2090.397	496	YOUR
2090.397	2090.713	192	GRADES
2090.713	2091.082	206	HIGHER
2091.082	2091.247	302	OR
2091.247	2091.582	251	LOWER
2091.582	2091.772	432	THAN
2091.772	2092.456	275	NANCY'S
2092.456	2099.987	99999	{NS}
2099.987	2100.242	375	SHE
2100.242	2100.589	490	WORE
2100.589	2101.101	471	WARM
2101.101	2101.7309999999998	158	FLEECY
2101.7309999999998	2102.126	489	WOOLEN
2102.126	2102.922	311	OVERALLS
2102.922	2111.041	99999	{NS}
2111.041	2111.171	99999	sp
2111.171	2111.508	354	READING
2111.508	2111.694	217	IN
2111.694	2111.922	335	POOR
2111.922	2112.2309999999998	240	LIGHT
2112.2309999999998	2112.486	181	GIVES
2112.486	2112.598	495	YOU
2112.598	2113.19	150	EYESTRAIN
2113.19	2130.714	99999	{NS}
2130.714	2130.958	142	EVEN
2130.958	2131.221	211	I
2131.221	2131.752	293	OCCASIONALLY
2131.752	2131.909	177	GET
2131.909	2131.992	434	THE
2131.992	2132.4809999999998	265	MONDAY
2132.4809999999998	2132.985	56	BLUES
2132.985	2142.116	99999	{NS}
2142.116	2142.322	476	WE
2142.322	2142.447	30	ARE
2142.447	2142.868	301	OPEN
2142.868	2143.175	145	EVERY
2143.175	2143.547	265	MONDAY
2143.547	2144.031	143	EVENING
2144.031	2152.451	99999	{NS}
2152.451	2152.65	226	IT'S
2152.65	2152.81	285	NOT
2152.81	2153.11	133	EASY
2153.11	2153.272	446	TO
2153.272	2153.717	113	CREATE
2153.717	2154.656	215	ILLUMINATING
2154.656	2155.471	146	EXAMPLES
2155.471	2166.173	99999	{NS}
2166.173	2166.626	88888	MOM
2166.626	2166.911	99999	sp
2166.911	2167.57	407	STRONGLY
2167.57	2168.287	126	DISLIKES
2168.287	2169.272	27	APPETIZERS
2169.272	2177.71	99999	{NS}
2177.71	2178.052	443	THOSE
2178.052	2178.201	484	WHO
2178.201	2178.531	427	TEACH
2178.531	2179.072	462	VALUES
2179.072	2179.449	156	FIRST
2179.449	2180.002	4	ABOLISH
2180.002	2180.482	87	CHEATING
2180.482	2194.508	99999	{NS}
2194.508	2194.712	434	THE
2194.712	2195.192	165	FRIGHTENED
2195.192	2195.642	89	CHILD
2195.642	2195.791	472	WAS
2195.791	2196.122	176	GENTLY
2196.122	2196.612	410	SUBDUED
2196.612	2196.791	73	BY
2196.791	2197.008	208	HIS
2197.008	2197.209	52	BIG
2197.209	2197.562	66	BROTHER
2197.562	2198.161	99999	{NS}
2198.161	2200.841	99999	{NS}
2200.841	2200.911	99999	sp
2200.911	2205.9030000000002	99999	{NS}
2205.9030000000002	2206.172	142	EVEN
2206.172	2206.253	1	A
2206.253	2206.632	383	SIMPLE
2206.632	2207.462	468	VOCABULARY
2207.462	2208.206	104	CONTAINS
2208.206	2208.933	422	SYMBOLS
2208.933	2211.012	99999	{NS}
2211.012	2213.882	99999	{NS}
2213.882	2225.262	99999	{NS}
2225.262	2225.366	99999	sp
2225.366	2225.526	1	A
2225.526	2225.832	110	CRAB
2225.832	2226.351	85	CHALLENGED
2226.351	2226.6	258	ME
2226.6	2226.707	70	BUT
2226.707	2226.781	1	A
2226.781	2227.082	350	QUICK
2227.082	2227.4719999999998	402	STAB
2227.4719999999998	2227.988	464	VANQUISHED
2227.988	2228.192	207	HIM
2228.192	2236.131	99999	{NS}
2236.131	2236.686	183	GLUCOSE
2236.686	2236.822	20	AND
2236.822	2237.367	167	FRUCTOSE
2237.367	2237.45	30	ARE
2237.45	2237.872	276	NATURAL
2237.872	2238.332	414	SUGARS
2238.332	2238.587	163	FOUND
2238.587	2238.745	217	IN
2238.745	2239.174	168	FRUIT
2239.174	2250.043	99999	{NS}
2250.043	2250.195	30	ARE
2250.195	2250.312	495	YOU
2250.312	2250.601	250	LOOKING
2250.601	2250.802	161	FOR
2250.802	2251.518	136	EMPLOYMENT
2251.518	2260.562	99999	{NS}
2260.562	2260.932	98	COFFEE
2260.932	2261.161	224	IS
2261.161	2261.453	198	GROWN
2261.453	2261.651	297	ON
2261.651	2262.344	404	STEEP
2262.344	2262.802	231	JUNGLE
2262.802	2263.031	241	LIKE
2263.031	2263.5	390	SLOPES
2263.5	2263.677	217	IN
2263.677	2264.192	431	TEMPERATE
2264.192	2264.685	497	ZONES
2264.685	2274.382	99999	{NS}
2274.382	2274.552	476	WE
2274.552	2274.9610000000002	480	WELCOME
2274.9610000000002	2275.257	256	MANY
2275.257	2275.442	282	NEW
2275.442	2276.022	88888	STUDENT
2276.022	2276.297	132	EACH
2276.297	2276.544	491	YEAR
2276.544	2286.124	99999	{NS}
2286.124	2286.402	298	ONLY
2286.402	2286.585	434	THE
2286.585	2286.911	51	BEST
2286.911	2287.281	330	PLAYERS
2287.281	2287.699	139	ENJOY
2287.699	2287.822	434	THE
2287.822	2288.645	336	POPULARITY
2288.645	2302.169	99999	{NS}
2302.169	2302.697	75	CALCIUM
2302.697	2303.024	254	MAKES
2303.024	2303.333	58	BONES
2303.333	2303.482	20	AND
2303.482	2303.738	430	TEETH
2303.738	2304.122	406	STRONG
2304.122	2317.631	99999	{NS}
2317.631	2317.693	99999	sp
2317.693	2318.082	286	NOTHING
2318.082	2318.2690000000002	224	IS
2318.2690000000002	2319.183	295	OFFENSIVE
2319.183	2319.395	99999	sp
2319.395	2319.721	34	AS
2319.721	2320.428	219	INNOCENCE
2320.428	2328.542	99999	{NS}
