608.8294375	609.018329876674	476	WE
609.018329876674	609.488329876674	480	WELCOME
609.488329876674	609.808329876674	256	MANY
609.808329876674	610.0683298766739	282	NEW
610.0683298766739	610.9456852912589	408	STUDENTS
610.9456852912589	611.3383298766739	132	EACH
611.3383298766739	611.808329876674	491	YEAR
611.808329876674	619.977125	99999	sp
619.977125	620.2048641083039	226	IT'S
620.2048641083039	620.5056756374761	285	NOT
620.5056756374761	620.9359033616648	133	EASY
620.9359033616648	621.1515919620198	446	TO
621.1515919620198	621.6464898965843	113	CREATE
621.6464898965843	622.5684636742071	215	ILLUMINATING
622.5684636742071	623.424864108304	146	EXAMPLES
623.424864108304	631.3451875	99999	sp
631.3451875	631.557071115227	204	HER
631.557071115227	632.0902932777025	470	WARDROBE
632.0902932777025	632.9118849708913	102	CONSISTS
632.9118849708913	633.157434248689	294	OF
633.157434248689	633.4370711152271	298	ONLY
633.4370711152271	634.1396989545035	385	SKIRTS
634.1396989545035	634.3089469764093	20	AND
634.3089469764093	635.1270711152271	54	BLOUSES
635.1270711152271	642.9889375	99999	sp
642.9889375	643.0982500383914	1	A
643.0982500383914	643.7527068215758	271	MUSCULAR
643.7527068215758	644.2941513378245	2	ABDOMEN
644.2941513378245	644.5879749408616	224	IS
644.5879749408616	644.6613939633974	99999	sp
644.6613939633974	644.8185810247624	189	GOOD
644.8185810247624	645.0979749408616	161	FOR
645.0979749408616	645.2321793129654	496	YOUR
645.2321793129654	645.7179749408616	43	BACK
645.7179749408616	653.4714809008279	99999	sp
653.4714809008279	653.6285010110247	1	A
653.6285010110247	654.4185010110247	371	SCREWDRIVER
654.4185010110247	654.5837617094788	224	IS
654.5837617094788	654.8185010110246	252	MADE
654.8185010110246	655.1285010110247	166	FROM
655.1285010110247	655.7185010110247	469	VODKA
655.7185010110247	655.8025692667029	99999	sp
655.8025692667029	656.0488753071572	20	AND
656.0488753071572	656.4789287875074	303	ORANGE
656.4789287875074	657.0285010110247	230	JUICE
657.0285010110247	665.810375	99999	sp
665.810375	665.9476355687775	434	THE
665.9476355687775	666.2776355687777	475	WATER
666.2776355687777	667.0376355687777	103	CONTAINED
667.0376355687777	667.1192264684496	99999	sp
667.1192264684496	667.3276355687776	448	TOO
667.3276355687776	667.7434121511487	269	MUCH
667.7434121511487	668.462825881242	90	CHLORINE
668.462825881242	668.6576355687776	20	AND
668.6576355687776	669.1948726749381	409	STUNG
669.1948726749381	669.4276355687775	208	HIS
669.4276355687775	670.0976355687776	149	EYES
670.0976355687776	678.292875	99999	sp
678.292875	678.5107271249974	76	CAN
678.5107271249974	678.686436743295	434	THE
678.686436743295	679.2807271249974	11	AGENCY
679.2807271249974	680.069739603364	315	OVERTHROW
680.069739603364	680.5607271249974	13	ALIEN
680.5607271249974	681.4207271249973	162	FORCES
681.4207271249973	689.5738125	99999	sp
689.5738125	690.623461616763	17	AMBIDEXTROUS
690.623461616763	691.3117408462473	327	PICKPOCKETS
691.3117408462473	691.9217408462473	6	ACCOMPLISH
691.9217408462473	692.3017408462473	267	MORE
692.3017408462473	701.5812675875596	99999	sp
701.5812675875596	701.8878179669615	24	ANY
701.8878179669615	702.896317705759	105	CONTRIBUTIONS
702.896317705759	703.012764819446	485	WILL
703.012764819446	703.2393087177068	47	BE
703.2393087177068	703.6656891958337	195	GREATLY
703.6656891958337	704.4956891958336	28	APPRECIATED
704.4956891958336	713.042	99999	sp
713.042	713.2266467181798	438	THEY
713.2266467181798	713.4486262240064	317	OWN
713.4486262240064	713.5566467181798	1	A
713.5566467181798	713.9455402421343	52	BIG
713.9455402421343	714.5566467181798	209	HOUSE
714.5566467181798	714.7666467181798	217	IN
714.7666467181798	714.8566467181797	434	THE
714.8566467181797	715.3066467181798	361	REMOTE
715.3066467181798	715.3806488615744	99999	sp
715.3806488615744	716.2658081721975	109	COUNTRYSIDE
716.2658081721975	725.755375	99999	sp
725.755375	726.4054640399243	84	CHALLENGE
726.4054640399243	726.5068366035212	99999	sp
726.5068366035212	726.9254640399242	132	EACH
726.9254640399242	727.0048905715228	99999	sp
727.0048905715228	727.5829054128612	175	GENERAL'S
727.5829054128612	728.4954640399242	221	INTELLIGENCE
728.4954640399242	737.3954375	99999	sp
737.3954375	737.5409895212276	434	THE
737.5409895212276	738.0280190290891	369	ROSE
738.0280190290891	738.781626724742	106	CORSAGE
738.781626724742	739.3766014283408	393	SMELLED
739.3766014283408	739.9634545569394	421	SWEET
739.9634545569394	746.5705	99999	sp
746.5705	747.1015391300934	98	COFFEE
747.1015391300934	747.3155225986391	224	IS
747.3155225986391	747.3786329313009	99999	sp
747.3786329313009	747.8155802141112	198	GROWN
747.8155802141112	748.0155225986391	297	ON
748.0155225986391	748.6074431736118	404	STEEP
748.6074431736118	749.1321846609794	231	JUNGLE
749.1321846609794	749.495522598639	241	LIKE
749.495522598639	750.2228041750832	390	SLOPES
750.2228041750832	750.4171694072206	217	IN
750.4171694072206	750.885522598639	431	TEMPERATE
750.885522598639	750.953375062124	99999	sp
750.953375062124	751.745522598639	497	ZONES
751.745522598639	762.3130625	99999	sp
762.3130625	762.5498927949573	476	WE
762.5498927949573	762.8995649081135	241	LIKE
762.8995649081135	763.1098927949572	55	BLUE
763.1098927949572	763.6698927949573	88	CHEESE
763.6698927949573	763.8180089529094	99999	sp
763.8180089529094	763.9215809245288	70	BUT
763.9215809245288	764.3555677129511	466	VICTOR
764.3555677129511	764.8404776260837	242	LIKES
764.8404776260837	765.1998927949572	64	BRIE
765.1998927949572	773.8885	99999	sp
773.8885	774.0624834422608	1	A
774.0624834422608	774.4868812531266	110	CRAB
774.4868812531266	775.0999465965809	85	CHALLENGED
775.0999465965809	775.3599465965809	258	ME
775.3599465965809	775.5799709012426	99999	sp
775.5799709012426	775.6462521980072	70	BUT
775.6462521980072	775.7968915088361	1	A
775.7968915088361	776.0999465965809	350	QUICK
776.0999465965809	776.6199465965809	402	STAB
776.6199465965809	777.2599465965809	464	VANQUISHED
777.2599465965809	777.5399465965809	207	HIM
777.5399465965809	787.302	99999	sp
787.302	787.4370205353068	30	ARE
787.4370205353068	787.6170205353069	495	YOU
787.6170205353069	787.9370205353068	250	LOOKING
787.9370205353068	788.2070205353068	161	FOR
788.2070205353068	788.9470205353068	136	EMPLOYMENT
788.9470205353068	799.9208125	99999	sp
799.9208125	800.2354812826203	298	ONLY
800.2354812826203	800.4410386120007	434	THE
800.4410386120007	800.7886744557687	51	BEST
800.7886744557687	800.8509915551705	99999	sp
800.8509915551705	801.4486744557687	330	PLAYERS
801.4486744557687	801.5283869970463	99999	sp
801.5283869970463	802.0725380982745	139	ENJOY
802.0725380982745	803.0186744557686	336	POPULARITY
803.0186744557686	811.1756875	99999	sp
811.1756875	811.4797585737459	108	COUNT
811.4797585737459	811.5657072195735	434	THE
811.5657072195735	811.9404396841691	289	NUMBER
811.9404396841691	812.1157072195736	294	OF
812.1157072195736	812.1946875557959	99999	sp
812.1946875557959	812.9508616878443	429	TEASPOONS
812.9508616878443	813.0910983498217	294	OF
813.0910983498217	813.9557072195735	395	SOYSAUCE
813.9557072195735	814.0326498085108	99999	sp
814.0326498085108	814.2633934489312	433	THAT
814.2633934489312	814.4457072195735	495	YOU
814.4457072195735	814.9457072195735	7	ADD
814.9457072195735	824.2393125	99999	sp
824.2393125	824.7530143624566	183	GLUCOSE
824.7530143624566	824.8976281008522	20	AND
824.8976281008522	825.5914769345684	167	FRUCTOSE
825.5914769345684	825.7593125	30	ARE
825.7593125	826.211585113203	276	NATURAL
826.211585113203	826.7761180043078	414	SUGARS
826.7761180043078	827.2094089593744	163	FOUND
827.2094089593744	827.341503823501	217	IN
827.341503823501	827.7393125	168	FRUIT
827.7393125	836.7943125	99999	sp
836.7943125	836.9930797120876	210	HOW
836.9930797120876	837.2793597796324	269	MUCH
837.2793597796324	838.1394438927142	16	ALLOWANCE
838.1394438927142	838.2930797120877	128	DO
838.2930797120877	838.5572693666749	495	YOU
838.5572693666749	839.0030797120877	177	GET
839.0030797120877	848.1758125	99999	sp
848.1758125	848.8603321030914	71	BUTTERSCOTCH
848.8603321030914	849.4004033208079	169	FUDGE
849.4004033208079	849.5028285005899	99999	sp
849.5028285005899	849.7804033208079	186	GOES
849.7804033208079	850.1371082145874	481	WELL
850.1371082145874	850.392180579108	487	WITH
850.392180579108	850.9376709977834	463	VANILLA
850.9376709977834	851.290560388025	212	ICE
851.290560388025	851.6404033208079	112	CREAM
851.6404033208079	861.6519375	99999	sp
861.6519375	862.0109846002761	142	EVEN
862.0109846002761	862.2547271199544	211	I
862.2547271199544	862.8946866495228	293	OCCASIONALLY
862.8946866495228	863.1245669011798	177	GET
863.1245669011798	863.1948652462333	434	THE
863.1948652462333	863.5746139160549	265	MONDAY
863.5746139160549	864.3446866495228	56	BLUES
864.3446866495228	872.406	99999	sp
872.406	872.8870563708502	145	EVERY
872.8870563708502	873.4692654596586	74	CAB
873.4692654596586	873.7704560364936	280	NEEDS
873.7704560364936	874.4821195967305	364	REPAINTING
874.4821195967305	875.14837675091	296	OFTEN
875.14837675091	882.888125	99999	sp
882.888125	883.1226191175626	203	HELP
883.1226191175626	883.3367045888036	99999	sp
883.3367045888036	883.7406381420861	196	GREG
883.7406381420861	883.9734871490396	446	TO
883.9734871490396	884.3319027523705	325	PICK
884.3319027523705	884.5179530911237	1	A
884.5179530911237	884.8220241648695	321	PECK
884.8220241648695	884.9962687220186	294	OF
884.9962687220186	885.8319027523705	338	POTATOES
885.8319027523705	894.0445625	99999	sp
894.0445625	894.747769554409	44	BAGPIPES
894.747769554409	895.0528040007192	20	AND
895.0528040007192	895.6977695544091	59	BONGOS
895.6977695544091	895.8791878211459	30	ARE
895.8791878211459	896.5232176002811	273	MUSICAL
896.5232176002811	897.517769554409	220	INSTRUMENTS
897.517769554409	906.287875	99999	sp
906.287875	906.4413931341276	476	WE
906.4413931341276	906.5996884499227	30	ARE
906.5996884499227	907.0013931341275	301	OPEN
907.0013931341275	907.0683685617525	99999	sp
907.0683685617525	907.4913931341275	145	EVERY
907.4913931341275	908.0716554811668	265	MONDAY
908.0716554811668	908.5913931341275	143	EVENING
908.5913931341275	919.743875	99999	sp
919.743875	919.8798529689258	224	IS
919.8798529689258	920.115024000532	375	SHE
920.115024000532	920.4721780915115	187	GOING
920.4721780915115	920.687238628999	487	WITH
920.687238628999	921.0298529689258	495	YOU
921.0298529689258	929.2164375	99999	sp
929.2164375	929.4897188459784	433	THAT
929.4897188459784	930.2430011960826	326	PICKPOCKET
930.2430011960826	930.5400461373636	472	WAS
930.5400461373636	930.9591757324291	80	CAUGHT
930.9591757324291	931.2713471618131	356	RED
931.2713471618131	931.8736794353365	199	HANDED
931.8736794353365	940.075125	99999	sp
940.075125	940.1448408625863	434	THE
940.1448408625863	940.7362382310054	165	FRIGHTENED
940.7362382310054	941.4170698633744	89	CHILD
941.4170698633744	941.7153036127593	472	WAS
941.7153036127593	942.1140889368261	176	GENTLY
942.1140889368261	942.7748408625864	410	SUBDUED
942.7748408625864	943.0048408625863	73	BY
943.0048408625863	943.2748408625864	208	HIS
943.2748408625864	943.3511350543596	99999	sp
943.3511350543596	943.5948408625864	52	BIG
943.5948408625864	943.7094349885009	99999	sp
943.7094349885009	944.1148408625863	66	BROTHER
944.1148408625863	954.7945	99999	sp
954.7945	955.0463941102062	210	HOW
955.0463941102062	955.3340286915161	128	DO
955.3340286915161	955.8817284587286	318	OYSTERS
955.8817284587286	956.1834640211507	253	MAKE
956.1834640211507	956.9318957991956	320	PEARLS
956.9318957991956	965.9253125	99999	sp
965.9253125	966.1106685433592	434	THE
966.1106685433592	966.4907398855397	453	TWO
966.4907398855397	966.9756164280677	33	ARTISTS
966.9756164280677	967.0564415121186	99999	sp
967.0564415121186	967.9156164280678	147	EXCHANGED
967.9156164280678	967.9721626543812	99999	sp
967.9721626543812	968.9056164280678	39	AUTOGRAPHS
968.9056164280678	977.03475	99999	sp
977.03475	977.4056574586631	270	MUM
977.4056574586631	978.0461660258057	407	STRONGLY
978.0461660258057	978.6561660258058	126	DISLIKES
978.6561660258058	979.5661660258057	27	APPETIZERS
979.5661660258057	988.3075624999999	99999	sp
988.3075624999999	989.0277188694764	405	STEVE
989.0277188694764	989.2875624999999	490	WORE
989.2875624999999	989.3275625	1	A
989.3275625	989.9327531672508	65	BRIGHT
989.9327531672508	990.4946080261633	356	RED
990.4946080261633	991.0975625	78	CASHMERE
991.0975625	991.6375625	420	SWEATER
991.6375625	1000.153875	99999	sp
1000.153875	1000.4578316538502	142	EVEN
1000.4578316538502	1000.5386648271685	1	A
1000.5386648271685	1000.9848659747249	383	SIMPLE
1000.9848659747249	1001.9768660271085	468	VOCABULARY
1001.9768660271085	1002.6994998629636	104	CONTAINS
1002.6994998629636	1003.6194998629636	422	SYMBOLS
1003.6194998629636	1011.7518124999999	99999	sp
1011.7518124999999	1012.0152685590142	257	MAY
1012.0152685590142	1012.1875546249571	211	I
1012.1875546249571	1012.5114193622519	304	ORDER
1012.5114193622519	1012.6265249502509	1	A
1012.6265249502509	1013.2664933088552	319	PARFAIT
1013.2664933088552	1013.681419362252	10	AFTER
1013.681419362252	1013.7714193622519	211	I
1013.7714193622519	1013.911419362252	134	EAT
1013.911419362252	1014.0163792891437	99999	sp
1014.0163792891437	1014.4714193622519	124	DINNER
1014.4714193622519	1022.9470625	99999	sp
1022.9470625	1023.4916071582054	229	JOHN'S
1023.4916071582054	1023.9094644887662	66	BROTHER
1023.9094644887662	1024.6222371585914	363	REPAINTED
1024.6222371585914	1024.6935664648245	434	THE
1024.6935664648245	1025.4036044059503	173	GARAGE
1025.4036044059503	1025.909356059376	129	DOOR
1025.909356059376	1033.1720625	99999	sp
1033.1720625	1033.8220625000001	115	CYCLICAL
1033.8220625000001	1033.9266671730534	99999	sp
1033.9266671730534	1034.5520625	346	PROGRAMS
1034.5520625	1034.6820625	485	WILL
1034.6820625	1035.0255522525983	281	NEVER
1035.0255522525983	1035.6320625	100	COMPILE
1035.6320625	1046.5245625	99999	sp
1046.5245625	1046.6909730953648	434	THE
1046.6909730953648	1047.1419739233959	61	BOSTON
1047.1419739233959	1047.7331783496238	45	BALLET
1047.7331783496238	1048.4243311857235	312	OVERCAME
1048.4243311857235	1048.5493697538714	435	THEIR
1048.5493697538714	1049.0715658637246	170	FUNDING
1049.0715658637246	1049.851973923396	380	SHORTAGE
1049.851973923396	1056.836625	99999	sp
1056.836625	1057.236625	366	RICH
1057.236625	1057.312818961468	99999	sp
1057.312818961468	1057.786625	349	PURCHASED
1057.786625	1058.316625	374	SEVERAL
1058.316625	1058.8547548135914	382	SIGNED
1058.8547548135914	1059.946625	245	LITHOGRAPHS
1059.946625	1068.519875	99999	sp
1068.519875	1068.583442617434	19	AN
1068.583442617434	1069.1186610004079	9	ADULT
1069.1186610004079	1069.5786036344807	255	MALE
1069.5786036344807	1070.2811580648424	42	BABOON'S
1070.2811580648424	1070.3558122526617	99999	sp
1070.3558122526617	1070.7775539713614	430	TEETH
1070.7775539713614	1070.8911580648423	30	ARE
1070.8911580648423	1071.2111580648425	285	NOT
1071.2111580648425	1071.7614272806393	415	SUITABLE
1071.7614272806393	1071.9502016806346	161	FOR
1071.9502016806346	1072.3211580648424	135	EATING
1072.3211580648424	1073.0711580648424	376	SHELLFISH
1073.0711580648424	1090.496	99999	sp
1090.496	1091.100241025102	75	CALCIUM
1091.100241025102	1091.530241025102	254	MAKES
1091.530241025102	1091.641772885738	99999	sp
1091.641772885738	1092.172729485114	58	BONES
1092.172729485114	1092.3910074674088	20	AND
1092.3910074674088	1092.740241025102	430	TEETH
1092.740241025102	1093.510241025102	406	STRONG
1093.510241025102	1101.9315625	99999	sp
1101.9315625	1102.2121573263937	210	HOW
1102.2121573263937	1102.3198585039627	99999	sp
1102.3198585039627	1102.6030227066349	189	GOOD
1102.6030227066349	1102.7918371716435	224	IS
1102.7918371716435	1102.9721573263937	496	YOUR
1102.9721573263937	1103.8221573263936	138	ENDURANCE
1103.8221573263936	1112.393625	99999	sp
1112.393625	1112.7902467741526	130	DRAW
1112.7902467741526	1113.2145440152717	145	EVERY
1113.2145440152717	1113.5344331164242	308	OUTER
1113.5344331164242	1113.840731241607	244	LINE
1113.840731241607	1114.5300386810384	156	FIRST
1114.5300386810384	1114.668280323737	99999	sp
1114.668280323737	1115.0589721924741	436	THEN
1115.0589721924741	1115.411620321907	154	FILL
1115.411620321907	1115.6500386810385	217	IN
1115.6500386810385	1115.7500386810384	434	THE
1115.7500386810384	1116.3900386810385	222	INTERIOR
1116.3900386810385	1124.64425	99999	sp
1124.64425	1124.926771949256	443	THOSE
1124.926771949256	1125.0848107738084	484	WHO
1125.0848107738084	1125.376771949256	427	TEACH
1125.376771949256	1126.016771949256	462	VALUES
1126.016771949256	1126.406771949256	156	FIRST
1126.406771949256	1127.0285150282252	4	ABOLISH
1127.0285150282252	1127.5067719492558	87	CHEATING
1127.5067719492558	1135.80625	99999	sp
1135.80625	1136.15625	354	READING
1136.15625	1136.3480692209546	217	IN
1136.3480692209546	1136.64625	335	POOR
1136.64625	1137.08625	240	LIGHT
1137.08625	1137.2020639542502	99999	sp
1137.2020639542502	1137.458583299557	181	GIVES
1137.458583299557	1137.565868643258	495	YOU
1137.565868643258	1138.36625	150	EYESTRAIN
1138.36625	1146.6551875	99999	sp
1146.6551875	1146.9741026573602	375	SHE
1146.9741026573602	1147.2295081745333	490	WORE
1147.2295081745333	1147.7141026573602	471	WARM
1147.7141026573602	1148.3641026573603	158	FLEECY
1148.3641026573603	1148.817052874174	489	WOOLEN
1148.817052874174	1149.7941026573603	311	OVERALLS
1149.7941026573603	1158.7913125	99999	sp
1158.7913125	1159.3013064517038	46	BARB'S
1159.3013064517038	1159.5430500090376	188	GOLD
1159.5430500090376	1159.682293248299	99999	sp
1159.682293248299	1160.3830500090376	63	BRACELET
1160.3830500090376	1160.4913799970109	99999	sp
1160.4913799970109	1160.6330500090376	472	WAS
1160.6330500090376	1160.7647532983624	1	A
1160.7647532983624	1161.5190596350556	193	GRADUATION
1161.5190596350556	1161.9830500090377	339	PRESENT
1161.9830500090377	1171.02675	99999	sp
1171.02675	1171.6217898324212	286	NOTHING
1171.6217898324212	1171.8266892907059	224	IS
1171.8266892907059	1172.0542217398645	34	AS
1172.0542217398645	1172.7676697270167	295	OFFENSIVE
1172.7676697270167	1173.0816048294764	34	AS
1173.0816048294764	1173.896689290706	219	INNOCENCE
1173.896689290706	1181.1558125	99999	sp
1181.1558125	1181.3280985659428	434	THE
1181.3280985659428	1182.128235428735	111	CRANBERRY
1182.128235428735	1182.7139459550215	57	BOG
1182.7139459550215	1182.9499057099586	178	GETS
1182.9499057099586	1183.4632277965402	465	VERY
1183.4632277965402	1183.5195027180862	99999	sp
1183.5195027180862	1183.9591567147072	340	PRETTY
1183.9591567147072	1184.083242912128	217	IN
1184.083242912128	1184.66322779654	40	AUTUMN
1184.66322779654	1202.93625	99999	sp
1793.983875	1794.10247218362	476	WE
1794.10247218362	1794.5761512282652	480	WELCOME
1794.5761512282652	1794.9319559303951	256	MANY
1794.9319559303951	1795.1561173383473	282	NEW
1795.1561173383473	1795.9851383731716	408	STUDENTS
1795.9851383731716	1796.5120375976858	132	EACH
1796.5120375976858	1797.026151228265	491	YEAR
1797.026151228265	1807.884125	99999	sp
1807.884125	1808.1180019635026	226	IT'S
1808.1180019635026	1808.4024537933508	285	NOT
1808.4024537933508	1808.8301078275556	133	EASY
1808.8301078275556	1809.0391537140333	446	TO
1809.0391537140333	1809.4511834710495	113	CREATE
1809.4511834710495	1810.1315911580227	215	ILLUMINATING
1810.1315911580227	1811.0911834710496	146	EXAMPLES
1811.0911834710496	1818.995875	99999	sp
1818.995875	1819.2224427346366	204	HER
1819.2224427346366	1819.782818970544	470	WARDROBE
1819.782818970544	1820.4906710040987	102	CONSISTS
1820.4906710040987	1820.7261477535656	294	OF
1820.7261477535656	1821.0194978911438	298	ONLY
1821.0194978911438	1821.6712090803537	385	SKIRTS
1821.6712090803537	1821.9382113992067	20	AND
1821.9382113992067	1822.7994978911438	54	BLOUSES
1822.7994978911438	1830.3293125	99999	sp
1830.3293125	1830.47037780388	1	A
1830.47037780388	1831.0680056304375	271	MUSCULAR
1831.0680056304375	1831.6785887670128	2	ABDOMEN
1831.6785887670128	1832.091241722411	224	IS
1832.091241722411	1832.392710787068	189	GOOD
1832.392710787068	1832.64037780388	161	FOR
1832.64037780388	1832.771920553597	496	YOUR
1832.771920553597	1833.38037780388	43	BACK
1833.38037780388	1840.5176570303997	99999	sp
1840.5176570303997	1840.6289079965884	1	A
1840.6289079965884	1841.5155389863564	371	SCREWDRIVER
1841.5155389863564	1841.6765282280405	224	IS
1841.6765282280405	1841.965086220098	252	MADE
1841.965086220098	1842.2809346377428	166	FROM
1842.2809346377428	1842.8674854520734	469	VODKA
1842.8674854520734	1843.2230055196344	20	AND
1843.2230055196344	1843.7309346377428	303	ORANGE
1843.7309346377428	1844.310934637743	230	JUICE
1844.310934637743	1852.5670625	99999	sp
1852.5670625	1852.6599498046535	434	THE
1852.6599498046535	1853.0861556526245	475	WATER
1853.0861556526245	1853.8098646594324	103	CONTAINED
1853.8098646594324	1854.0159583666325	448	TOO
1854.0159583666325	1854.3046629319092	269	MUCH
1854.3046629319092	1854.397803124463	99999	sp
1854.397803124463	1854.9959290418449	90	CHLORINE
1854.9959290418449	1855.2722992925078	20	AND
1855.2722992925078	1855.8022234582868	409	STUNG
1855.8022234582868	1856.0540706350507	208	HIS
1856.0540706350507	1856.7046629319093	149	EYES
1856.7046629319093	1864.6039375	99999	sp
1864.6039375	1864.8384834933793	76	CAN
1864.8384834933793	1864.935496660615	434	THE
1864.935496660615	1865.6443038276252	11	AGENCY
1865.6443038276252	1866.5484834933793	315	OVERTHROW
1866.5484834933793	1866.6347541566106	99999	sp
1866.6347541566106	1867.1244753611454	13	ALIEN
1867.1244753611454	1867.9884834933794	162	FORCES
1867.9884834933794	1876.10375	99999	sp
1876.10375	1877.2503416824488	17	AMBIDEXTROUS
1877.2503416824488	1878.0232579016824	327	PICKPOCKETS
1878.0232579016824	1878.7181268304412	6	ACCOMPLISH
1878.7181268304412	1879.21375	267	MORE
1879.21375	1889.6367471453784	99999	sp
1889.6367471453784	1889.887986679538	24	ANY
1889.887986679538	1890.9964697693256	105	CONTRIBUTIONS
1890.9964697693256	1891.110720198908	485	WILL
1891.110720198908	1891.3541672022934	47	BE
1891.3541672022934	1891.7446397241715	195	GREATLY
1891.7446397241715	1892.6991905460043	28	APPRECIATED
1892.6991905460043	1901.450875	99999	sp
1901.450875	1901.5971501821055	438	THEY
1901.5971501821055	1901.8136107759854	317	OWN
1901.8136107759854	1901.904921325608	1	A
1901.904921325608	1902.2919867250544	52	BIG
1902.2919867250544	1902.9019867250545	209	HOUSE
1902.9019867250545	1903.0719867250546	217	IN
1903.0719867250546	1903.1419867250545	434	THE
1903.1419867250545	1903.5957693791256	361	REMOTE
1903.5957693791256	1904.4519867250544	109	COUNTRYSIDE
1904.4519867250544	1913.5540625	99999	sp
1913.5540625	1914.0919382616432	84	CHALLENGE
1914.0919382616432	1914.6362135896231	132	EACH
1914.6362135896231	1915.1560152947113	175	GENERAL'S
1915.1560152947113	1916.1266864112029	221	INTELLIGENCE
1916.1266864112029	1925.7104375	99999	sp
1925.7104375	1925.8261319553496	434	THE
1925.8261319553496	1926.2842600439687	369	ROSE
1926.2842600439687	1927.144616979972	106	CORSAGE
1927.144616979972	1927.3292755637415	99999	sp
1927.3292755637415	1927.9292755637414	393	SMELLED
1927.9292755637414	1928.6292755637414	421	SWEET
1928.6292755637414	1935.5264375	99999	sp
1935.5264375	1935.874391897664	98	COFFEE
1935.874391897664	1936.2215247147205	224	IS
1936.2215247147205	1936.5857983941037	198	GROWN
1936.5857983941037	1936.8418394969067	297	ON
1936.8418394969067	1937.6777886667955	404	STEEP
1937.6777886667955	1938.1018394969067	231	JUNGLE
1938.1018394969067	1938.340613141912	241	LIKE
1938.340613141912	1939.0618394969065	390	SLOPES
1939.0618394969065	1939.3262267945145	217	IN
1939.3262267945145	1939.9218394969066	431	TEMPERATE
1939.9218394969066	1940.6618394969066	497	ZONES
1940.6618394969066	1952.4720625	99999	sp
1952.4720625	1952.6434381443735	476	WE
1952.6434381443735	1953.004795788122	241	LIKE
1953.004795788122	1953.2261757789286	55	BLUE
1953.2261757789286	1953.7448394669896	88	CHEESE
1953.7448394669896	1953.8289306386096	99999	sp
1953.8289306386096	1953.9674472762363	70	BUT
1953.9674472762363	1954.3685340691386	466	VICTOR
1954.3685340691386	1954.7848394669895	242	LIKES
1954.7848394669895	1954.888964202587	99999	sp
1954.888964202587	1955.2448394669896	64	BRIE
1955.2448394669896	1964.2561875	99999	sp
1964.2561875	1964.4465235394462	1	A
1964.4465235394462	1964.8030561386004	110	CRAB
1964.8030561386004	1965.38515665126	85	CHALLENGED
1965.38515665126	1965.6885133031215	258	ME
1965.6885133031215	1965.787620739783	70	BUT
1965.787620739783	1965.9657284453722	1	A
1965.9657284453722	1966.28354927684	350	QUICK
1966.28354927684	1966.9405747875621	402	STAB
1966.9405747875621	1967.55354927684	464	VANQUISHED
1967.55354927684	1967.83354927684	207	HIM
1967.83354927684	1975.2754375	99999	sp
1975.2754375	1975.4262291324524	30	ARE
1975.4262291324524	1975.5400004480755	495	YOU
1975.5400004480755	1975.8797510535599	250	LOOKING
1975.8797510535599	1976.1662291324524	161	FOR
1976.1662291324524	1976.77726630246	136	EMPLOYMENT
1976.77726630246	1984.7181875	99999	sp
1984.7181875	1985.0013953034468	298	ONLY
1985.0013953034468	1985.1933822744352	434	THE
1985.1933822744352	1985.6180035970483	51	BEST
1985.6180035970483	1986.16639318387	330	PLAYERS
1986.16639318387	1986.6962120918315	139	ENJOY
1986.6962120918315	1987.6490591750305	336	POPULARITY
1987.6490591750305	1995.6413125	99999	sp
1995.6413125	1995.961119075476	108	COUNT
1995.961119075476	1996.0518981418945	434	THE
1996.0518981418945	1996.4618981418946	289	NUMBER
1996.4618981418946	1996.6261422061025	294	OF
1996.6261422061025	1997.267021249124	429	TEASPOONS
1997.267021249124	1997.4418981418944	294	OF
1997.4418981418944	1998.3735712143834	395	SOYSAUCE
1998.3735712143834	1998.639085230347	433	THAT
1998.639085230347	1998.9205953568535	495	YOU
1998.9205953568535	1999.2718981418946	7	ADD
1999.2718981418946	2007.495375	99999	sp
2007.495375	2008.0785478750593	183	GLUCOSE
2008.0785478750593	2008.2255796461116	20	AND
2008.2255796461116	2008.8964701597602	167	FRUCTOSE
2008.8964701597602	2009.0839724538648	30	ARE
2009.0839724538648	2009.5589774469004	276	NATURAL
2009.5589774469004	2010.2348596068084	414	SUGARS
2010.2348596068084	2010.3166403910118	99999	sp
2010.3166403910118	2010.667847200753	163	FOUND
2010.667847200753	2010.8958134498973	217	IN
2010.8958134498973	2011.453972453865	168	FRUIT
2011.453972453865	2020.91725	99999	sp
2020.91725	2021.1300655072357	210	HOW
2021.1300655072357	2021.4065045528366	269	MUCH
2021.4065045528366	2022.2134046882868	16	ALLOWANCE
2022.2134046882868	2022.3343688949017	128	DO
2022.3343688949017	2022.616024471753	495	YOU
2022.616024471753	2023.0243688949017	177	GET
2023.0243688949017	2031.9015625	99999	sp
2031.9015625	2032.6768200655692	71	BUTTERSCOTCH
2032.6768200655692	2033.3132322692752	169	FUDGE
2033.3132322692752	2033.4794104954522	99999	sp
2033.4794104954522	2033.7616871172402	186	GOES
2033.7616871172402	2034.1032322692752	481	WELL
2034.1032322692752	2034.3329314266937	487	WITH
2034.3329314266937	2034.7733769033027	463	VANILLA
2034.7733769033027	2035.2204469280541	212	ICE
2035.2204469280541	2035.663232269275	112	CREAM
2035.663232269275	2047.9383125	99999	sp
2047.9383125	2048.2625731746994	142	EVEN
2048.2625731746994	2048.6274180474848	211	I
2048.6274180474848	2049.325348960032	293	OCCASIONALLY
2049.325348960032	2049.5242229348114	177	GET
2049.5242229348114	2049.577418047485	434	THE
2049.577418047485	2049.9437212133203	265	MONDAY
2049.9437212133203	2050.767418047485	56	BLUES
2050.767418047485	2058.042125	99999	sp
2058.042125	2058.4809859874686	145	EVERY
2058.4809859874686	2058.849269214433	74	CAB
2058.849269214433	2059.2277897598656	280	NEEDS
2059.2277897598656	2059.929269214433	364	REPAINTING
2059.929269214433	2060.609269214433	296	OFTEN
2060.609269214433	2068.20475	99999	sp
2068.20475	2068.6131672655733	203	HELP
2068.6131672655733	2069.034233944917	196	GREG
2069.034233944917	2069.2138349991174	446	TO
2069.2138349991174	2069.5380902742236	325	PICK
2069.5380902742236	2069.7389807671825	1	A
2069.7389807671825	2070.033167265573	321	PECK
2070.033167265573	2070.201269492164	294	OF
2070.201269492164	2071.083167265573	338	POTATOES
2071.083167265573	2078.729	99999	sp
2078.729	2079.330149893867	44	BAGPIPES
2079.330149893867	2079.527511129088	20	AND
2079.527511129088	2080.256520947818	59	BONGOS
2080.256520947818	2080.378797234024	30	ARE
2080.378797234024	2081.0099953094186	273	MUSICAL
2081.0099953094186	2081.8670726607124	220	INSTRUMENTS
2081.8670726607124	2089.7735	99999	sp
2089.7735	2089.9066108249717	476	WE
2089.9066108249717	2090.085092939871	30	ARE
2090.085092939871	2090.418988637807	301	OPEN
2090.418988637807	2090.951108393917	145	EVERY
2090.951108393917	2091.420229974842	265	MONDAY
2091.420229974842	2092.017821900554	143	EVENING
2092.017821900554	2102.832875	99999	sp
2102.832875	2102.9672284089065	224	IS
2102.9672284089065	2103.221037121003	375	SHE
2103.221037121003	2103.679254586211	187	GOING
2103.679254586211	2103.9221629626486	487	WITH
2103.9221629626486	2104.237228408907	495	YOU
2104.237228408907	2112.00025	99999	sp
2112.00025	2112.2531539985102	433	THAT
2112.2531539985102	2112.8822753181157	326	PICKPOCKET
2112.8822753181157	2113.135618717597	472	WAS
2113.135618717597	2113.4727435166305	80	CAUGHT
2113.4727435166305	2113.7866528453033	356	RED
2113.7866528453033	2114.3799516060117	199	HANDED
2114.3799516060117	2122.2195	99999	sp
2122.2195	2122.2904002686328	434	THE
2122.2904002686328	2122.7812319637596	165	FRIGHTENED
2122.7812319637596	2123.2691114281997	89	CHILD
2123.2691114281997	2123.6721046348575	472	WAS
2123.6721046348575	2124.050400268633	176	GENTLY
2124.050400268633	2124.7685666205243	410	SUBDUED
2124.7685666205243	2124.9144518526664	73	BY
2124.9144518526664	2125.253193672888	208	HIS
2125.253193672888	2125.470400268633	52	BIG
2125.470400268633	2125.5524516065607	99999	sp
2125.5524516065607	2125.9804002686333	66	BROTHER
2125.9804002686333	2136.2055	99999	sp
2136.2055	2136.5155	210	HOW
2136.5155	2136.7527274268273	128	DO
2136.7527274268273	2137.3229012932866	318	OYSTERS
2137.3229012932866	2137.6187633343607	253	MAKE
2137.6187633343607	2138.3555	320	PEARLS
2138.3555	2147.316	99999	sp
2147.316	2147.4821824430287	434	THE
2147.4821824430287	2147.851221412142	453	TWO
2147.851221412142	2148.456875444836	33	ARTISTS
2148.456875444836	2149.284298687271	147	EXCHANGED
2149.284298687271	2150.211988727253	39	AUTOGRAPHS
2150.211988727253	2158.3363125	99999	sp
2158.3363125	2158.6912591592727	270	MUM
2158.6912591592727	2159.3530175098103	407	STRONGLY
2159.3530175098103	2160.043137921757	126	DISLIKES
2160.043137921757	2160.98301750981	27	APPETIZERS
2160.98301750981	2169.299875	99999	sp
2169.299875	2170.029983964936	405	STEVE
2170.029983964936	2170.279875	490	WORE
2170.279875	2170.319875	1	A
2170.319875	2170.944516448645	65	BRIGHT
2170.944516448645	2171.5308456628145	356	RED
2171.5308456628145	2172.180977677599	78	CASHMERE
2172.180977677599	2172.839875	420	SWEATER
2172.839875	2181.04125	99999	sp
2181.04125	2181.349947981928	142	EVEN
2181.349947981928	2181.4262482678932	1	A
2181.4262482678932	2181.8630329327034	383	SIMPLE
2181.8630329327034	2182.8482566353423	468	VOCABULARY
2182.8482566353423	2183.7786456888193	104	CONTAINS
2183.7786456888193	2184.618807461532	422	SYMBOLS
2184.618807461532	2192.911	99999	sp
2192.911	2193.1284864541767	257	MAY
2193.1284864541767	2193.1794742491975	211	I
2193.1794742491975	2193.5282483868186	304	ORDER
2193.5282483868186	2193.6406246600645	1	A
2193.6406246600645	2194.1471139279383	319	PARFAIT
2194.1471139279383	2194.6202884523964	10	AFTER
2194.6202884523964	2194.79019762394	211	I
2194.79019762394	2195.0718800160757	134	EAT
2195.0718800160757	2195.458248386819	124	DINNER
2195.458248386819	2203.822125	99999	sp
2203.822125	2204.4089431881794	229	JOHN'S
2204.4089431881794	2204.7707288147594	66	BROTHER
2204.7707288147594	2205.3565119556165	363	REPAINTED
2205.3565119556165	2205.4869319824775	434	THE
2205.4869319824775	2206.2268211028327	173	GARAGE
2206.2268211028327	2206.702125	129	DOOR
2206.702125	2213.3655625	99999	sp
2213.3655625	2213.9963549474855	115	CYCLICAL
2213.9963549474855	2214.671875686211	346	PROGRAMS
2214.671875686211	2214.8155625	485	WILL
2214.8155625	2215.1355625	281	NEVER
2215.1355625	2215.9955625000002	100	COMPILE
2215.9955625000002	2223.4793125	99999	sp
2223.4793125	2223.6473833798814	434	THE
2223.6473833798814	2224.0841976168253	61	BOSTON
2224.0841976168253	2224.594788880191	45	BALLET
2224.594788880191	2225.304197616825	312	OVERCAME
2225.304197616825	2225.4647420666515	435	THEIR
2225.4647420666515	2226.014197616825	170	FUNDING
2226.014197616825	2226.8741976168253	380	SHORTAGE
2226.8741976168253	2233.246	99999	sp
2233.246	2233.661239154267	366	RICH
2233.661239154267	2234.259311757033	349	PURCHASED
2234.259311757033	2234.7133635245455	374	SEVERAL
2234.7133635245455	2235.336363477687	382	SIGNED
2235.336363477687	2236.4493117570337	245	LITHOGRAPHS
2236.4493117570337	2244.9654375	99999	sp
2244.9654375	2245.0641083255487	99999	sp
2245.0641083255487	2245.584527543968	9	ADULT
2245.584527543968	2245.9546939121656	255	MALE
2245.9546939121656	2246.8356541338608	42	BABOON'S
2246.8356541338608	2247.1594316787314	430	TEETH
2247.1594316787314	2247.296957923756	30	ARE
2247.296957923756	2247.6221259951917	285	NOT
2247.6221259951917	2248.1809136378297	415	SUITABLE
2248.1809136378297	2248.476587040731	161	FOR
2248.476587040731	2248.826957923756	135	EATING
2248.826957923756	2249.6969579237557	376	SHELLFISH
2249.6969579237557	2258.4011875	99999	sp
2258.4011875	2258.5588931720313	30	ARE
2258.5588931720313	2258.798971912822	496	YOUR
2258.798971912822	2259.1834727876344	192	GRADES
2259.1834727876344	2259.8223919156508	206	HIGHER
2259.8223919156508	2259.980294880369	302	OR
2259.980294880369	2260.425634531055	251	LOWER
2260.425634531055	2260.678893172031	432	THAN
2260.678893172031	2261.5888931720315	275	NANCY'S
2261.5888931720315	2270.3885625	99999	sp
2270.3885625	2270.9476332796676	75	CALCIUM
2270.9476332796676	2271.3718011279434	254	MAKES
2271.3718011279434	2271.8276332796677	58	BONES
2271.8276332796677	2272.1012661402847	20	AND
2272.1012661402847	2272.5216184952315	430	TEETH
2272.5216184952315	2273.3276332796677	406	STRONG
2273.3276332796677	2280.832	99999	sp
2280.832	2281.080547892869	210	HOW
2281.080547892869	2281.5165801388007	189	GOOD
2281.5165801388007	2281.711561243832	224	IS
2281.711561243832	2281.9014119752674	496	YOUR
2281.9014119752674	2282.7014119752675	138	ENDURANCE
2282.7014119752675	2291.4020625	99999	sp
2291.4020625	2291.741096782694	130	DRAW
2291.741096782694	2292.152314524589	145	EVERY
2292.152314524589	2292.4752779339997	308	OUTER
2292.4752779339997	2292.776650925689	244	LINE
2292.776650925689	2293.442314524589	156	FIRST
2293.442314524589	2293.5192477993332	99999	sp
2293.5192477993332	2293.8849915614064	436	THEN
2293.8849915614064	2294.2722348706375	154	FILL
2294.2722348706375	2294.542314524589	217	IN
2294.542314524589	2294.672314524589	434	THE
2294.672314524589	2295.312314524589	222	INTERIOR
2295.312314524589	2302.7765	99999	sp
2302.7765	2303.0831883583533	443	THOSE
2303.0831883583533	2303.225895178304	484	WHO
2303.225895178304	2303.4598540886445	427	TEACH
2303.4598540886445	2304.163188358353	462	VALUES
2304.163188358353	2304.4883742893503	156	FIRST
2304.4883742893503	2305.190934847331	4	ABOLISH
2305.190934847331	2305.713188358353	87	CHEATING
2305.713188358353	2314.7889375	99999	sp
2314.7889375	2315.117662117348	354	READING
2315.117662117348	2315.2900094441566	217	IN
2315.2900094441566	2315.3104304027875	99999	sp
2315.3104304027875	2315.6686047486337	335	POOR
2315.6686047486337	2316.100009444157	240	LIGHT
2316.100009444157	2316.2133442030877	99999	sp
2316.2133442030877	2316.4800094441566	181	GIVES
2316.4800094441566	2316.655844607274	495	YOU
2316.655844607274	2317.4600094441566	150	EYESTRAIN
2317.4600094441566	2325.5580625	99999	sp
2325.5580625	2325.8430527937326	375	SHE
2325.8430527937326	2326.1174363942773	490	WORE
2326.1174363942773	2326.591753781294	471	WARM
2326.591753781294	2327.3430527937326	158	FLEECY
2327.3430527937326	2327.8155783567263	489	WOOLEN
2327.8155783567263	2328.7430527937327	311	OVERALLS
2328.7430527937327	2337.706375	99999	sp
2337.706375	2338.230598967056	46	BARB'S
2338.230598967056	2338.5544696917923	188	GOLD
2338.5544696917923	2339.2562814311523	63	BRACELET
2339.2562814311523	2339.4504007284504	472	WAS
2339.4504007284504	2339.584161156912	1	A
2339.584161156912	2340.412880544414	193	GRADUATION
2340.412880544414	2341.0004007284506	339	PRESENT
2341.0004007284506	2351.518625	99999	sp
2351.518625	2351.9880468137244	286	NOTHING
2351.9880468137244	2352.2423161130255	224	IS
2352.2423161130255	2352.4083172218334	34	AS
2352.4083172218334	2353.0377479590884	295	OFFENSIVE
2353.0377479590884	2353.372316113025	34	AS
2353.372316113025	2353.484029893487	99999	sp
2353.484029893487	2354.372316113025	219	INNOCENCE
2354.372316113025	2361.1334375	99999	sp
2361.1334375	2361.306701581226	434	THE
2361.306701581226	2361.916055054862	111	CRANBERRY
2361.916055054862	2362.4628622440273	57	BOG
2362.4628622440273	2362.6741447606987	178	GETS
2362.6741447606987	2363.1209869171153	465	VERY
2363.1209869171153	2363.465959231387	340	PRETTY
2363.465959231387	2363.6484474282734	217	IN
2363.6484474282734	2364.2184474282735	40	AUTUMN
2364.2184474282735	2391.885625	99999	sp
2391.885625	2392.0327876190713	30	ARE
2392.0327876190713	2392.230145239997	496	YOUR
2392.230145239997	2392.550563002595	192	GRADES
2392.550563002595	2393.0187137820135	206	HIGHER
2393.0187137820135	2393.174812483111	302	OR
2393.174812483111	2393.5841718792726	251	LOWER
2393.5841718792726	2393.754812483111	432	THAN
2393.754812483111	2394.614812483111	275	NANCY'S
2394.614812483111	2402.094125	99999	sp
2973.247	2973.367361769814	476	WE
2973.367361769814	2973.807797105139	480	WELCOME
2973.807797105139	2974.181219122312	256	MANY
2974.181219122312	2974.427203211133	282	NEW
2974.427203211133	2975.30078603566	408	STUDENTS
2975.30078603566	2975.667797105139	132	EACH
2975.667797105139	2976.207797105139	491	YEAR
2976.207797105139	2983.732375	99999	sp
2983.732375	2984.007688283855	226	IT'S
2984.007688283855	2984.244138682229	285	NOT
2984.244138682229	2984.7460957940793	133	EASY
2984.7460957940793	2984.9523151117914	446	TO
2984.9523151117914	2985.5502179405817	113	CREATE
2985.5502179405817	2986.348534199413	215	ILLUMINATING
2986.348534199413	2987.322375	146	EXAMPLES
2987.322375	2994.5904375	99999	sp
2994.5904375	2994.8537053832333	204	HER
2994.8537053832333	2995.339329449293	470	WARDROBE
2995.339329449293	2995.949329449293	102	CONSISTS
2995.949329449293	2996.159329449293	294	OF
2996.159329449293	2996.4577877745573	298	ONLY
2996.4577877745573	2996.999329449293	385	SKIRTS
2996.999329449293	2997.269329449293	20	AND
2997.269329449293	2998.029329449293	54	BLOUSES
2998.029329449293	3005.3444375	99999	sp
3005.3444375	3005.455648349452	1	A
3005.455648349452	3006.050325411811	271	MUSCULAR
3006.050325411811	3006.655648349452	2	ABDOMEN
3006.655648349452	3006.9718043123084	224	IS
3006.9718043123084	3007.163921330272	189	GOOD
3007.163921330272	3007.222324903733	99999	sp
3007.222324903733	3007.395648349452	161	FOR
3007.395648349452	3007.535648349452	496	YOUR
3007.535648349452	3008.095648349452	43	BACK
3008.095648349452	3016.263724288438	99999	sp
3016.263724288438	3016.375962266162	1	A
3016.375962266162	3017.224774921735	371	SCREWDRIVER
3017.224774921735	3017.4047749217348	224	IS
3017.4047749217348	3017.627422014675	252	MADE
3017.627422014675	3017.9447749217347	166	FROM
3017.9447749217347	3018.5543413933406	469	VODKA
3018.5543413933406	3018.854774921735	20	AND
3018.854774921735	3019.3711553460244	303	ORANGE
3019.3711553460244	3019.4744376810336	88888	UH
3019.4744376810336	3020.104774921735	230	JUICE
3020.104774921735	3031.119375	99999	sp
3031.119375	3031.221581253557	434	THE
3031.221581253557	3031.5458747798793	475	WATER
3031.5458747798793	3032.281155869173	103	CONTAINED
3032.281155869173	3032.4671251425616	448	TOO
3032.4671251425616	3032.7802344545294	269	MUCH
3032.7802344545294	3033.3978942212657	90	CHLORINE
3033.3978942212657	3033.7050311620187	20	AND
3033.7050311620187	3034.2250311620187	409	STUNG
3034.2250311620187	3034.4750311620187	208	HIS
3034.4750311620187	3035.195031162019	149	EYES
3035.195031162019	3042.52525	99999	sp
3042.52525	3042.742245924535	76	CAN
3042.742245924535	3042.902245924535	434	THE
3042.902245924535	3043.512245924535	11	AGENCY
3043.512245924535	3044.262245924535	315	OVERTHROW
3044.262245924535	3044.3339909642777	99999	sp
3044.3339909642777	3044.8017083860236	13	ALIEN
3044.8017083860236	3045.6922459245347	162	FORCES
3045.6922459245347	3053.5165625	99999	sp
3053.5165625	3054.54996349361	17	AMBIDEXTROUS
3054.54996349361	3055.2491865843713	327	PICKPOCKETS
3055.2491865843713	3055.8747053015786	6	ACCOMPLISH
3055.8747053015786	3056.320915294853	267	MORE
3056.320915294853	3064.6233810328217	99999	sp
3064.6233810328217	3064.976128962812	24	ANY
3064.976128962812	3065.882946887401	105	CONTRIBUTIONS
3065.882946887401	3065.96725467712	485	WILL
3065.96725467712	3066.1252127828484	47	BE
3066.1252127828484	3066.5652127828484	195	GREATLY
3066.5652127828484	3067.4352127828483	28	APPRECIATED
3067.4352127828483	3076.3421875	99999	sp
3076.3421875	3076.5261146465164	438	THEY
3076.5261146465164	3076.697219749197	317	OWN
3076.697219749197	3076.7851907698923	1	A
3076.7851907698923	3077.106707523087	52	BIG
3077.106707523087	3077.6661146465162	209	HOUSE
3077.6661146465162	3077.8761146465163	217	IN
3077.8761146465163	3077.9605298189804	434	THE
3077.9605298189804	3078.4463016160184	361	REMOTE
3078.4463016160184	3079.3661146465165	109	COUNTRYSIDE
3079.3661146465165	3093.2898125	99999	sp
3093.2898125	3093.81590391185	84	CHALLENGE
3093.81590391185	3094.2869583715437	132	EACH
3094.2869583715437	3094.801566294808	175	GENERAL'S
3094.801566294808	3095.7259039118503	221	INTELLIGENCE
3095.7259039118503	3104.2690625	99999	sp
3104.2690625	3104.3960728201687	434	THE
3104.3960728201687	3104.746072820169	369	ROSE
3104.746072820169	3104.7954631292205	99999	sp
3104.7954631292205	3105.556072820169	106	CORSAGE
3105.556072820169	3105.7202587331026	99999	sp
3105.7202587331026	3106.2510816077192	393	SMELLED
3106.2510816077192	3106.796072820169	421	SWEET
3106.796072820169	3115.5196875	99999	sp
3115.5196875	3115.837517798416	98	COFFEE
3115.837517798416	3116.1102124331514	224	IS
3116.1102124331514	3116.416433298635	198	GROWN
3116.416433298635	3116.6766253002265	297	ON
3116.6766253002265	3117.347645654346	404	STEEP
3117.347645654346	3117.7166253002265	231	JUNGLE
3117.7166253002265	3118.0766253002266	241	LIKE
3118.0766253002266	3118.6766253002265	390	SLOPES
3118.6766253002265	3118.9078064267346	217	IN
3118.9078064267346	3119.4800558050333	431	TEMPERATE
3119.4800558050333	3120.2566253002265	497	ZONES
3120.2566253002265	3129.91875	99999	sp
3129.91875	3130.1327803062745	476	WE
3130.1327803062745	3130.4803713563897	241	LIKE
3130.4803713563897	3130.700577519583	55	BLUE
3130.700577519583	3131.2527803062744	88	CHEESE
3131.2527803062744	3131.3102305180546	99999	sp
3131.3102305180546	3131.4627803062745	70	BUT
3131.4627803062745	3131.9027803062745	466	VICTOR
3131.9027803062745	3132.2927803062744	242	LIKES
3132.2927803062744	3132.363229691942	99999	sp
3132.363229691942	3132.7127803062745	64	BRIE
3132.7127803062745	3140.598	99999	sp
3140.598	3140.806466938643	1	A
3140.806466938643	3141.182094387612	110	CRAB
3141.182094387612	3141.7826864481435	85	CHALLENGED
3141.7826864481435	3142.107242766949	258	ME
3142.107242766949	3142.201093728238	70	BUT
3142.201093728238	3142.380769018965	1	A
3142.380769018965	3142.6552601534067	350	QUICK
3142.6552601534067	3143.3187149604405	402	STAB
3143.3187149604405	3143.9852601534067	464	VANQUISHED
3143.9852601534067	3144.2852601534064	207	HIM
3144.2852601534064	3151.6528125	99999	sp
3151.6528125	3151.831438840114	30	ARE
3151.831438840114	3151.981438840114	495	YOU
3151.981438840114	3152.3115719003526	250	LOOKING
3152.3115719003526	3152.571438840114	161	FOR
3152.571438840114	3153.341438840114	136	EMPLOYMENT
3153.341438840114	3160.98	99999	sp
3160.98	3161.2797457025267	298	ONLY
3161.2797457025267	3161.4313566368037	434	THE
3161.4313566368037	3161.799024230533	51	BEST
3161.799024230533	3162.2997457025267	330	PLAYERS
3162.2997457025267	3162.767308918531	139	ENJOY
3162.767308918531	3163.719745702527	336	POPULARITY
3163.719745702527	3174.3653125	99999	sp
3174.3653125	3174.647717734274	108	COUNT
3174.647717734274	3174.732225848314	434	THE
3174.732225848314	3175.146163868708	289	NUMBER
3175.146163868708	3175.3681186716103	294	OF
3175.3681186716103	3176.0560576661137	429	TEASPOONS
3176.0560576661137	3176.236163868708	294	OF
3176.236163868708	3177.116163868708	395	SOYSAUCE
3177.116163868708	3177.1831433921493	99999	sp
3177.1831433921493	3177.4261638687076	433	THAT
3177.4261638687076	3177.706163868708	495	YOU
3177.706163868708	3178.3861638687076	7	ADD
3178.3861638687076	3186.8926875	99999	sp
3186.8926875	3187.445080393944	183	GLUCOSE
3187.445080393944	3187.5778039833776	20	AND
3187.5778039833776	3188.2139676060124	167	FRUCTOSE
3188.2139676060124	3188.3950803939438	30	ARE
3188.3950803939438	3188.858408377965	276	NATURAL
3188.858408377965	3189.5257704446476	414	SUGARS
3189.5257704446476	3189.858599906058	163	FOUND
3189.858599906058	3190.066064343945	217	IN
3190.066064343945	3190.575080393944	168	FRUIT
3190.575080393944	3198.5233125	99999	sp
3198.5233125	3198.718306590332	210	HOW
3198.718306590332	3198.982091699269	269	MUCH
3198.982091699269	3199.7335328782783	16	ALLOWANCE
3199.7335328782783	3199.863305066332	128	DO
3199.863305066332	3200.115245447681	495	YOU
3200.115245447681	3200.423305066332	177	GET
3200.423305066332	3209.3699375	99999	sp
3209.3699375	3210.0460506516874	71	BUTTERSCOTCH
3210.0460506516874	3210.494656575141	169	FUDGE
3210.494656575141	3210.5961456464065	99999	sp
3210.5961456464065	3210.875223082454	186	GOES
3210.875223082454	3211.224656575141	481	WELL
3211.224656575141	3211.4188648157165	487	WITH
3211.4188648157165	3211.956059986967	463	VANILLA
3211.956059986967	3212.3379487610096	212	ICE
3212.3379487610096	3212.764656575141	112	CREAM
3212.764656575141	3221.7723125	99999	sp
3221.7723125	3222.1464934229116	142	EVEN
3222.1464934229116	3222.487479474512	211	I
3222.487479474512	3223.286756786809	293	OCCASIONALLY
3223.286756786809	3223.588266498556	177	GET
3223.588266498556	3223.6685967685426	434	THE
3223.6685967685426	3224.124148838058	265	MONDAY
3224.124148838058	3224.928596768543	56	BLUES
3224.928596768543	3232.6765625	99999	sp
3232.6765625	3233.06746855501	145	EVERY
3233.06746855501	3233.524431311034	74	CAB
3233.524431311034	3233.8744313110333	280	NEEDS
3233.8744313110333	3234.6009462880434	364	REPAINTING
3234.6009462880434	3235.3644313110335	296	OFTEN
3235.3644313110335	3242.672125	99999	sp
3242.672125	3242.9537737813775	203	HELP
3242.9537737813775	3243.0367691211777	99999	sp
3243.0367691211777	3243.414898629225	196	GREG
3243.414898629225	3243.598003227814	446	TO
3243.598003227814	3243.8837737813774	325	PICK
3243.8837737813774	3244.0961599182683	1	A
3244.0961599182683	3244.4502350813664	321	PECK
3244.4502350813664	3244.644564549807	294	OF
3244.644564549807	3245.5837737813777	338	POTATOES
3245.5837737813777	3253.4255625	99999	sp
3253.4255625	3254.0451521758896	44	BAGPIPES
3254.0451521758896	3254.1951521758897	20	AND
3254.1951521758897	3254.850114643972	59	BONGOS
3254.850114643972	3255.046374329159	30	ARE
3255.046374329159	3255.6751521758897	273	MUSICAL
3255.6751521758897	3256.59515217589	220	INSTRUMENTS
3256.59515217589	3263.896998750516	99999	sp
3263.896998750516	3264.025908641641	30	ARE
3264.025908641641	3264.376343619981	476	WE
3264.376343619981	3265.4582737010937	99999	sp
3265.4582737010937	3265.625970639106	476	WE
3265.625970639106	3265.816343619981	30	ARE
3265.816343619981	3266.22647068117	301	OPEN
3266.22647068117	3266.7034661723433	145	EVERY
3266.7034661723433	3267.1621579804764	265	MONDAY
3267.1621579804764	3267.763839881411	143	EVENING
3267.763839881411	3275.8129375	99999	sp
3275.8129375	3276.0039943865745	224	IS
3276.0039943865745	3276.1639943865744	375	SHE
3276.1639943865744	3276.5602341739345	187	GOING
3276.5602341739345	3276.7739943865745	487	WITH
3276.7739943865745	3277.1039943865744	495	YOU
3277.1039943865744	3285.3888125	99999	sp
3285.3888125	3285.6293224522656	433	THAT
3285.6293224522656	3286.224215758894	326	PICKPOCKET
3286.224215758894	3286.466222449463	472	WAS
3286.466222449463	3286.8372270316036	80	CAUGHT
3286.8372270316036	3287.07620775888	356	RED
3287.07620775888	3287.577227031604	199	HANDED
3287.577227031604	3295.4253125	99999	sp
3295.4253125	3295.6075170638765	434	THE
3295.6075170638765	3296.059937978788	165	FRIGHTENED
3296.059937978788	3296.5913555644797	89	CHILD
3296.5913555644797	3296.94822307059	472	WAS
3296.94822307059	3297.3605645531147	176	GENTLY
3297.3605645531147	3298.078071167025	410	SUBDUED
3298.078071167025	3298.21822307059	73	BY
3298.21822307059	3298.585902106671	208	HIS
3298.585902106671	3298.86822307059	52	BIG
3298.86822307059	3298.9534930320697	99999	sp
3298.9534930320697	3299.4182230705896	66	BROTHER
3299.4182230705896	3308.91725	99999	sp
3308.91725	3309.127760861446	210	HOW
3309.127760861446	3309.3246552814426	128	DO
3309.3246552814426	3309.846702579051	318	OYSTERS
3309.846702579051	3310.092970351756	253	MAKE
3310.092970351756	3310.7946552814424	320	PEARLS
3310.7946552814424	3318.914375	99999	sp
3318.914375	3319.049370908691	434	THE
3319.049370908691	3319.2659337423647	453	TWO
3319.2659337423647	3319.87213630669	33	ARTISTS
3319.87213630669	3320.6377207950163	147	EXCHANGED
3320.6377207950163	3321.5159337423647	39	AUTOGRAPHS
3321.5159337423647	3331.6535625	99999	sp
3331.6535625	3332.00845502915	270	MUM
3332.00845502915	3332.713009125665	407	STRONGLY
3332.713009125665	3333.31845502915	126	DISLIKES
3333.31845502915	3334.3884550291496	27	APPETIZERS
3334.3884550291496	3342.4059375	99999	sp
3342.4059375	3343.0284989836473	405	STEVE
3343.0284989836473	3343.2668379803904	490	WORE
3343.2668379803904	3343.3160199369895	1	A
3343.3160199369895	3343.861435144472	65	BRIGHT
3343.861435144472	3344.345235783517	356	RED
3344.345235783517	3344.8654430636225	78	CASHMERE
3344.8654430636225	3345.425443063623	420	SWEATER
3345.425443063623	3356.6724375	99999	sp
3356.6724375	3356.9627699539046	142	EVEN
3356.9627699539046	3357.0214549716766	1	A
3357.0214549716766	3357.430757976323	383	SIMPLE
3357.430757976323	3358.440145480383	468	VOCABULARY
3358.440145480383	3359.1614549716764	104	CONTAINS
3359.1614549716764	3359.9614549716766	422	SYMBOLS
3359.9614549716766	3369.6899375	99999	sp
3369.6899375	3369.8966649757685	257	MAY
3369.8966649757685	3369.9587320602245	211	I
3369.9587320602245	3370.3025243474995	304	ORDER
3370.3025243474995	3370.412693422408	1	A
3370.412693422408	3370.9824694648573	319	PARFAIT
3370.9824694648573	3371.4363031885578	10	AFTER
3371.4363031885578	3371.623646760275	211	I
3371.623646760275	3371.8939621784843	134	EAT
3371.8939621784843	3372.3224694648575	124	DINNER
3372.3224694648575	3380.20675	99999	sp
3380.20675	3380.688625188616	229	JOHN'S
3380.688625188616	3381.0404598523087	66	BROTHER
3381.0404598523087	3381.6374261329775	363	REPAINTED
3381.6374261329775	3381.7830551128436	434	THE
3381.7830551128436	3382.4783673019015	173	GARAGE
3382.4783673019015	3382.9304598523086	129	DOOR
3382.9304598523086	3390.0445625	99999	sp
3390.0445625	3390.6027729214	115	CYCLICAL
3390.6027729214	3391.2645625	346	PROGRAMS
3391.2645625	3391.3894403870763	485	WILL
3391.3894403870763	3391.7273649762956	281	NEVER
3391.7273649762956	3392.4445625	100	COMPILE
3392.4445625	3400.0820625	99999	sp
3400.0820625	3400.1449858205497	434	THE
3400.1449858205497	3400.6038570394794	61	BOSTON
3400.6038570394794	3401.1338570394796	45	BALLET
3401.1338570394796	3401.8238570394797	312	OVERCAME
3401.8238570394797	3401.9838570394795	435	THEIR
3401.9838570394795	3402.4638570394795	170	FUNDING
3402.4638570394795	3403.2038570394793	380	SHORTAGE
3403.2038570394793	3409.7324375	99999	sp
3409.7324375	3410.120240200787	366	RICH
3410.120240200787	3410.565801086757	349	PURCHASED
3410.565801086757	3411.01865923761	374	SEVERAL
3411.01865923761	3411.5267973120685	382	SIGNED
3411.5267973120685	3411.585243816598	88888	UH
3411.585243816598	3412.6158010867566	245	LITHOGRAPHS
3412.6158010867566	3420.7665625	99999	sp
3420.7665625	3420.909681864433	19	AN
3420.909681864433	3421.307818429065	9	ADULT
3421.307818429065	3421.617597096395	255	MALE
3421.617597096395	3422.329681864433	42	BABOON'S
3422.329681864433	3422.4005823438915	99999	sp
3422.4005823438915	3422.699681864433	430	TEETH
3422.699681864433	3422.879681864433	30	ARE
3422.879681864433	3423.179681864433	285	NOT
3423.179681864433	3423.6408942703692	415	SUITABLE
3423.6408942703692	3423.779681864433	161	FOR
3423.779681864433	3424.159681864433	135	EATING
3424.159681864433	3424.919681864433	376	SHELLFISH
3424.919681864433	3433.2575	99999	sp
3433.2575	3433.4046626190716	30	ARE
3433.4046626190716	3433.6020202399973	496	YOUR
3433.6020202399973	3433.9224380025953	192	GRADES
3433.9224380025953	3434.3905887820138	206	HIGHER
3434.3905887820138	3434.5466874831113	302	OR
3434.5466874831113	3434.956046879273	251	LOWER
3434.956046879273	3435.1266874831113	432	THAN
3435.1266874831113	3435.9866874831114	275	NANCY'S
3435.9866874831114	3442.641	99999	sp
3442.641	3443.1865496815326	75	CALCIUM
3443.1865496815326	3443.536549681533	254	MAKES
3443.536549681533	3443.6134469846943	99999	sp
3443.6134469846943	3444.0865496815327	58	BONES
3444.0865496815327	3444.326549681533	20	AND
3444.326549681533	3444.384859756626	99999	sp
3444.384859756626	3444.8565496815327	430	TEETH
3444.8565496815327	3445.676549681533	406	STRONG
3445.676549681533	3453.1773125	99999	sp
3453.1773125	3453.54092216977	210	HOW
3453.54092216977	3453.8451038117373	189	GOOD
3453.8451038117373	3454.0359600964384	224	IS
3454.0359600964384	3454.2466691408185	496	YOUR
3454.2466691408185	3455.0066691408183	138	ENDURANCE
3455.0066691408183	3463.4789375	99999	sp
3463.4789375	3463.910096154074	130	DRAW
3463.910096154074	3464.300096154074	145	EVERY
3464.300096154074	3464.6255689850514	308	OUTER
3464.6255689850514	3464.9257057549235	244	LINE
3464.9257057549235	3465.620096154074	156	FIRST
3465.620096154074	3465.9556792089943	436	THEN
3465.9556792089943	3466.281277700892	154	FILL
3466.281277700892	3466.624484292565	217	IN
3466.624484292565	3466.7100961540737	434	THE
3466.7100961540737	3467.370096154074	222	INTERIOR
3467.370096154074	3474.74125	99999	sp
3474.74125	3475.051407962421	443	THOSE
3475.051407962421	3475.231024938762	484	WHO
3475.231024938762	3475.515456688121	427	TEACH
3475.515456688121	3476.402371433288	462	VALUES
3476.402371433288	3476.801407962421	156	FIRST
3476.801407962421	3477.511407962421	4	ABOLISH
3477.511407962421	3477.57467898128	99999	sp
3477.57467898128	3478.208354111215	87	CHEATING
3478.208354111215	3486.63575	99999	sp
3486.63575	3486.9575956186304	354	READING
3486.9575956186304	3487.1608895991585	217	IN
3487.1608895991585	3487.504004376472	335	POOR
3487.504004376472	3487.9075956186307	240	LIGHT
3487.9075956186307	3488.0354084591427	99999	sp
3488.0354084591427	3488.3046361963593	181	GIVES
3488.3046361963593	3488.4475956186307	495	YOU
3488.4475956186307	3489.3475956186303	150	EYESTRAIN
3489.3475956186303	3497.15275	99999	sp
3497.15275	3497.41275	375	SHE
3497.41275	3497.68275	490	WORE
3497.68275	3498.13275	471	WARM
3498.13275	3498.815365767264	158	FLEECY
3498.815365767264	3499.271623119123	489	WOOLEN
3499.271623119123	3500.22275	311	OVERALLS
3500.22275	3509.4669375	99999	sp
3509.4669375	3509.9069354589496	46	BARB'S
3509.9069354589496	3510.1935740497515	188	GOLD
3510.1935740497515	3510.8250340074865	63	BRACELET
3510.8250340074865	3510.9850340074863	472	WAS
3510.9850340074863	3511.123977467951	1	A
3511.123977467951	3511.9688752461416	193	GRADUATION
3511.9688752461416	3512.5950340074864	339	PRESENT
3512.5950340074864	3520.847875	99999	sp
3520.847875	3521.36085587384	286	NOTHING
3521.36085587384	3521.5136949063753	224	IS
3521.5136949063753	3521.663694906375	34	AS
3521.663694906375	3522.3036949063753	295	OFFENSIVE
3522.3036949063753	3522.713694906375	34	AS
3522.713694906375	3523.403694906375	219	INNOCENCE
3523.403694906375	3532.5945	99999	sp
3532.5945	3532.730530360099	434	THE
3532.730530360099	3533.2959726207364	111	CRANBERRY
3533.2959726207364	3533.8878088018314	57	BOG
3533.8878088018314	3534.1132230171233	178	GETS
3534.1132230171233	3534.595325325263	465	VERY
3534.595325325263	3535.0134507176977	340	PRETTY
3535.0134507176977	3535.1532230171238	217	IN
3535.1532230171238	3535.6832230171235	40	AUTUMN
3535.6832230171235	3542.6	99999	sp
