25.1489375	25.467852657360286	375	SHE
25.467852657360286	25.723258174533413	490	WORE
25.723258174533413	26.207852657360288	471	WARM
26.207852657360288	26.857852657360286	158	FLEECY
26.857852657360286	27.310802874173927	489	WOOLEN
27.310802874173927	28.287852657360286	311	OVERALLS
28.287852657360286	36.23425	99999	sp
36.23425	36.58425	354	READING
36.58425	36.77606922095445	217	IN
36.77606922095445	37.074250000000006	335	POOR
37.074250000000006	37.514250000000004	240	LIGHT
37.514250000000004	37.63006395425006	99999	sp
37.63006395425006	37.88658329955679	181	GIVES
37.88658329955679	37.99386864325784	495	YOU
37.99386864325784	38.794250000000005	150	EYESTRAIN
38.794250000000005	46.8333125	99999	sp
46.8333125	47.19235960027602	142	EVEN
47.19235960027602	47.43610211995445	211	I
47.43610211995445	48.076061649522806	293	OCCASIONALLY
48.076061649522806	48.30594190117989	177	GET
48.30594190117989	48.376240246233365	434	THE
48.376240246233365	48.75598891605483	265	MONDAY
48.75598891605483	49.5260616495228	56	BLUES
49.5260616495228	58.161625	99999	sp
58.161625	58.31514313412752	476	WE
58.31514313412752	58.47343844992263	30	ARE
58.47343844992263	58.87514313412752	301	OPEN
58.87514313412752	58.94211856175251	99999	sp
58.94211856175251	59.36514313412752	145	EVERY
59.36514313412752	59.945405481166716	265	MONDAY
59.945405481166716	60.46514313412752	143	EVENING
60.46514313412752	69.3160625	99999	sp
69.3160625	69.54380160830391	226	IT'S
69.54380160830391	69.84461313747602	285	NOT
69.84461313747602	70.27484086166481	133	EASY
70.27484086166481	70.49052946201974	446	TO
70.49052946201974	70.98542739658424	113	CREATE
70.98542739658424	71.90740117420708	215	ILLUMINATING
71.90740117420708	72.76380160830391	146	EXAMPLES
72.76380160830391	80.9866875	99999	sp
80.9866875	81.35759495866304	270	MUM
81.35759495866304	81.99810352580567	407	STRONGLY
81.99810352580567	82.60810352580567	126	DISLIKES
82.60810352580567	83.51810352580567	27	APPETIZERS
83.51810352580567	92.2676875	99999	sp
92.2676875	92.55020944925592	443	THOSE
92.55020944925592	92.70824827380847	484	WHO
92.70824827380847	93.0002094492559	427	TEACH
93.0002094492559	93.6402094492559	462	VALUES
93.6402094492559	94.0302094492559	156	FIRST
94.0302094492559	94.65195252822525	4	ABOLISH
94.65195252822525	95.13020944925591	87	CHEATING
95.13020944925591	105.4661875	99999	sp
105.4661875	105.53590336258644	434	THE
105.53590336258644	106.12730073100546	165	FRIGHTENED
106.12730073100546	106.80813236337445	89	CHILD
106.80813236337445	107.10636611275932	472	WAS
107.10636611275932	107.50515143682611	176	GENTLY
107.50515143682611	108.16590336258643	410	SUBDUED
108.16590336258643	108.39590336258644	73	BY
108.39590336258644	108.66590336258643	208	HIS
108.66590336258643	108.74219755435969	99999	sp
108.74219755435969	108.98590336258643	52	BIG
108.98590336258643	109.10049748850093	99999	sp
109.10049748850093	109.50590336258644	66	BROTHER
109.50590336258644	119.1000625	99999	sp
119.1000625	119.40401915385023	142	EVEN
119.40401915385023	119.48485232716862	1	A
119.48485232716862	119.9310534747249	383	SIMPLE
119.9310534747249	120.92305352710851	468	VOCABULARY
120.92305352710851	121.64568736296364	104	CONTAINS
121.64568736296364	122.56568736296364	422	SYMBOLS
122.56568736296364	131.6606875	99999	sp
131.6606875	131.83467094226077	1	A
131.83467094226077	132.25906875312663	110	CRAB
132.25906875312663	132.8721340965809	85	CHALLENGED
132.8721340965809	133.1321340965809	258	ME
133.1321340965809	133.35215840124255	99999	sp
133.35215840124255	133.4184396980072	70	BUT
133.4184396980072	133.56907900883607	1	A
133.56907900883607	133.8721340965809	350	QUICK
133.8721340965809	134.3921340965809	402	STAB
134.3921340965809	135.03213409658093	464	VANQUISHED
135.03213409658093	135.3121340965809	207	HIM
135.3121340965809	144.99525	99999	sp
144.99525	145.5089518624566	183	GLUCOSE
145.5089518624566	145.6535656008523	20	AND
145.6535656008523	146.3474144345684	167	FRUCTOSE
146.3474144345684	146.51524999999998	30	ARE
146.51524999999998	146.96752261320296	276	NATURAL
146.96752261320296	147.53205550430783	414	SUGARS
147.53205550430783	147.96534645937444	163	FOUND
147.96534645937444	148.09744132350093	217	IN
148.09744132350093	148.49525	168	FRUIT
148.49525	155.5173125	99999	sp
155.5173125	155.65233303530684	30	ARE
155.65233303530684	155.83233303530685	495	YOU
155.83233303530685	156.15233303530684	250	LOOKING
156.15233303530684	156.42233303530685	161	FOR
156.42233303530685	157.16233303530683	136	EMPLOYMENT
157.16233303530683	168.19575	99999	sp
168.19575	168.72678913009338	98	COFFEE
168.72678913009338	168.94077259863903	224	IS
168.94077259863903	169.00388293130092	99999	sp
169.00388293130092	169.44083021411117	198	GROWN
169.44083021411117	169.64077259863905	297	ON
169.64077259863905	170.23269317361186	404	STEEP
170.23269317361186	170.7574346609794	231	JUNGLE
170.7574346609794	171.12077259863904	241	LIKE
171.12077259863904	171.84805417508323	390	SLOPES
171.84805417508323	172.04241940722068	217	IN
172.04241940722068	172.51077259863902	431	TEMPERATE
172.51077259863902	172.57862506212396	99999	sp
172.57862506212396	173.37077259863904	497	ZONES
173.37077259863904	182.4393125	99999	sp
182.4393125	182.62820487667392	476	WE
182.62820487667392	183.09820487667392	480	WELCOME
183.09820487667392	183.4182048766739	256	MANY
183.4182048766739	183.67820487667393	282	NEW
183.67820487667393	184.55556029125881	408	STUDENTS
184.55556029125881	184.9482048766739	132	EACH
184.9482048766739	185.4182048766739	491	YEAR
185.4182048766739	194.3711875	99999	sp
194.3711875	194.68585628262025	298	ONLY
194.68585628262025	194.89141361200072	434	THE
194.89141361200072	195.23904945576868	51	BEST
195.23904945576868	195.30136655517046	99999	sp
195.30136655517046	195.89904945576868	330	PLAYERS
195.89904945576868	195.9787619970463	99999	sp
195.9787619970463	196.52291309827456	139	ENJOY
196.52291309827456	197.46904945576867	336	POPULARITY
197.46904945576867	207.6119375	99999	sp
207.6119375	208.21617852510187	75	CALCIUM
208.21617852510187	208.64617852510187	254	MAKES
208.64617852510187	208.75771038573788	99999	sp
208.75771038573788	209.28866698511382	58	BONES
209.28866698511382	209.50694496740869	20	AND
209.50694496740869	209.85617852510188	430	TEETH
209.85617852510188	210.62617852510186	406	STRONG
210.62617852510186	219.1136875	99999	sp
219.1136875	219.7087273324211	286	NOTHING
219.7087273324211	219.91362679070588	224	IS
219.91362679070588	220.14115923986444	34	AS
220.14115923986444	220.85460722701654	295	OFFENSIVE
220.85460722701654	221.16854232947625	34	AS
221.16854232947625	221.98362679070587	219	INNOCENCE
221.98362679070587	230.6340625	99999	sp
230.6340625	231.35421886947643	405	STEVE
231.35421886947643	231.61406250000002	490	WORE
231.61406250000002	231.6540625	1	A
231.6540625	232.25925316725085	65	BRIGHT
232.25925316725085	232.8211080261633	356	RED
232.8211080261633	233.42406250000002	78	CASHMERE
233.42406250000002	233.9640625	420	SWEATER
233.9640625	242.971125	99999	sp
242.971125	243.48111895170373	46	BARB'S
243.48111895170373	243.72286250903764	188	GOLD
243.72286250903764	243.86210574829883	99999	sp
243.86210574829883	244.56286250903764	63	BRACELET
244.56286250903764	244.67119249701074	99999	sp
244.67119249701074	244.81286250903764	472	WAS
244.81286250903764	244.94456579836233	1	A
244.94456579836233	245.6988721350555	193	GRADUATION
245.6988721350555	246.16286250903764	339	PRESENT
246.16286250903764	255.993125	99999	sp
255.993125	256.3897467741527	130	DRAW
256.3897467741527	256.81404401527186	145	EVERY
256.81404401527186	257.1339331164242	308	OUTER
257.1339331164242	257.4402312416072	244	LINE
257.4402312416072	258.1295386810385	156	FIRST
258.1295386810385	258.26778032373704	99999	sp
258.26778032373704	258.6584721924743	436	THEN
258.6584721924743	259.01112032190724	154	FILL
259.01112032190724	259.24953868103853	217	IN
259.24953868103853	259.3495386810385	434	THE
259.3495386810385	259.98953868103854	222	INTERIOR
259.98953868103854	270.0268125	99999	sp
270.0268125	270.16407306877755	434	THE
270.16407306877755	270.4940730687776	475	WATER
270.4940730687776	271.2540730687776	103	CONTAINED
271.2540730687776	271.3356639684496	99999	sp
271.3356639684496	271.54407306877755	448	TOO
271.54407306877755	271.9598496511487	269	MUCH
271.9598496511487	272.679263381242	90	CHLORINE
272.679263381242	272.8740730687776	20	AND
272.8740730687776	273.4113101749381	409	STUNG
273.4113101749381	273.6440730687776	208	HIS
273.6440730687776	274.3140730687776	149	EYES
274.3140730687776	282.7049375	99999	sp
282.7049375	283.24948215820535	229	JOHN'S
283.24948215820535	283.6673394887661	66	BROTHER
283.6673394887661	284.38011215859126	363	REPAINTED
284.38011215859126	284.4514414648244	434	THE
284.4514414648244	285.16147940595033	173	GARAGE
285.16147940595033	285.6672310593759	129	DOOR
285.6672310593759	293.5075625	99999	sp
293.5075625	294.1576515399243	84	CHALLENGE
294.1576515399243	294.25902410352114	99999	sp
294.25902410352114	294.6776515399243	132	EACH
294.6776515399243	294.75707807152276	99999	sp
294.75707807152276	295.3350929128613	175	GENERAL'S
295.3350929128613	296.2476515399243	221	INTELLIGENCE
296.2476515399243	303.933375	99999	sp
303.933375	304.98302411676303	17	AMBIDEXTROUS
304.98302411676303	305.67130334624727	327	PICKPOCKETS
305.67130334624727	306.2813033462473	6	ACCOMPLISH
306.2813033462473	306.6613033462473	267	MORE
306.6613033462473	314.957875	99999	sp
314.957875	315.06718753839135	1	A
315.06718753839135	315.72164432157575	271	MUSCULAR
315.72164432157575	316.26308883782445	2	ABDOMEN
316.26308883782445	316.5569124408616	224	IS
316.5569124408616	316.6303314633974	99999	sp
316.6303314633974	316.78751852476233	189	GOOD
316.78751852476233	317.0669124408616	161	FOR
317.0669124408616	317.2011168129653	496	YOUR
317.2011168129653	317.6869124408616	43	BACK
317.6869124408616	327.14625	99999	sp
327.14625	327.33089671817976	438	THEY
327.33089671817976	327.5528762240064	317	OWN
327.5528762240064	327.6608967181798	1	A
327.6608967181798	328.04979024213424	52	BIG
328.04979024213424	328.6608967181798	209	HOUSE
328.6608967181798	328.8708967181798	217	IN
328.8708967181798	328.96089671817975	434	THE
328.96089671817975	329.4108967181798	361	REMOTE
329.4108967181798	329.4848988615744	99999	sp
329.4848988615744	330.37005817219745	109	COUNTRYSIDE
330.37005817219745	338.6176875	99999	sp
338.6176875	338.7632395212276	434	THE
338.7632395212276	339.25026902908917	369	ROSE
339.25026902908917	340.003876724742	106	CORSAGE
340.003876724742	340.5988514283408	393	SMELLED
340.5988514283408	341.1857045569394	421	SWEET
341.1857045569394	349.4773125	99999	sp
349.4773125	349.7505938459784	433	THAT
349.7505938459784	350.5038761960826	326	PICKPOCKET
350.5038761960826	350.8009211373635	472	WAS
350.8009211373635	351.2200507324291	80	CAUGHT
351.2200507324291	351.53222216181314	356	RED
351.53222216181314	352.1345544353365	199	HANDED
352.1345544353365	362.23375	99999	sp
362.23375	362.2973176174341	19	AN
362.2973176174341	362.8325360004079	9	ADULT
362.8325360004079	363.29247863448074	255	MALE
363.29247863448074	363.9950330648425	42	BABOON'S
363.9950330648425	364.0696872526618	99999	sp
364.0696872526618	364.49142897136136	430	TEETH
364.49142897136136	364.6050330648425	30	ARE
364.6050330648425	364.9250330648425	285	NOT
364.9250330648425	365.47530228063926	415	SUITABLE
365.47530228063926	365.66407668063465	161	FOR
365.66407668063465	366.0350330648425	135	EATING
366.0350330648425	366.7850330648425	376	SHELLFISH
366.7850330648425	376.2425625	99999	sp
376.2425625	376.45444611522714	204	HER
376.45444611522714	376.98766827770254	470	WARDROBE
376.98766827770254	377.80925997089133	102	CONSISTS
377.80925997089133	378.054809248689	294	OF
378.054809248689	378.33444611522714	298	ONLY
378.33444611522714	379.0370739545036	385	SKIRTS
379.0370739545036	379.2063219764093	20	AND
379.2063219764093	380.02444611522714	54	BLOUSES
380.02444611522714	388.135875	99999	sp
388.135875	388.32123104335926	434	THE
388.32123104335926	388.70130238553975	453	TWO
388.70130238553975	389.18617892806776	33	ARTISTS
389.18617892806776	389.2670040121186	99999	sp
389.2670040121186	390.12617892806776	147	EXCHANGED
390.12617892806776	390.1827251543812	99999	sp
390.1827251543812	391.11617892806777	39	AUTOGRAPHS
391.11617892806777	400.2889375	99999	sp
400.2889375	400.97345710309133	71	BUTTERSCOTCH
400.97345710309133	401.51352832080784	169	FUDGE
401.51352832080784	401.6159535005899	99999	sp
401.6159535005899	401.89352832080783	186	GOES
401.89352832080783	402.25023321458747	481	WELL
402.25023321458747	402.5053055791079	487	WITH
402.5053055791079	403.0507959977833	463	VANILLA
403.0507959977833	403.403685388025	212	ICE
403.403685388025	403.75352832080785	112	CREAM
403.75352832080785	412.3145625	99999	sp
412.3145625	412.71456250000006	366	RICH
412.71456250000006	412.79075646146805	99999	sp
412.79075646146805	413.26456250000007	349	PURCHASED
413.26456250000007	413.79456250000004	374	SEVERAL
413.79456250000004	414.3326923135914	382	SIGNED
414.3326923135914	415.42456250000004	245	LITHOGRAPHS
415.42456250000004	423.6159550875596	99999	sp
423.6159550875596	423.92250546696147	24	ANY
423.92250546696147	424.9310052057589	105	CONTRIBUTIONS
424.9310052057589	425.047452319446	485	WILL
425.047452319446	425.27399621770667	47	BE
425.27399621770667	425.70037669583365	195	GREATLY
425.70037669583365	426.53037669583364	28	APPRECIATED
426.53037669583364	435.5871875	99999	sp
435.5871875	435.7594735659429	434	THE
435.7594735659429	436.55961042873514	111	CRANBERRY
436.55961042873514	437.1453209550216	57	BOG
437.1453209550216	437.3812807099587	178	GETS
437.3812807099587	437.89460279654025	465	VERY
437.89460279654025	437.9508777180864	99999	sp
437.9508777180864	438.3905317147075	340	PRETTY
438.3905317147075	438.5146179121282	217	IN
438.5146179121282	439.09460279654024	40	AUTUMN
439.09460279654024	447.0786875	99999	sp
447.0786875	447.3305816102062	210	HOW
447.3305816102062	447.61821619151607	128	DO
447.61821619151607	448.16591595872865	318	OYSTERS
448.16591595872865	448.4676515211507	253	MAKE
448.4676515211507	449.2160832991956	320	PEARLS
449.2160832991956	457.730375	99999	sp
457.730375	457.9938310590142	257	MAY
457.9938310590142	458.1661171249571	211	I
458.1661171249571	458.48998186225197	304	ORDER
458.48998186225197	458.6050874502509	1	A
458.6050874502509	459.2450558088552	319	PARFAIT
459.2450558088552	459.6599818622519	10	AFTER
459.6599818622519	459.74998186225196	211	I
459.74998186225196	459.88998186225194	134	EAT
459.88998186225194	459.9949417891438	99999	sp
459.9949417891438	460.44998186225195	124	DINNER
460.44998186225195	467.0376875	99999	sp
467.0376875	467.1736654689258	224	IS
467.1736654689258	467.408836500532	375	SHE
467.408836500532	467.7659905915116	187	GOING
467.7659905915116	467.98105112899896	487	WITH
467.98105112899896	468.3236654689258	495	YOU
468.3236654689258	476.993	99999	sp
476.993	477.21085212499736	76	CAN
477.21085212499736	477.3865617432949	434	THE
477.3865617432949	477.98085212499734	11	AGENCY
477.98085212499734	478.76986460336406	315	OVERTHROW
478.76986460336406	479.2608521249973	13	ALIEN
479.2608521249973	480.1208521249973	162	FORCES
480.1208521249973	488.77516840082797	99999	sp
488.77516840082797	488.9321885110247	1	A
488.9321885110247	489.7221885110247	371	SCREWDRIVER
489.7221885110247	489.88744920947886	224	IS
489.88744920947886	490.1221885110247	252	MADE
490.1221885110247	490.4321885110247	166	FROM
490.4321885110247	491.0221885110247	469	VODKA
491.0221885110247	491.1062567667029	99999	sp
491.1062567667029	491.3525628071572	20	AND
491.3525628071572	491.7826162875074	303	ORANGE
491.7826162875074	492.3321885110247	230	JUICE
492.3321885110247	499.971375	99999	sp
499.971375	500.1701422120876	210	HOW
500.1701422120876	500.45642227963236	269	MUCH
500.45642227963236	501.3165063927142	16	ALLOWANCE
501.3165063927142	501.47014221208764	128	DO
501.47014221208764	501.73433186667484	495	YOU
501.73433186667484	502.1801422120877	177	GET
502.1801422120877	510.1603125	99999	sp
510.1603125	510.8103125	115	CYCLICAL
510.8103125	510.9149171730532	99999	sp
510.9149171730532	511.54031249999997	346	PROGRAMS
511.54031249999997	511.67031249999997	485	WILL
511.67031249999997	512.0138022525982	281	NEVER
512.0138022525982	512.6203125	100	COMPILE
512.6203125	521.283	99999	sp
521.283	521.449410595365	434	THE
521.449410595365	521.9004114233959	61	BOSTON
521.9004114233959	522.4916158496238	45	BALLET
522.4916158496238	523.1827686857234	312	OVERCAME
523.1827686857234	523.3078072538714	435	THEIR
523.3078072538714	523.8300033637246	170	FUNDING
523.8300033637246	524.6104114233959	380	SHORTAGE
524.6104114233959	532.6353125	99999	sp
532.6353125	533.1163688708504	145	EVERY
533.1163688708504	533.6985779596587	74	CAB
533.6985779596587	533.9997685364937	280	NEEDS
533.9997685364937	534.7114320967306	364	REPAINTING
534.7114320967306	535.3776892509101	296	OFTEN
535.3776892509101	543.442375	99999	sp
543.442375	543.6768691175627	203	HELP
543.6768691175627	543.8909545888037	99999	sp
543.8909545888037	544.2948881420862	196	GREG
544.2948881420862	544.5277371490396	446	TO
544.5277371490396	544.8861527523705	325	PICK
544.8861527523705	545.0722030911237	1	A
545.0722030911237	545.3762741648695	321	PECK
545.3762741648695	545.5505187220186	294	OF
545.5505187220186	546.3861527523705	338	POTATOES
546.3861527523705	554.63025	99999	sp
554.63025	554.8670802949573	476	WE
554.8670802949573	555.2167524081135	241	LIKE
555.2167524081135	555.4270802949572	55	BLUE
555.4270802949572	555.9870802949573	88	CHEESE
555.9870802949573	556.1351964529094	99999	sp
556.1351964529094	556.2387684245289	70	BUT
556.2387684245289	556.6727552129512	466	VICTOR
556.6727552129512	557.1576651260838	242	LIKES
557.1576651260838	557.5170802949573	64	BRIE
557.5170802949573	566.82475	99999	sp
566.82475	567.1288210737459	108	COUNT
567.1288210737459	567.2147697195735	434	THE
567.2147697195735	567.5895021841691	289	NUMBER
567.5895021841691	567.7647697195736	294	OF
567.7647697195736	567.8437500557959	99999	sp
567.8437500557959	568.5999241878443	429	TEASPOONS
568.5999241878443	568.7401608498217	294	OF
568.7401608498217	569.6047697195735	395	SOYSAUCE
569.6047697195735	569.6817123085108	99999	sp
569.6817123085108	569.9124559489312	433	THAT
569.9124559489312	570.0947697195735	495	YOU
570.0947697195735	570.5947697195735	7	ADD
570.5947697195735	579.620125	99999	sp
579.620125	580.3233320544091	44	BAGPIPES
580.3233320544091	580.6283665007193	20	AND
580.6283665007193	581.2733320544091	59	BONGOS
581.2733320544091	581.454750321146	30	ARE
581.454750321146	582.0987801002811	273	MUSICAL
582.0987801002811	583.0933320544091	220	INSTRUMENTS
583.0933320544091	589.88725	99999	sp
589.88725	590.1678448263938	210	HOW
590.1678448263938	590.2755460039626	99999	sp
590.2755460039626	590.5587102066349	189	GOOD
590.5587102066349	590.7475246716435	224	IS
590.7475246716435	590.9278448263938	496	YOUR
590.9278448263938	591.7778448263938	138	ENDURANCE
591.7778448263938	608.8294375	99999	sp
1202.93625	1203.0939556720314	30	ARE
1203.0939556720314	1203.3340344128217	496	YOUR
1203.3340344128217	1203.7185352876343	192	GRADES
1203.7185352876343	1204.3574544156506	206	HIGHER
1204.3574544156506	1204.5153573803689	302	OR
1204.5153573803689	1204.9606970310547	251	LOWER
1204.9606970310547	1205.2139556720313	432	THAN
1205.2139556720313	1206.1239556720313	275	NANCY'S
1206.1239556720313	1214.2205	99999	sp
1214.2205	1214.5054902937327	375	SHE
1214.5054902937327	1214.7798738942772	490	WORE
1214.7798738942772	1215.2541912812942	471	WARM
1215.2541912812942	1216.0054902937327	158	FLEECY
1216.0054902937327	1216.4780158567264	489	WOOLEN
1216.4780158567264	1217.4054902937328	311	OVERALLS
1217.4054902937328	1225.246375	99999	sp
1225.246375	1225.5750996173479	354	READING
1225.5750996173479	1225.7474469441568	217	IN
1225.7474469441568	1225.7678679027872	99999	sp
1225.7678679027872	1226.1260422486334	335	POOR
1226.1260422486334	1226.5574469441567	240	LIGHT
1226.5574469441567	1226.6707817030876	99999	sp
1226.6707817030876	1226.9374469441566	181	GIVES
1226.9374469441566	1227.1132821072742	495	YOU
1227.1132821072742	1227.9174469441566	150	EYESTRAIN
1227.9174469441566	1238.276375	99999	sp
1238.276375	1238.6006356746996	142	EVEN
1238.6006356746996	1238.965480547485	211	I
1238.965480547485	1239.6634114600322	293	OCCASIONALLY
1239.6634114600322	1239.8622854348116	177	GET
1239.8622854348116	1239.915480547485	434	THE
1239.915480547485	1240.2817837133202	265	MONDAY
1240.2817837133202	1241.105480547485	56	BLUES
1241.105480547485	1248.5911875	99999	sp
1248.5911875	1248.724298324972	476	WE
1248.724298324972	1248.9027804398713	30	ARE
1248.9027804398713	1249.2366761378075	301	OPEN
1249.2366761378075	1249.7687958939173	145	EVERY
1249.7687958939173	1250.2379174748426	265	MONDAY
1250.2379174748426	1250.8355094005537	143	EVENING
1250.8355094005537	1259.473625	99999	sp
1259.473625	1259.7075019635026	226	IT'S
1259.7075019635026	1259.9919537933508	285	NOT
1259.9919537933508	1260.4196078275556	133	EASY
1260.4196078275556	1260.6286537140334	446	TO
1260.6286537140334	1261.0406834710495	113	CREATE
1261.0406834710495	1261.7210911580228	215	ILLUMINATING
1261.7210911580228	1262.6806834710496	146	EXAMPLES
1262.6806834710496	1270.6663125	99999	sp
1270.6663125	1271.0212591592726	270	MUM
1271.0212591592726	1271.68301750981	407	STRONGLY
1271.68301750981	1272.3731379217568	126	DISLIKES
1272.3731379217568	1273.31301750981	27	APPETIZERS
1273.31301750981	1282.707875	99999	sp
1282.707875	1283.0145633583531	443	THOSE
1283.0145633583531	1283.157270178304	484	WHO
1283.157270178304	1283.3912290886444	427	TEACH
1283.3912290886444	1284.094563358353	462	VALUES
1284.094563358353	1284.4197492893504	156	FIRST
1284.4197492893504	1285.122309847331	4	ABOLISH
1285.122309847331	1285.644563358353	87	CHEATING
1285.644563358353	1295.153	99999	sp
1295.153	1295.2239002686329	434	THE
1295.2239002686329	1295.7147319637593	165	FRIGHTENED
1295.7147319637593	1296.2026114281996	89	CHILD
1296.2026114281996	1296.6056046348576	472	WAS
1296.6056046348576	1296.9839002686329	176	GENTLY
1296.9839002686329	1297.7020666205244	410	SUBDUED
1297.7020666205244	1297.8479518526663	73	BY
1297.8479518526663	1298.1866936728877	208	HIS
1298.1866936728877	1298.403900268633	52	BIG
1298.403900268633	1298.4859516065605	99999	sp
1298.4859516065605	1298.913900268633	66	BROTHER
1298.913900268633	1308.6671875	99999	sp
1308.6671875	1308.9758854819277	142	EVEN
1308.9758854819277	1309.0521857678932	1	A
1309.0521857678932	1309.4889704327031	383	SIMPLE
1309.4889704327031	1310.474194135342	468	VOCABULARY
1310.474194135342	1311.404583188819	104	CONTAINS
1311.404583188819	1312.2447449615318	422	SYMBOLS
1312.2447449615318	1321.6474375	99999	sp
1321.6474375	1321.8377735394463	1	A
1321.8377735394463	1322.1943061386005	110	CRAB
1322.1943061386005	1322.7764066512602	85	CHALLENGED
1322.7764066512602	1323.0797633031216	258	ME
1323.0797633031216	1323.1788707397832	70	BUT
1323.1788707397832	1323.3569784453723	1	A
1323.3569784453723	1323.67479927684	350	QUICK
1323.67479927684	1324.3318247875623	402	STAB
1324.3318247875623	1324.94479927684	464	VANQUISHED
1324.94479927684	1325.22479927684	207	HIM
1325.22479927684	1334.8750625	99999	sp
1334.8750625	1335.4582353750593	183	GLUCOSE
1335.4582353750593	1335.6052671461116	20	AND
1335.6052671461116	1336.2761576597602	167	FRUCTOSE
1336.2761576597602	1336.4636599538649	30	ARE
1336.4636599538649	1336.9386649469004	276	NATURAL
1336.9386649469004	1337.6145471068085	414	SUGARS
1337.6145471068085	1337.6963278910118	99999	sp
1337.6963278910118	1338.047534700753	163	FOUND
1338.047534700753	1338.2755009498974	217	IN
1338.2755009498974	1338.833659953865	168	FRUIT
1338.833659953865	1349.004375	99999	sp
1349.004375	1349.1551666324524	30	ARE
1349.1551666324524	1349.2689379480755	495	YOU
1349.2689379480755	1349.60868855356	250	LOOKING
1349.60868855356	1349.8951666324524	161	FOR
1349.8951666324524	1350.50620380246	136	EMPLOYMENT
1350.50620380246	1360.8979375	99999	sp
1360.8979375	1361.245891897664	98	COFFEE
1361.245891897664	1361.5930247147205	224	IS
1361.5930247147205	1361.9572983941036	198	GROWN
1361.9572983941036	1362.2133394969067	297	ON
1362.2133394969067	1363.0492886667955	404	STEEP
1363.0492886667955	1363.4733394969066	231	JUNGLE
1363.4733394969066	1363.712113141912	241	LIKE
1363.712113141912	1364.4333394969065	390	SLOPES
1364.4333394969065	1364.6977267945144	217	IN
1364.6977267945144	1365.2933394969066	431	TEMPERATE
1365.2933394969066	1366.0333394969066	497	ZONES
1366.0333394969066	1374.4075625	99999	sp
1374.4075625	1374.52615968362	476	WE
1374.52615968362	1374.9998387282653	480	WELCOME
1374.9998387282653	1375.3556434303953	256	MANY
1375.3556434303953	1375.5798048383474	282	NEW
1375.5798048383474	1376.4088258731717	408	STUDENTS
1376.4088258731717	1376.935725097686	132	EACH
1376.935725097686	1377.4498387282651	491	YEAR
1377.4498387282651	1385.627	99999	sp
1385.627	1385.9102078034466	298	ONLY
1385.9102078034466	1386.102194774435	434	THE
1386.102194774435	1386.5268160970481	51	BEST
1386.5268160970481	1387.0752056838699	330	PLAYERS
1387.0752056838699	1387.6050245918314	139	ENJOY
1387.6050245918314	1388.5578716750304	336	POPULARITY
1388.5578716750304	1396.3365	99999	sp
1396.3365	1396.8955707796677	75	CALCIUM
1396.8955707796677	1397.3197386279433	254	MAKES
1397.3197386279433	1397.7755707796678	58	BONES
1397.7755707796678	1398.0492036402848	20	AND
1398.0492036402848	1398.4695559952315	430	TEETH
1398.4695559952315	1399.2755707796678	406	STRONG
1399.2755707796678	1406.8651875	99999	sp
1406.8651875	1407.3346093137245	286	NOTHING
1407.3346093137245	1407.5888786130251	224	IS
1407.5888786130251	1407.7548797218335	34	AS
1407.7548797218335	1408.3843104590883	295	OFFENSIVE
1408.3843104590883	1408.718878613025	34	AS
1408.718878613025	1408.830592393487	99999	sp
1408.830592393487	1409.718878613025	219	INNOCENCE
1409.718878613025	1419.2903125	99999	sp
1419.2903125	1420.0204214649361	405	STEVE
1420.0204214649361	1420.2703125	490	WORE
1420.2703125	1420.3103125	1	A
1420.3103125	1420.934953948645	65	BRIGHT
1420.934953948645	1421.5212831628141	356	RED
1421.5212831628141	1422.1714151775986	78	CASHMERE
1422.1714151775986	1422.8303125	420	SWEATER
1422.8303125	1431.71625	99999	sp
1431.71625	1432.2404739670558	46	BARB'S
1432.2404739670558	1432.5643446917918	188	GOLD
1432.5643446917918	1433.266156431152	63	BRACELET
1433.266156431152	1433.4602757284501	472	WAS
1433.4602757284501	1433.5940361569121	1	A
1433.5940361569121	1434.4227555444136	193	GRADUATION
1434.4227555444136	1435.01027572845	339	PRESENT
1435.01027572845	1443.7175	99999	sp
1443.7175	1444.0565342826942	130	DRAW
1444.0565342826942	1444.4677520245893	145	EVERY
1444.4677520245893	1444.7907154339998	308	OUTER
1444.7907154339998	1445.0920884256893	244	LINE
1445.0920884256893	1445.7577520245893	156	FIRST
1445.7577520245893	1445.8346852993336	99999	sp
1445.8346852993336	1446.2004290614068	436	THEN
1446.2004290614068	1446.5876723706376	154	FILL
1446.5876723706376	1446.8577520245892	217	IN
1446.8577520245892	1446.9877520245893	434	THE
1446.9877520245893	1447.6277520245892	222	INTERIOR
1447.6277520245892	1458.68875	99999	sp
1458.68875	1458.7816373046535	434	THE
1458.7816373046535	1459.2078431526245	475	WATER
1459.2078431526245	1459.9315521594324	103	CONTAINED
1459.9315521594324	1460.1376458666325	448	TOO
1460.1376458666325	1460.4263504319092	269	MUCH
1460.4263504319092	1460.519490624463	99999	sp
1460.519490624463	1461.1176165418449	90	CHLORINE
1461.1176165418449	1461.3939867925078	20	AND
1461.3939867925078	1461.9239109582868	409	STUNG
1461.9239109582868	1462.1757581350507	208	HIS
1462.1757581350507	1462.8263504319093	149	EYES
1462.8263504319093	1470.823625	99999	sp
1470.823625	1471.4104431881792	229	JOHN'S
1471.4104431881792	1471.7722288147595	66	BROTHER
1471.7722288147595	1472.3580119556163	363	REPAINTED
1472.3580119556163	1472.488431982477	434	THE
1472.488431982477	1473.2283211028325	173	GARAGE
1473.2283211028325	1473.7036249999999	129	DOOR
1473.7036249999999	1481.1355625	99999	sp
1481.1355625	1481.6734382616432	84	CHALLENGE
1481.6734382616432	1482.2177135896231	132	EACH
1482.2177135896231	1482.7375152947113	175	GENERAL'S
1482.7375152947113	1483.7081864112029	221	INTELLIGENCE
1483.7081864112029	1491.8811875	99999	sp
1491.8811875	1493.0277791824487	17	AMBIDEXTROUS
1493.0277791824487	1493.8006954016823	327	PICKPOCKETS
1493.8006954016823	1494.495564330441	6	ACCOMPLISH
1494.495564330441	1494.9911874999998	267	MORE
1494.9911874999998	1502.903625	99999	sp
1502.903625	1503.0446903038799	1	A
1503.0446903038799	1503.6423181304374	271	MUSCULAR
1503.6423181304374	1504.2529012670127	2	ABDOMEN
1504.2529012670127	1504.665554222411	224	IS
1504.665554222411	1504.9670232870678	189	GOOD
1504.9670232870678	1505.21469030388	161	FOR
1505.21469030388	1505.346233053597	496	YOUR
1505.346233053597	1505.95469030388	43	BACK
1505.95469030388	1514.339875	99999	sp
1514.339875	1514.4861501821053	438	THEY
1514.4861501821053	1514.7026107759852	317	OWN
1514.7026107759852	1514.793921325608	1	A
1514.793921325608	1515.1809867250543	52	BIG
1515.1809867250543	1515.7909867250544	209	HOUSE
1515.7909867250544	1515.9609867250545	217	IN
1515.9609867250545	1516.0309867250544	434	THE
1516.0309867250544	1516.4847693791255	361	REMOTE
1516.4847693791255	1517.3409867250543	109	COUNTRYSIDE
1517.3409867250543	1525.69425	99999	sp
1525.69425	1525.8099444553498	434	THE
1525.8099444553498	1526.2680725439689	369	ROSE
1526.2680725439689	1527.128429479972	106	CORSAGE
1527.128429479972	1527.3130880637416	99999	sp
1527.3130880637416	1527.9130880637415	393	SMELLED
1527.9130880637415	1528.6130880637415	421	SWEET
1528.6130880637415	1536.231875	99999	sp
1536.231875	1536.4847789985104	433	THAT
1536.4847789985104	1537.1139003181158	326	PICKPOCKET
1537.1139003181158	1537.367243717597	472	WAS
1537.367243717597	1537.7043685166304	80	CAUGHT
1537.7043685166304	1538.0182778453034	356	RED
1538.0182778453034	1538.6115766060113	199	HANDED
1538.6115766060113	1548.6865	99999	sp
1548.6865	1548.7851708255484	99999	sp
1548.7851708255484	1549.3055900439676	9	ADULT
1549.3055900439676	1549.6757564121658	255	MALE
1549.6757564121658	1550.556716633861	42	BABOON'S
1550.556716633861	1550.8804941787312	430	TEETH
1550.8804941787312	1551.0180204237558	30	ARE
1551.0180204237558	1551.3431884951917	285	NOT
1551.3431884951917	1551.90197613783	415	SUITABLE
1551.90197613783	1552.1976495407307	161	FOR
1552.1976495407307	1552.5480204237558	135	EATING
1552.5480204237558	1553.418020423756	376	SHELLFISH
1553.418020423756	1562.2239375	99999	sp
1562.2239375	1562.4505052346365	204	HER
1562.4505052346365	1563.0108814705438	470	WARDROBE
1563.0108814705438	1563.7187335040985	102	CONSISTS
1563.7187335040985	1563.9542102535654	294	OF
1563.9542102535654	1564.2475603911437	298	ONLY
1564.2475603911437	1564.8992715803536	385	SKIRTS
1564.8992715803536	1565.1662738992065	20	AND
1565.1662738992065	1566.0275603911437	54	BLOUSES
1566.0275603911437	1574.1704375	99999	sp
1574.1704375	1574.3366199430288	434	THE
1574.3366199430288	1574.7056589121419	453	TWO
1574.7056589121419	1575.3113129448361	33	ARTISTS
1575.3113129448361	1576.1387361872714	147	EXCHANGED
1576.1387361872714	1577.0664262272533	39	AUTOGRAPHS
1577.0664262272533	1586.2745625	99999	sp
1586.2745625	1587.0498200655693	71	BUTTERSCOTCH
1587.0498200655693	1587.6862322692753	169	FUDGE
1587.6862322692753	1587.8524104954522	99999	sp
1587.8524104954522	1588.1346871172402	186	GOES
1588.1346871172402	1588.4762322692752	481	WELL
1588.4762322692752	1588.7059314266937	487	WITH
1588.7059314266937	1589.1463769033028	463	VANILLA
1589.1463769033028	1589.5934469280542	212	ICE
1589.5934469280542	1590.0362322692752	112	CREAM
1590.0362322692752	1598.7310625	99999	sp
1598.7310625	1599.146301654267	366	RICH
1599.146301654267	1599.7443742570333	349	PURCHASED
1599.7443742570333	1600.1984260245454	374	SEVERAL
1600.1984260245454	1600.8214259776869	382	SIGNED
1600.8214259776869	1601.9343742570334	245	LITHOGRAPHS
1601.9343742570334	1609.9454971453786	99999	sp
1609.9454971453786	1610.1967366795382	24	ANY
1610.1967366795382	1611.3052197693257	105	CONTRIBUTIONS
1611.3052197693257	1611.4194701989081	485	WILL
1611.4194701989081	1611.6629172022936	47	BE
1611.6629172022936	1612.0533897241717	195	GREATLY
1612.0533897241717	1613.0079405460044	28	APPRECIATED
1613.0079405460044	1623.3245625	99999	sp
1623.3245625	1623.497826581226	434	THE
1623.497826581226	1624.1071800548618	111	CRANBERRY
1624.1071800548618	1624.6539872440271	57	BOG
1624.6539872440271	1624.8652697606985	178	GETS
1624.8652697606985	1625.312111917115	465	VERY
1625.312111917115	1625.6570842313868	340	PRETTY
1625.6570842313868	1625.8395724282732	217	IN
1625.8395724282732	1626.4095724282733	40	AUTUMN
1626.4095724282733	1633.4971875	99999	sp
1633.4971875	1633.8071875	210	HOW
1633.8071875	1634.0444149268274	128	DO
1634.0444149268274	1634.6145887932867	318	OYSTERS
1634.6145887932867	1634.910450834361	253	MAKE
1634.910450834361	1635.6471875000002	320	PEARLS
1635.6471875000002	1644.3613125	99999	sp
1644.3613125	1644.5787989541768	257	MAY
1644.5787989541768	1644.6297867491971	211	I
1644.6297867491971	1644.9785608868185	304	ORDER
1644.9785608868185	1645.0909371600644	1	A
1645.0909371600644	1645.5974264279384	319	PARFAIT
1645.5974264279384	1646.0706009523963	10	AFTER
1646.0706009523963	1646.24051012394	211	I
1646.24051012394	1646.5221925160758	134	EAT
1646.5221925160758	1646.9085608868186	124	DINNER
1646.9085608868186	1653.5326875	99999	sp
1653.5326875	1653.6670409089068	224	IS
1653.6670409089068	1653.9208496210028	375	SHE
1653.9208496210028	1654.3790670862109	187	GOING
1654.3790670862109	1654.6219754626486	487	WITH
1654.6219754626486	1654.9370409089067	495	YOU
1654.9370409089067	1663.855375	99999	sp
1663.855375	1664.0899209933793	76	CAN
1664.0899209933793	1664.186934160615	434	THE
1664.186934160615	1664.8957413276253	11	AGENCY
1664.8957413276253	1665.7999209933794	315	OVERTHROW
1665.7999209933794	1665.8861916566107	99999	sp
1665.8861916566107	1666.3759128611455	13	ALIEN
1666.3759128611455	1667.2399209933794	162	FORCES
1667.2399209933794	1676.1404695303997	99999	sp
1676.1404695303997	1676.2517204965884	1	A
1676.2517204965884	1677.1383514863564	371	SCREWDRIVER
1677.1383514863564	1677.2993407280405	224	IS
1677.2993407280405	1677.587898720098	252	MADE
1677.587898720098	1677.9037471377428	166	FROM
1677.9037471377428	1678.4902979520734	469	VODKA
1678.4902979520734	1678.8458180196344	20	AND
1678.8458180196344	1679.3537471377429	303	ORANGE
1679.3537471377429	1679.933747137743	230	JUICE
1679.933747137743	1687.7855	99999	sp
1687.7855	1687.9983155072357	210	HOW
1687.9983155072357	1688.2747545528366	269	MUCH
1688.2747545528366	1689.0816546882868	16	ALLOWANCE
1689.0816546882868	1689.2026188949017	128	DO
1689.2026188949017	1689.484274471753	495	YOU
1689.484274471753	1689.8926188949017	177	GET
1689.8926188949017	1697.05575	99999	sp
1697.05575	1697.6865424474854	115	CYCLICAL
1697.6865424474854	1698.3620631862111	346	PROGRAMS
1698.3620631862111	1698.50575	485	WILL
1698.50575	1698.82575	281	NEVER
1698.82575	1699.6857499999999	100	COMPILE
1699.6857499999999	1707.680125	99999	sp
1707.680125	1707.8481958798814	434	THE
1707.8481958798814	1708.2850101168253	61	BOSTON
1708.2850101168253	1708.7956013801913	45	BALLET
1708.7956013801913	1709.5050101168254	312	OVERCAME
1709.5050101168254	1709.6655545666517	435	THEIR
1709.6655545666517	1710.2150101168254	170	FUNDING
1710.2150101168254	1711.0750101168253	380	SHORTAGE
1711.0750101168253	1718.1078125	99999	sp
1718.1078125	1718.5466734874685	145	EVERY
1718.5466734874685	1718.9149567144332	74	CAB
1718.9149567144332	1719.2934772598655	280	NEEDS
1719.2934772598655	1719.994956714433	364	REPAINTING
1719.994956714433	1720.674956714433	296	OFTEN
1720.674956714433	1728.572125	99999	sp
1728.572125	1728.9805422655734	203	HELP
1728.9805422655734	1729.4016089449171	196	GREG
1729.4016089449171	1729.5812099991174	446	TO
1729.5812099991174	1729.9054652742238	325	PICK
1729.9054652742238	1730.1063557671825	1	A
1730.1063557671825	1730.4005422655732	321	PECK
1730.4005422655732	1730.5686444921644	294	OF
1730.5686444921644	1731.4505422655732	338	POTATOES
1731.4505422655732	1739.3665625	99999	sp
1739.3665625	1739.5379381443736	476	WE
1739.5379381443736	1739.8992957881221	241	LIKE
1739.8992957881221	1740.1206757789287	55	BLUE
1740.1206757789287	1740.6393394669897	88	CHEESE
1740.6393394669897	1740.7234306386097	99999	sp
1740.7234306386097	1740.8619472762364	70	BUT
1740.8619472762364	1741.2630340691387	466	VICTOR
1741.2630340691387	1741.6793394669896	242	LIKES
1741.6793394669896	1741.783464202587	99999	sp
1741.783464202587	1742.1393394669897	64	BRIE
1742.1393394669897	1751.0851875	99999	sp
1751.0851875	1751.4049940754762	108	COUNT
1751.4049940754762	1751.4957731418947	434	THE
1751.4957731418947	1751.9057731418948	289	NUMBER
1751.9057731418948	1752.0700172061026	294	OF
1752.0700172061026	1752.710896249124	429	TEASPOONS
1752.710896249124	1752.8857731418946	294	OF
1752.8857731418946	1753.8174462143836	395	SOYSAUCE
1753.8174462143836	1754.0829602303472	433	THAT
1754.0829602303472	1754.3644703568536	495	YOU
1754.3644703568536	1754.7157731418947	7	ADD
1754.7157731418947	1764.539375	99999	sp
1764.539375	1765.1405248938677	44	BAGPIPES
1765.1405248938677	1765.3378861290882	20	AND
1765.3378861290882	1766.0668959478185	59	BONGOS
1766.0668959478185	1766.1891722340245	30	ARE
1766.1891722340245	1766.8203703094186	273	MUSICAL
1766.8203703094186	1767.677447660713	220	INSTRUMENTS
1767.677447660713	1774.5490625	99999	sp
1774.5490625	1774.7976103928693	210	HOW
1774.7976103928693	1775.2336426388008	189	GOOD
1775.2336426388008	1775.4286237438318	224	IS
1775.4286237438318	1775.6184744752675	496	YOUR
1775.6184744752675	1776.4184744752674	138	ENDURANCE
1776.4184744752674	1793.983875	99999	sp
2402.094125	2402.354125	375	SHE
2402.354125	2402.624125	490	WORE
2402.624125	2403.074125	471	WARM
2403.074125	2403.756740767264	158	FLEECY
2403.756740767264	2404.212998119123	489	WOOLEN
2404.212998119123	2405.164125	311	OVERALLS
2405.164125	2413.6041875	99999	sp
2413.6041875	2413.9260331186306	354	READING
2413.9260331186306	2414.1293270991587	217	IN
2414.1293270991587	2414.472441876472	335	POOR
2414.472441876472	2414.876033118631	240	LIGHT
2414.876033118631	2415.003845959143	99999	sp
2415.003845959143	2415.2730736963595	181	GIVES
2415.2730736963595	2415.416033118631	495	YOU
2415.416033118631	2416.3160331186305	150	EYESTRAIN
2416.3160331186305	2424.1541875	99999	sp
2424.1541875	2424.528368422911	142	EVEN
2424.528368422911	2424.8693544745115	211	I
2424.8693544745115	2425.6686317868084	293	OCCASIONALLY
2425.6686317868084	2425.9701414985557	177	GET
2425.9701414985557	2426.050471768542	434	THE
2426.050471768542	2426.5060238380574	265	MONDAY
2426.5060238380574	2427.3104717685424	56	BLUES
2427.3104717685424	2435.7334987505164	99999	sp
2435.7334987505164	2435.862408641641	30	ARE
2435.862408641641	2436.2128436199814	476	WE
2436.2128436199814	2437.294773701094	99999	sp
2437.294773701094	2437.4624706391064	476	WE
2437.4624706391064	2437.6528436199815	30	ARE
2437.6528436199815	2438.0629706811706	301	OPEN
2438.0629706811706	2438.5399661723436	145	EVERY
2438.5399661723436	2438.9986579804768	265	MONDAY
2438.9986579804768	2439.6003398814114	143	EVENING
2439.6003398814114	2447.866875	99999	sp
2447.866875	2448.142188283855	226	IT'S
2448.142188283855	2448.378638682229	285	NOT
2448.378638682229	2448.8805957940795	133	EASY
2448.8805957940795	2449.0868151117916	446	TO
2449.0868151117916	2449.684717940582	113	CREATE
2449.684717940582	2450.483034199413	215	ILLUMINATING
2450.483034199413	2451.4568750000003	146	EXAMPLES
2451.4568750000003	2460.6415625	99999	sp
2460.6415625	2460.9964550291497	270	MUM
2460.9964550291497	2461.7010091256648	407	STRONGLY
2461.7010091256648	2462.3064550291497	126	DISLIKES
2462.3064550291497	2463.3764550291494	27	APPETIZERS
2463.3764550291494	2472.096375	99999	sp
2472.096375	2472.406532962421	443	THOSE
2472.406532962421	2472.586149938762	484	WHO
2472.586149938762	2472.870581688121	427	TEACH
2472.870581688121	2473.757496433288	462	VALUES
2473.757496433288	2474.156532962421	156	FIRST
2474.156532962421	2474.866532962421	4	ABOLISH
2474.866532962421	2474.92980398128	99999	sp
2474.92980398128	2475.563479111215	87	CHEATING
2475.563479111215	2484.6581875	99999	sp
2484.6581875	2484.8403920638766	434	THE
2484.8403920638766	2485.2928129787883	165	FRIGHTENED
2485.2928129787883	2485.82423056448	89	CHILD
2485.82423056448	2486.18109807059	472	WAS
2486.18109807059	2486.593439553115	176	GENTLY
2486.593439553115	2487.310946167025	410	SUBDUED
2487.310946167025	2487.45109807059	73	BY
2487.45109807059	2487.818777106671	208	HIS
2487.818777106671	2488.10109807059	52	BIG
2488.10109807059	2488.18636803207	99999	sp
2488.18636803207	2488.65109807059	66	BROTHER
2488.65109807059	2497.07575	99999	sp
2497.07575	2497.3660824539047	142	EVEN
2497.3660824539047	2497.4247674716767	1	A
2497.4247674716767	2497.834070476323	383	SIMPLE
2497.834070476323	2498.843457980383	468	VOCABULARY
2498.843457980383	2499.5647674716765	104	CONTAINS
2499.5647674716765	2500.3647674716767	422	SYMBOLS
2500.3647674716767	2511.61525	99999	sp
2511.61525	2511.823716938643	1	A
2511.823716938643	2512.1993443876117	110	CRAB
2512.1993443876117	2512.7999364481434	85	CHALLENGED
2512.7999364481434	2513.124492766949	258	ME
2513.124492766949	2513.218343728238	70	BUT
2513.218343728238	2513.398019018965	1	A
2513.398019018965	2513.6725101534066	350	QUICK
2513.6725101534066	2514.3359649604404	402	STAB
2514.3359649604404	2515.0025101534065	464	VANQUISHED
2515.0025101534065	2515.3025101534063	207	HIM
2515.3025101534063	2525.745875	99999	sp
2525.745875	2526.298267893944	183	GLUCOSE
2526.298267893944	2526.4309914833775	20	AND
2526.4309914833775	2527.0671551060123	167	FRUCTOSE
2527.0671551060123	2527.2482678939436	30	ARE
2527.2482678939436	2527.711595877965	276	NATURAL
2527.711595877965	2528.3789579446475	414	SUGARS
2528.3789579446475	2528.7117874060577	163	FOUND
2528.7117874060577	2528.919251843945	217	IN
2528.919251843945	2529.428267893944	168	FRUIT
2529.428267893944	2535.7505	99999	sp
2535.7505	2535.929126340114	30	ARE
2535.929126340114	2536.0791263401143	495	YOU
2536.0791263401143	2536.4092594003528	250	LOOKING
2536.4092594003528	2536.669126340114	161	FOR
2536.669126340114	2537.439126340114	136	EMPLOYMENT
2537.439126340114	2547.0370625	99999	sp
2547.0370625	2547.3548927984157	98	COFFEE
2547.3548927984157	2547.6275874331513	224	IS
2547.6275874331513	2547.933808298635	198	GROWN
2547.933808298635	2548.1940003002264	297	ON
2548.1940003002264	2548.8650206543457	404	STEEP
2548.8650206543457	2549.2340003002264	231	JUNGLE
2549.2340003002264	2549.5940003002265	241	LIKE
2549.5940003002265	2550.1940003002264	390	SLOPES
2550.1940003002264	2550.4251814267345	217	IN
2550.4251814267345	2550.997430805033	431	TEMPERATE
2550.997430805033	2551.7740003002264	497	ZONES
2551.7740003002264	2559.787	99999	sp
2559.787	2559.907361769814	476	WE
2559.907361769814	2560.347797105139	480	WELCOME
2560.347797105139	2560.721219122312	256	MANY
2560.721219122312	2560.967203211133	282	NEW
2560.967203211133	2561.84078603566	408	STUDENTS
2561.84078603566	2562.207797105139	132	EACH
2562.207797105139	2562.747797105139	491	YEAR
2562.747797105139	2570.4703125	99999	sp
2570.4703125	2570.770058202527	298	ONLY
2570.770058202527	2570.9216691368038	434	THE
2570.9216691368038	2571.2893367305333	51	BEST
2571.2893367305333	2571.790058202527	330	PLAYERS
2571.790058202527	2572.257621418531	139	ENJOY
2572.257621418531	2573.210058202527	336	POPULARITY
2573.210058202527	2581.4926875	99999	sp
2581.4926875	2582.0382371815326	75	CALCIUM
2582.0382371815326	2582.388237181533	254	MAKES
2582.388237181533	2582.4651344846943	99999	sp
2582.4651344846943	2582.9382371815327	58	BONES
2582.9382371815327	2583.178237181533	20	AND
2583.178237181533	2583.236547256626	99999	sp
2583.236547256626	2583.7082371815327	430	TEETH
2583.7082371815327	2584.528237181533	406	STRONG
2584.528237181533	2591.7615	99999	sp
2591.7615	2592.2744808738403	286	NOTHING
2592.2744808738403	2592.4273199063755	224	IS
2592.4273199063755	2592.577319906375	34	AS
2592.577319906375	2593.2173199063755	295	OFFENSIVE
2593.2173199063755	2593.6273199063753	34	AS
2593.6273199063753	2594.3173199063754	219	INNOCENCE
2594.3173199063754	2602.0510625	99999	sp
2602.0510625	2602.6736239836473	405	STEVE
2602.6736239836473	2602.9119629803904	490	WORE
2602.9119629803904	2602.9611449369895	1	A
2602.9611449369895	2603.506560144472	65	BRIGHT
2603.506560144472	2603.990360783517	356	RED
2603.990360783517	2604.5105680636225	78	CASHMERE
2604.5105680636225	2605.070568063623	420	SWEATER
2605.070568063623	2613.386375	99999	sp
2613.386375	2613.82637295895	46	BARB'S
2613.82637295895	2614.1130115497517	188	GOLD
2614.1130115497517	2614.7444715074867	63	BRACELET
2614.7444715074867	2614.9044715074865	472	WAS
2614.9044715074865	2615.0434149679513	1	A
2615.0434149679513	2615.8883127461418	193	GRADUATION
2615.8883127461418	2616.5144715074866	339	PRESENT
2616.5144715074866	2625.5415	99999	sp
2625.5415	2625.9726586540737	130	DRAW
2625.9726586540737	2626.3626586540736	145	EVERY
2626.3626586540736	2626.688131485051	308	OUTER
2626.688131485051	2626.9882682549232	244	LINE
2626.9882682549232	2627.6826586540737	156	FIRST
2627.6826586540737	2628.018241708994	436	THEN
2628.018241708994	2628.343840200892	154	FILL
2628.343840200892	2628.6870467925646	217	IN
2628.6870467925646	2628.7726586540734	434	THE
2628.7726586540734	2629.4326586540737	222	INTERIOR
2629.4326586540737	2642.1096875	99999	sp
2642.1096875	2642.2118937535565	434	THE
2642.2118937535565	2642.536187279879	475	WATER
2642.536187279879	2643.2714683691725	103	CONTAINED
2643.2714683691725	2643.457437642561	448	TOO
2643.457437642561	2643.770546954529	269	MUCH
2643.770546954529	2644.3882067212653	90	CHLORINE
2644.3882067212653	2644.6953436620183	20	AND
2644.6953436620183	2645.2153436620183	409	STUNG
2645.2153436620183	2645.4653436620183	208	HIS
2645.4653436620183	2646.1853436620186	149	EYES
2646.1853436620186	2654.1535	99999	sp
2654.1535	2654.635375188616	229	JOHN'S
2654.635375188616	2654.9872098523088	66	BROTHER
2654.9872098523088	2655.5841761329775	363	REPAINTED
2655.5841761329775	2655.7298051128437	434	THE
2655.7298051128437	2656.4251173019015	173	GARAGE
2656.4251173019015	2656.8772098523086	129	DOOR
2656.8772098523086	2666.5168125	99999	sp
2666.5168125	2667.04290391185	84	CHALLENGE
2667.04290391185	2667.5139583715436	132	EACH
2667.5139583715436	2668.0285662948077	175	GENERAL'S
2668.0285662948077	2668.95290391185	221	INTELLIGENCE
2668.95290391185	2676.8781875	99999	sp
2676.8781875	2677.91158849361	17	AMBIDEXTROUS
2677.91158849361	2678.6108115843713	327	PICKPOCKETS
2678.6108115843713	2679.2363303015786	6	ACCOMPLISH
2679.2363303015786	2679.682540294853	267	MORE
2679.682540294853	2687.265875	99999	sp
2687.265875	2687.377085849452	1	A
2687.377085849452	2687.9717629118113	271	MUSCULAR
2687.9717629118113	2688.577085849452	2	ABDOMEN
2688.577085849452	2688.8932418123086	224	IS
2688.8932418123086	2689.085358830272	189	GOOD
2689.085358830272	2689.143762403733	99999	sp
2689.143762403733	2689.3170858494523	161	FOR
2689.3170858494523	2689.457085849452	496	YOUR
2689.457085849452	2690.017085849452	43	BACK
2690.017085849452	2699.703875	99999	sp
2699.703875	2699.8878021465166	438	THEY
2699.8878021465166	2700.058907249197	317	OWN
2700.058907249197	2700.1468782698926	1	A
2700.1468782698926	2700.4683950230874	52	BIG
2700.4683950230874	2701.0278021465165	209	HOUSE
2701.0278021465165	2701.2378021465165	217	IN
2701.2378021465165	2701.3222173189806	434	THE
2701.3222173189806	2701.8079891160187	361	REMOTE
2701.8079891160187	2702.7278021465168	109	COUNTRYSIDE
2702.7278021465168	2710.7106875	99999	sp
2710.7106875	2710.8376978201686	434	THE
2710.8376978201686	2711.187697820169	369	ROSE
2711.187697820169	2711.2370881292204	99999	sp
2711.2370881292204	2711.997697820169	106	CORSAGE
2711.997697820169	2712.1618837331025	99999	sp
2712.1618837331025	2712.692706607719	393	SMELLED
2712.692706607719	2713.2376978201687	421	SWEET
2713.2376978201687	2720.15725	99999	sp
2720.15725	2720.397759952266	433	THAT
2720.397759952266	2720.9926532588943	326	PICKPOCKET
2720.9926532588943	2721.2346599494635	472	WAS
2721.2346599494635	2721.605664531604	80	CAUGHT
2721.605664531604	2721.8446452588805	356	RED
2721.8446452588805	2722.345664531604	199	HANDED
2722.345664531604	2731.5256875	99999	sp
2731.5256875	2731.668806864433	19	AN
2731.668806864433	2732.066943429065	9	ADULT
2732.066943429065	2732.376722096395	255	MALE
2732.376722096395	2733.088806864433	42	BABOON'S
2733.088806864433	2733.1597073438916	99999	sp
2733.1597073438916	2733.458806864433	430	TEETH
2733.458806864433	2733.6388068644333	30	ARE
2733.6388068644333	2733.938806864433	285	NOT
2733.938806864433	2734.4000192703693	415	SUITABLE
2734.4000192703693	2734.538806864433	161	FOR
2734.538806864433	2734.918806864433	135	EATING
2734.918806864433	2735.678806864433	376	SHELLFISH
2735.678806864433	2744.2410625	99999	sp
2744.2410625	2744.5043303832335	204	HER
2744.5043303832335	2744.9899544492932	470	WARDROBE
2744.9899544492932	2745.5999544492934	102	CONSISTS
2745.5999544492934	2745.8099544492934	294	OF
2745.8099544492934	2746.1084127745576	298	ONLY
2746.1084127745576	2746.649954449293	385	SKIRTS
2746.649954449293	2746.919954449293	20	AND
2746.919954449293	2747.6799544492933	54	BLOUSES
2747.6799544492933	2755.121875	99999	sp
2755.121875	2755.256870908691	434	THE
2755.256870908691	2755.4734337423647	453	TWO
2755.4734337423647	2756.07963630669	33	ARTISTS
2756.07963630669	2756.8452207950163	147	EXCHANGED
2756.8452207950163	2757.7234337423647	39	AUTOGRAPHS
2757.7234337423647	2766.018375	99999	sp
2766.018375	2766.6944881516874	71	BUTTERSCOTCH
2766.6944881516874	2767.143094075141	169	FUDGE
2767.143094075141	2767.2445831464065	99999	sp
2767.2445831464065	2767.523660582454	186	GOES
2767.523660582454	2767.873094075141	481	WELL
2767.873094075141	2768.0673023157165	487	WITH
2768.0673023157165	2768.604497486967	463	VANILLA
2768.604497486967	2768.9863862610096	212	ICE
2768.9863862610096	2769.413094075141	112	CREAM
2769.413094075141	2777.009875	99999	sp
2777.009875	2777.3976777007874	366	RICH
2777.3976777007874	2777.8432385867573	349	PURCHASED
2777.8432385867573	2778.2960967376102	374	SEVERAL
2778.2960967376102	2778.804234812069	382	SIGNED
2778.804234812069	2778.8626813165984	88888	UH
2778.8626813165984	2779.893238586757	245	LITHOGRAPHS
2779.893238586757	2788.580756032822	99999	sp
2788.580756032822	2788.933503962812	24	ANY
2788.933503962812	2789.8403218874014	105	CONTRIBUTIONS
2789.8403218874014	2789.9246296771203	485	WILL
2789.9246296771203	2790.082587782849	47	BE
2790.082587782849	2790.522587782849	195	GREATLY
2790.522587782849	2791.3925877828488	28	APPRECIATED
2791.3925877828488	2799.7054375	99999	sp
2799.7054375	2799.8414678600984	434	THE
2799.8414678600984	2800.406910120736	111	CRANBERRY
2800.406910120736	2800.998746301831	57	BOG
2800.998746301831	2801.224160517123	178	GETS
2801.224160517123	2801.7062628252625	465	VERY
2801.7062628252625	2802.1243882176973	340	PRETTY
2802.1243882176973	2802.2641605171234	217	IN
2802.2641605171234	2802.794160517123	40	AUTUMN
2802.794160517123	2812.9365	99999	sp
2812.9365	2813.147010861446	210	HOW
2813.147010861446	2813.3439052814424	128	DO
2813.3439052814424	2813.865952579051	318	OYSTERS
2813.865952579051	2814.1122203517557	253	MAKE
2814.1122203517557	2814.813905281442	320	PEARLS
2814.813905281442	2822.3961875	99999	sp
2822.3961875	2822.6029149757687	257	MAY
2822.6029149757687	2822.6649820602247	211	I
2822.6649820602247	2823.0087743474996	304	ORDER
2823.0087743474996	2823.1189434224084	1	A
2823.1189434224084	2823.6887194648575	319	PARFAIT
2823.6887194648575	2824.142553188558	10	AFTER
2824.142553188558	2824.329896760275	211	I
2824.329896760275	2824.6002121784845	134	EAT
2824.6002121784845	2825.0287194648577	124	DINNER
2825.0287194648577	2831.360125	99999	sp
2831.360125	2831.551181886575	224	IS
2831.551181886575	2831.7111818865746	375	SHE
2831.7111818865746	2832.107421673935	187	GOING
2832.107421673935	2832.321181886575	487	WITH
2832.321181886575	2832.6511818865747	495	YOU
2832.6511818865747	2840.746875	99999	sp
2840.746875	2840.9638709245346	76	CAN
2840.9638709245346	2841.1238709245345	434	THE
2841.1238709245345	2841.7338709245346	11	AGENCY
2841.7338709245346	2842.4838709245346	315	OVERTHROW
2842.4838709245346	2842.5556159642774	99999	sp
2842.5556159642774	2843.0233333860233	13	ALIEN
2843.0233333860233	2843.9138709245344	162	FORCES
2843.9138709245344	2852.735661788438	99999	sp
2852.735661788438	2852.847899766162	1	A
2852.847899766162	2853.696712421735	371	SCREWDRIVER
2853.696712421735	2853.8767124217347	224	IS
2853.8767124217347	2854.099359514675	252	MADE
2854.099359514675	2854.4167124217347	166	FROM
2854.4167124217347	2855.0262788933405	469	VODKA
2855.0262788933405	2855.326712421735	20	AND
2855.326712421735	2855.8430928460243	303	ORANGE
2855.8430928460243	2855.9463751810335	88888	UH
2855.9463751810335	2856.576712421735	230	JUICE
2856.576712421735	2863.579125	99999	sp
2863.579125	2863.774119090332	210	HOW
2863.774119090332	2864.037904199269	269	MUCH
2864.037904199269	2864.7893453782785	16	ALLOWANCE
2864.7893453782785	2864.9191175663323	128	DO
2864.9191175663323	2865.171057947681	495	YOU
2865.171057947681	2865.479117566332	177	GET
2865.479117566332	2875.9593125	99999	sp
2875.9593125	2876.5175229214	115	CYCLICAL
2876.5175229214	2877.1793125	346	PROGRAMS
2877.1793125	2877.3041903870762	485	WILL
2877.3041903870762	2877.6421149762955	281	NEVER
2877.6421149762955	2878.3593124999998	100	COMPILE
2878.3593124999998	2886.5075	99999	sp
2886.5075	2886.5704233205497	434	THE
2886.5704233205497	2887.0292945394795	61	BOSTON
2887.0292945394795	2887.5592945394797	45	BALLET
2887.5592945394797	2888.2492945394797	312	OVERCAME
2888.2492945394797	2888.4092945394796	435	THEIR
2888.4092945394796	2888.8892945394796	170	FUNDING
2888.8892945394796	2889.6292945394794	380	SHORTAGE
2889.6292945394794	2897.2389375	99999	sp
2897.2389375	2897.6298435550098	145	EVERY
2897.6298435550098	2898.086806311034	74	CAB
2898.086806311034	2898.4368063110333	280	NEEDS
2898.4368063110333	2899.1633212880433	364	REPAINTING
2899.1633212880433	2899.9268063110335	296	OFTEN
2899.9268063110335	2907.6755	99999	sp
2907.6755	2907.9571487813773	203	HELP
2907.9571487813773	2908.0401441211775	99999	sp
2908.0401441211775	2908.4182736292246	196	GREG
2908.4182736292246	2908.6013782278137	446	TO
2908.6013782278137	2908.887148781377	325	PICK
2908.887148781377	2909.099534918268	1	A
2909.099534918268	2909.453610081366	321	PECK
2909.453610081366	2909.647939549807	294	OF
2909.647939549807	2910.5871487813774	338	POTATOES
2910.5871487813774	2919.2690625	99999	sp
2919.2690625	2919.4830928062747	476	WE
2919.4830928062747	2919.83068385639	241	LIKE
2919.83068385639	2920.050890019583	55	BLUE
2920.050890019583	2920.6030928062746	88	CHEESE
2920.6030928062746	2920.660543018055	99999	sp
2920.660543018055	2920.8130928062747	70	BUT
2920.8130928062747	2921.2530928062747	466	VICTOR
2921.2530928062747	2921.6430928062746	242	LIKES
2921.6430928062746	2921.713542191942	99999	sp
2921.713542191942	2922.0630928062747	64	BRIE
2922.0630928062747	2930.9818125	99999	sp
2930.9818125	2931.264217734274	108	COUNT
2931.264217734274	2931.348725848314	434	THE
2931.348725848314	2931.762663868708	289	NUMBER
2931.762663868708	2931.9846186716104	294	OF
2931.9846186716104	2932.672557666114	429	TEASPOONS
2932.672557666114	2932.852663868708	294	OF
2932.852663868708	2933.732663868708	395	SOYSAUCE
2933.732663868708	2933.7996433921494	99999	sp
2933.7996433921494	2934.0426638687077	433	THAT
2934.0426638687077	2934.322663868708	495	YOU
2934.322663868708	2935.0026638687077	7	ADD
2935.0026638687077	2943.1485	99999	sp
2943.1485	2943.7680896758893	44	BAGPIPES
2943.7680896758893	2943.9180896758894	20	AND
2943.9180896758894	2944.573052143972	59	BONGOS
2944.573052143972	2944.7693118291586	30	ARE
2944.7693118291586	2945.3980896758894	273	MUSICAL
2945.3980896758894	2946.3180896758895	220	INSTRUMENTS
2946.3180896758895	2955.9769375	99999	sp
2955.9769375	2956.34054716977	210	HOW
2956.34054716977	2956.6447288117374	189	GOOD
2956.6447288117374	2956.8355850964385	224	IS
2956.8355850964385	2957.0462941408186	496	YOUR
2957.0462941408186	2957.8062941408184	138	ENDURANCE
2957.8062941408184	2973.247	99999	sp