12.478059470720583	12.632	30	ARE
12.632	12.752	495	YOUR
12.752	13.122	192	GRADES
13.122	13.643202892507386	206	HIGHER
13.643202892507386	13.745511028861516	99999	sp
13.745511028861516	13.881534346514169	301	OR
13.881534346514169	14.282	250	LOWER
14.282	14.472	431	THAN
14.472	15.292	274	NANCY'S
15.292	19.733084842639713	99999	sp
19.733084842639713	20.052	374	SHE
20.052	20.307405517173127	489	WORE
20.307405517173127	20.792	470	WARM
20.792	21.442	158	FLEECY
21.442	21.89495021681364	488	WOOLEN
21.89495021681364	22.872	310	OVERALLS
22.872	31.172	99999	sp
31.172	31.522	353	READING
31.522	31.713819220954445	217	IN
31.713819220954445	32.012	334	POOR
32.012	32.452	239	LIGHT
32.452	32.567813954250056	99999	sp
32.567813954250056	32.82433329955679	181	GIVES
32.82433329955679	32.93161864325784	494	YOU
32.93161864325784	33.732	150	EYESTRAIN
33.732	41.72925085047719	99999	sp
41.72925085047719	42.088297950753216	142	EVEN
42.088297950753216	42.33204047043164	211	I
42.33204047043164	42.972	292	OCCASIONALLY
42.972	43.20188025165709	177	GET
43.20188025165709	43.27217859671056	433	THE
43.27217859671056	43.65192726653203	264	MONDAY
43.65192726653203	44.422	56	BLUES
44.422	52.90848186587248	99999	sp
52.90848186587248	53.062	475	WE
53.062	53.22029531579511	30	ARE
53.22029531579511	53.622	300	OPEN
53.622	53.68897542762499	99999	sp
53.68897542762499	54.112	145	EVERY
54.112	54.6922623470392	264	MONDAY
54.6922623470392	55.212	143	EVENING
55.212	63.48426089169609	99999	sp
63.48426089169609	63.712	226	IT'S
63.712	64.01281152917211	284	NOT
64.01281152917211	64.44303925336091	133	EASY
64.44303925336091	64.65872785371583	445	TO
64.65872785371583	65.15362578828032	113	CREATE
65.15362578828032	66.07559956590318	215	ILLUMINATING
66.07559956590318	66.932	146	EXAMPLES
66.932	75.78058397419433	99999	sp
75.78058397419433	76.15149143285737	269	MUM
76.15149143285737	76.792	406	STRONGLY
76.792	77.402	126	DISLIKES
77.402	78.312	27	APPETIZERS
78.312	86.70947805074408	99999	sp
86.70947805074408	86.992	442	THOSE
86.992	87.15003882455255	483	WHO
87.15003882455255	87.442	426	TEACH
87.442	88.082	461	VALUES
88.082	88.472	156	FIRST
88.472	89.09374307896934	4	ABOLISH
89.09374307896934	89.572	87	CHEATING
89.572	98.56228413741357	99999	sp
98.56228413741357	98.632	433	THE
98.632	99.22339736841903	165	FRIGHTENED
99.22339736841903	99.90422900078802	89	CHILD
99.90422900078802	100.20246275017288	471	WAS
100.20246275017288	100.60124807423968	176	GENTLY
100.60124807423968	101.262	409	SUBDUED
101.262	101.492	73	BY
101.492	101.762	208	HIS
101.762	101.83829419177326	99999	sp
101.83829419177326	102.082	52	BIG
102.082	102.1965941259145	99999	sp
102.1965941259145	102.602	66	BROTHER
102.602	113.10637513703637	99999	sp
113.10637513703637	113.41033179088659	142	EVEN
113.41033179088659	113.49116496420498	1	A
113.49116496420498	113.93736611176126	382	SIMPLE
113.93736611176126	114.92936616414487	467	VOCABULARY
114.92936616414487	115.652	104	CONTAINS
115.652	116.572	421	SYMBOLS
116.572	125.50055340341909	99999	sp
125.50055340341909	125.67453684567987	1	A
125.67453684567987	126.09893465654572	110	CRAB
126.09893465654572	126.712	85	CHALLENGED
126.712	126.972	257	ME
126.972	127.19202430466163	99999	sp
127.19202430466163	127.25830560142631	70	BUT
127.25830560142631	127.40894491225518	1	A
127.40894491225518	127.712	349	QUICK
127.712	128.232	401	STAB
128.232	128.872	463	VANQUISHED
128.872	129.152	207	HIM
129.152	138.692	99999	sp
138.692	139.2057018624566	183	GLUCOSE
139.2057018624566	139.3503156008523	20	AND
139.3503156008523	140.04416443456842	167	FRUCTOSE
140.04416443456842	140.212	30	ARE
140.212	140.66427261320297	275	NATURAL
140.66427261320297	141.22880550430784	413	SUGARS
141.22880550430784	141.66209645937445	163	FOUND
141.66209645937445	141.79419132350094	217	IN
141.79419132350094	142.192	168	FRUIT
142.192	151.56697946469316	99999	sp
151.56697946469316	151.702	30	ARE
151.702	151.882	494	YOU
151.882	152.202	249	LOOKING
152.202	152.472	161	FOR
152.472	153.212	136	EMPLOYMENT
153.212	160.42697740136097	99999	sp
160.42697740136097	160.95801653145435	98	COFFEE
160.95801653145435	161.172	224	IS
161.172	161.2351103326619	99999	sp
161.2351103326619	161.67205761547214	198	GROWN
161.67205761547214	161.872	296	ON
161.872	162.46392057497283	403	STEEP
162.46392057497283	162.98866206234038	88888	JUNGLE
162.98866206234038	163.352	240	LIKE
163.352	164.0792815764442	389	SLOPES
164.0792815764442	164.27364680858165	217	IN
164.27364680858165	164.742	430	TEMPERATE
164.742	164.80985246348493	99999	sp
164.80985246348493	165.602	496	ZONES
165.602	176.85310762332608	99999	sp
176.85310762332608	177.042	475	WE
177.042	177.512	479	WELCOME
177.512	177.832	255	MANY
177.832	178.092	281	NEW
178.092	178.9693554145849	407	STUDENTS
178.9693554145849	179.362	132	EACH
179.362	179.832	490	YEAR
179.832	188.6741380442313	99999	sp
188.6741380442313	188.98880682685157	297	ONLY
188.98880682685157	189.19436415623204	433	THE
189.19436415623204	189.542	51	BEST
189.542	189.60431709940178	99999	sp
189.60431709940178	190.202	329	PLAYERS
190.202	190.2817125412776	99999	sp
190.2817125412776	190.82586364250588	139	ENJOY
190.82586364250588	191.772	335	POPULARITY
191.772	201.97775897489814	99999	sp
201.97775897489814	202.582	75	CALCIUM
202.582	203.012	253	MAKES
203.012	203.123531860636	99999	sp
203.123531860636	203.65448846001195	58	BONES
203.65448846001195	203.8727664423068	20	AND
203.8727664423068	204.222	429	TEETH
204.222	204.992	405	STRONG
204.992	213.96206070929412	99999	sp
213.96206070929412	214.55710054171522	285	NOTHING
214.55710054171522	214.762	224	IS
214.762	214.98953244915856	34	AS
214.98953244915856	215.70298043631067	294	OFFENSIVE
215.70298043631067	216.01691553877038	34	AS
216.01691553877038	216.832	219	INNOCENCE
216.832	225.022	99999	sp
225.022	225.74215636947642	404	STEVE
225.74215636947642	226.002	489	WORE
226.002	226.042	1	A
226.042	226.64719066725084	65	BRIGHT
226.64719066725084	227.2090455261633	355	RED
227.2090455261633	227.812	78	CASHMERE
227.812	228.352	419	SWEATER
228.352	236.97026249096237	99999	sp
236.97026249096237	237.4802564426661	46	BARB'S
237.4802564426661	237.722	188	GOLD
237.722	237.8612432392612	99999	sp
237.8612432392612	238.562	63	BRACELET
238.562	238.6703299879731	99999	sp
238.6703299879731	238.812	471	WAS
238.812	238.9437032893247	1	A
238.9437032893247	239.69800962601786	193	GRADUATION
239.69800962601786	240.162	338	PRESENT
240.162	249.35558631896149	99999	sp
249.35558631896149	249.75220809311418	130	DRAW
249.75220809311418	250.17650533423338	145	EVERY
250.17650533423338	250.4963944353857	307	OUTER
250.4963944353857	250.8026925605687	243	LINE
250.8026925605687	251.492	156	FIRST
251.492	251.63024164269854	99999	sp
251.63024164269854	252.0209335114358	435	THEN
252.0209335114358	252.3735816408687	154	FILL
252.3735816408687	252.612	217	IN
252.612	252.712	433	THE
252.712	253.352	222	INTERIOR
253.352	263.20473943122244	99999	sp
263.20473943122244	263.342	433	THE
263.342	263.672	474	WATER
263.672	264.432	103	CONTAINED
264.432	264.513590899672	99999	sp
264.513590899672	264.722	447	TOO
264.722	265.13777658237115	268	MUCH
265.13777658237115	265.8571903124644	90	CHLORINE
265.8571903124644	266.052	20	AND
266.052	266.5892371061605	408	STUNG
266.5892371061605	266.822	208	HIS
266.822	267.492	149	EYES
267.492	277.2497064406241	99999	sp
277.2497064406241	277.7942510988294	229	JOHN'S
277.7942510988294	278.2121084293902	66	BROTHER
278.2121084293902	278.9248810992153	362	REPAINTED
278.9248810992153	278.9962104054485	433	THE
278.9962104054485	279.7062483465744	173	GARAGE
279.7062483465744	280.212	129	DOOR
280.212	288.5419109600757	99999	sp
288.5419109600757	289.192	84	CHALLENGE
289.192	289.29337256359685	99999	sp
289.29337256359685	289.712	132	EACH
289.712	289.79142653159846	99999	sp
289.79142653159846	290.369441372937	175	GENERAL'S
290.369441372937	291.282	221	INTELLIGENCE
291.282	298.76407165375275	99999	sp
298.76407165375275	299.8137207705158	17	AMBIDEXTROUS
299.8137207705158	300.502	326	PICKPOCKETS
300.502	301.112	6	ACCOMPLISH
301.112	301.492	266	MORE
301.492	309.6129625591384	99999	sp
309.6129625591384	309.72227509752975	1	A
309.72227509752975	310.37673188071415	270	MUSCULAR
310.37673188071415	310.91817639696285	2	ABDOMEN
310.91817639696285	311.212	224	IS
311.212	311.2854190225358	99999	sp
311.2854190225358	311.4426060839007	189	GOOD
311.4426060839007	311.722	161	FOR
311.722	311.8562043721037	495	YOUR
311.8562043721037	312.342	43	BACK
312.342	320.90735328182024	99999	sp
320.90735328182024	321.092	437	THEY
321.092	321.31397950582664	316	OWN
321.31397950582664	321.422	1	A
321.422	321.81089352395446	52	BIG
321.81089352395446	322.422	209	HOUSE
322.422	322.632	217	IN
322.632	322.722	433	THE
322.722	323.172	360	REMOTE
323.172	323.2460021433946	99999	sp
323.2460021433946	324.1311614540177	109	COUNTRYSIDE
324.1311614540177	333.4939829430606	99999	sp
333.4939829430606	333.6395349642882	433	THE
333.6395349642882	334.12656447214977	368	ROSE
334.12656447214977	334.8801721678026	106	CORSAGE
334.8801721678026	335.4751468714014	392	SMELLED
335.4751468714014	336.062	420	SWEET
336.062	344.2947580646635	99999	sp
344.2947580646635	344.5680394106419	432	THAT
344.5680394106419	345.3213217607461	325	PICKPOCKET
345.3213217607461	345.618366702027	471	WAS
345.618366702027	346.0374962970926	80	CAUGHT
346.0374962970926	346.34966772647664	355	RED
346.34966772647664	346.952	199	HANDED
346.952	355.2307169351575	99999	sp
355.2307169351575	355.2942845525916	19	AN
355.2942845525916	355.8295029355654	9	ADULT
355.8295029355654	356.28944556963825	254	MALE
356.28944556963825	356.992	42	BABOON'S
356.992	357.0666541878193	99999	sp
357.0666541878193	357.48839590651886	429	TEETH
357.48839590651886	357.602	30	ARE
357.602	357.922	284	NOT
357.922	358.47226921579676	414	SUITABLE
358.47226921579676	358.66104361579215	161	FOR
358.66104361579215	359.032	135	EATING
359.032	359.782	375	SHELLFISH
359.782	369.9001163847729	99999	sp
369.9001163847729	370.112	204	HER
370.112	370.6452221624754	469	WARDROBE
370.6452221624754	371.4668138556642	102	CONSISTS
371.4668138556642	371.7123631334619	293	OF
371.7123631334619	371.992	297	ONLY
371.992	372.6946278392765	384	SKIRTS
372.6946278392765	372.8638758611822	20	AND
372.8638758611822	373.682	54	BLOUSES
373.682	382.89169607193224	99999	sp
382.89169607193224	383.0770521152915	433	THE
383.0770521152915	383.457123457472	452	TWO
383.457123457472	383.942	33	ARTISTS
383.942	384.02282508405085	99999	sp
384.02282508405085	384.882	147	EXCHANGED
384.882	384.93854622631346	99999	sp
384.93854622631346	385.872	39	AUTOGRAPHS
385.872	394.10740917919213	99999	sp
394.10740917919213	394.7919287822835	71	BUTTERSCOTCH
394.7919287822835	395.332	169	FUDGE
395.332	395.43442517978207	99999	sp
395.43442517978207	395.712	186	GOES
395.712	396.0687048937796	480	WELL
396.0687048937796	396.3237772583001	486	WITH
396.3237772583001	396.8692676769755	462	VANILLA
396.8692676769755	397.22215706721715	212	ICE
397.22215706721715	397.572	112	CREAM
397.572	406.782	99999	sp
406.782	407.182	365	RICH
407.182	407.258193961468	99999	sp
407.258193961468	407.732	348	PURCHASED
407.732	408.262	373	SEVERAL
408.262	408.80012981359135	381	SIGNED
408.80012981359135	409.892	244	LITHOGRAPHS
409.892	418.30757839172594	99999	sp
418.30757839172594	418.6141287711278	24	ANY
418.6141287711278	419.6226285099252	105	CONTRIBUTIONS
419.6226285099252	419.73907562361234	484	WILL
419.73907562361234	419.965619521873	47	BE
419.965619521873	420.392	195	GREATLY
420.392	421.222	28	APPRECIATED
421.222	429.53458470345976	99999	sp
429.53458470345976	429.70687076940266	433	THE
429.70687076940266	430.50700763219487	111	CRANBERRY
430.50700763219487	431.0927181584813	57	BOG
431.0927181584813	431.3286779134184	178	GETS
431.3286779134184	431.842	464	VERY
431.842	431.89827492154615	99999	sp
431.89827492154615	432.3379289181672	339	PRETTY
432.3379289181672	432.4620151155879	217	IN
432.4620151155879	433.042	40	AUTUMN
433.042	442.3346042008044	99999	sp
442.3346042008044	442.5864983110106	210	HOW
442.5864983110106	442.87413289232046	128	DO
442.87413289232046	443.42183265953304	317	OYSTERS
443.42183265953304	443.7235682219551	252	MAKE
443.7235682219551	444.472	319	PEARLS
444.472	452.47239313774804	99999	sp
452.47239313774804	452.7358491967623	256	MAY
452.7358491967623	452.9081352627052	211	I
452.9081352627052	453.232	303	ORDER
453.232	453.34710558799895	1	A
453.34710558799895	453.9870739466033	318	PARFAIT
453.9870739466033	454.402	10	AFTER
454.402	454.492	211	I
454.492	454.632	134	EAT
454.632	454.73695992689187	99999	sp
454.73695992689187	455.192	124	DINNER
455.192	463.1460220310742	99999	sp
463.1460220310742	463.282	224	IS
463.282	463.5171710316062	374	SHE
463.5171710316062	463.8743251225858	187	GOING
463.8743251225858	464.08938566007316	486	WITH
464.08938566007316	464.432	494	YOU
464.432	471.39414787500266	99999	sp
471.39414787500266	471.612	76	CAN
471.612	471.7877096182976	433	THE
471.7877096182976	472.382	11	AGENCY
472.382	473.1710124783667	314	OVERTHROW
473.1710124783667	473.662	13	ALIEN
473.662	474.522	162	FORCES
474.522	482.84497988980326	99999	sp
482.84497988980326	483.002	1	A
483.002	483.792	370	SCREWDRIVER
483.792	483.95726069845415	224	IS
483.95726069845415	484.192	251	MADE
484.192	484.502	166	FROM
484.502	485.092	468	VODKA
485.092	485.1760682556782	99999	sp
485.1760682556782	485.4223742961325	20	AND
485.4223742961325	485.85242777648267	302	ORANGE
485.85242777648267	486.402	230	JUICE
486.402	495.34323278791237	99999	sp
495.34323278791237	495.542	210	HOW
495.542	495.8282800675447	268	MUCH
495.8282800675447	496.68836418062654	16	ALLOWANCE
496.68836418062654	496.842	128	DO
496.842	497.1061896545872	494	YOU
497.1061896545872	497.552	177	GET
497.552	505.082	99999	sp
505.082	505.732	115	CYCLICAL
505.732	505.8366046730532	99999	sp
505.8366046730532	506.462	345	PROGRAMS
506.462	506.592	484	WILL
506.592	506.93548975259824	280	NEVER
506.93548975259824	507.542	100	COMPILE
507.542	515.5645885766041	99999	sp
515.5645885766041	515.7309991719691	433	THE
515.7309991719691	516.182	61	BOSTON
516.182	516.773204426228	45	BALLET
516.773204426228	517.4643572623276	311	OVERCAME
517.4643572623276	517.5893958304755	434	THEIR
517.5893958304755	518.1115919403287	170	FUNDING
518.1115919403287	518.892	379	SHORTAGE
518.892	527.42962324909	99999	sp
527.42962324909	527.9106796199403	145	EVERY
527.9106796199403	528.4928887087486	74	CAB
528.4928887087486	528.7940792855836	279	NEEDS
528.7940792855836	529.5057428458206	363	REPAINTING
529.5057428458206	530.172	295	OFTEN
530.172	538.2582222476294	99999	sp
538.2582222476294	538.4927163651921	203	HELP
538.4927163651921	538.7068018364331	99999	sp
538.7068018364331	539.1107353897156	196	GREG
539.1107353897156	539.343584396669	445	TO
539.343584396669	539.702	324	PICK
539.702	539.8880503387531	1	A
539.8880503387531	540.192121412499	320	PECK
540.192121412499	540.3663659696481	293	OF
540.3663659696481	541.202	337	POTATOES
541.202	549.0451697050428	99999	sp
549.0451697050428	549.282	475	WE
549.282	549.6316721131562	240	LIKE
549.6316721131562	549.842	55	BLUE
549.842	550.402	88	CHEESE
550.402	550.5501161579522	99999	sp
550.5501161579522	550.6536881295716	70	BUT
550.6536881295716	551.0876749179939	465	VICTOR
551.0876749179939	551.5725848311265	241	LIKES
551.5725848311265	551.932	64	BRIE
551.932	560.5919802804265	99999	sp
560.5919802804265	560.8960513541724	108	COUNT
560.8960513541724	560.982	433	THE
560.982	561.3567324645956	288	NUMBER
561.3567324645956	561.532	293	OF
561.532	561.6109803362224	99999	sp
561.6109803362224	562.3671544682708	428	TEASPOONS
562.3671544682708	562.5073911302482	293	OF
562.5073911302482	563.372	394	SOYSAUCE
563.372	563.4489425889373	99999	sp
563.4489425889373	563.6796862293577	432	THAT
563.6796862293577	563.862	494	YOU
563.862	564.362	7	ADD
564.362	573.6487929455909	99999	sp
573.6487929455909	574.352	44	BAGPIPES
574.352	574.6570344463101	20	AND
574.6570344463101	575.302	59	BONGOS
575.302	575.4834182667369	30	ARE
575.4834182667369	576.127448045872	272	MUSICAL
576.127448045872	577.122	220	INSTRUMENTS
577.122	585.8914051736062	99999	sp
585.8914051736062	586.172	210	HOW
586.172	586.2797011775689	99999	sp
586.2797011775689	586.5628653802412	189	GOOD
586.5628653802412	586.7516798452498	224	IS
586.7516798452498	586.932	495	YOUR
586.932	587.782	138	ENDURANCE
587.782	591.992	99999	sp
591.992	603.6121680896949	99999	sp
1197.5182943279685	1197.676	30	ARE
1197.676	1197.9160787407902	495	YOUR
1197.9160787407902	1198.3005796156028	192	GRADES
1198.3005796156028	1198.9394987436192	206	HIGHER
1198.9394987436192	1199.0974017083374	301	OR
1199.0974017083374	1199.5427413590232	250	LOWER
1199.5427413590232	1199.7959999999998	431	THAN
1199.7959999999998	1200.706	274	NANCY'S
1200.706	1208.751009706267	99999	sp
1208.751009706267	1209.0359999999998	374	SHE
1209.0359999999998	1209.3103836005444	489	WORE
1209.3103836005444	1209.7847009875613	470	WARM
1209.7847009875613	1210.5359999999998	158	FLEECY
1210.5359999999998	1211.0085255629936	488	WOOLEN
1211.0085255629936	1211.936	310	OVERALLS
1211.936	1220.0549280558432	99999	sp
1220.0549280558432	1220.3836526731911	353	READING
1220.3836526731911	1220.556	217	IN
1220.556	1220.5764209586305	99999	sp
1220.5764209586305	1220.9345953044767	334	POOR
1220.9345953044767	1221.366	239	LIGHT
1221.366	1221.479334758931	99999	sp
1221.479334758931	1221.7459999999999	181	GIVES
1221.7459999999999	1221.9218351631175	494	YOU
1221.9218351631175	1222.7259999999999	150	EYESTRAIN
1222.7259999999999	1233.0868944525148	99999	sp
1233.0868944525148	1233.4111551272144	142	EVEN
1233.4111551272144	1233.7759999999998	211	I
1233.7759999999998	1234.473930912547	292	OCCASIONALLY
1234.473930912547	1234.6728048873265	177	GET
1234.6728048873265	1234.7259999999999	433	THE
1234.7259999999999	1235.0923031658351	264	MONDAY
1235.0923031658351	1235.916	56	BLUES
1235.916	1243.791678099446	99999	sp
1243.791678099446	1243.9247889244182	475	WE
1243.9247889244182	1244.1032710393174	30	ARE
1244.1032710393174	1244.4371667372536	300	OPEN
1244.4371667372536	1244.9692864933634	145	EVERY
1244.9692864933634	1245.4384080742886	264	MONDAY
1245.4384080742886	1246.0359999999998	143	EVENING
1246.0359999999998	1253.9389415289504	99999	sp
1253.9389415289504	1254.172818492453	226	IT'S
1254.172818492453	1254.4572703223012	284	NOT
1254.4572703223012	1254.884924356506	133	EASY
1254.884924356506	1255.0939702429837	445	TO
1255.0939702429837	1255.5059999999999	113	CREATE
1255.5059999999999	1256.186407686973	215	ILLUMINATING
1256.186407686973	1257.146	146	EXAMPLES
1257.146	1265.59929499019	99999	sp
1265.59929499019	1265.9542416494626	269	MUM
1265.9542416494626	1266.616	406	STRONGLY
1266.616	1267.3061204119467	126	DISLIKES
1267.3061204119467	1268.2459999999999	27	APPETIZERS
1268.2459999999999	1277.3793116416468	99999	sp
1277.3793116416468	1277.686	442	THOSE
1277.686	1277.8287068199509	483	WHO
1277.8287068199509	1278.0626657302912	426	TEACH
1278.0626657302912	1278.7659999999998	461	VALUES
1278.7659999999998	1279.0911859309972	156	FIRST
1279.0911859309972	1279.7937464889778	4	ABOLISH
1279.7937464889778	1280.3159999999998	87	CHEATING
1280.3159999999998	1288.365099731367	99999	sp
1288.365099731367	1288.436	433	THE
1288.436	1288.9268316951263	165	FRIGHTENED
1288.9268316951263	1289.4147111595667	89	CHILD
1289.4147111595667	1289.8177043662247	471	WAS
1289.8177043662247	1290.196	176	GENTLY
1290.196	1290.9141663518915	409	SUBDUED
1290.9141663518915	1291.0600515840333	73	BY
1291.0600515840333	1291.3987934042548	208	HIS
1291.3987934042548	1291.616	52	BIG
1291.616	1291.6980513379276	99999	sp
1291.6980513379276	1292.126	66	BROTHER
1292.126	1302.688442538468	99999	sp
1302.688442538468	1302.9971405203958	142	EVEN
1302.9971405203958	1303.0734408063613	1	A
1303.0734408063613	1303.5102254711712	382	SIMPLE
1303.5102254711712	1304.4954491738101	467	VOCABULARY
1304.4954491738101	1305.4258382272872	104	CONTAINS
1305.4258382272872	1306.2659999999998	421	SYMBOLS
1306.2659999999998	1315.4186382231599	99999	sp
1315.4186382231599	1315.6089742626061	1	A
1315.6089742626061	1315.9655068617603	110	CRAB
1315.9655068617603	1316.54760737442	85	CHALLENGED
1316.54760737442	1316.8509640262814	257	ME
1316.8509640262814	1316.950071462943	70	BUT
1316.950071462943	1317.1281791685321	1	A
1317.1281791685321	1317.446	349	QUICK
1317.446	1318.103025510722	401	STAB
1318.103025510722	1318.716	463	VANQUISHED
1318.716	1318.9959999999999	207	HIM
1318.9959999999999	1328.227402546135	99999	sp
1328.227402546135	1328.8105754211942	183	GLUCOSE
1328.8105754211942	1328.9576071922465	20	AND
1328.9576071922465	1329.6284977058951	167	FRUCTOSE
1329.6284977058951	1329.8159999999998	30	ARE
1329.8159999999998	1330.2910049930354	275	NATURAL
1330.2910049930354	1330.9668871529434	413	SUGARS
1330.9668871529434	1331.0486679371468	99999	sp
1331.0486679371468	1331.399874746888	163	FOUND
1331.399874746888	1331.6278409960323	217	IN
1331.6278409960323	1332.186	168	FRUIT
1332.186	1345.0752083675475	99999	sp
1345.0752083675475	1345.2259999999999	30	ARE
1345.2259999999999	1345.339771315623	494	YOU
1345.339771315623	1345.6795219211074	249	LOOKING
1345.6795219211074	1345.966	161	FOR
1345.966	1346.5770371700075	136	EMPLOYMENT
1346.5770371700075	1353.5305980030932	99999	sp
1353.5305980030932	1353.8785524007574	98	COFFEE
1353.8785524007574	1354.2256852178139	224	IS
1354.2256852178139	1354.589958897197	198	GROWN
1354.589958897197	1354.846	296	ON
1354.846	1355.6819491698889	403	STEEP
1355.6819491698889	1356.106	88888	JUNGLE
1356.106	1356.3447736450053	240	LIKE
1356.3447736450053	1357.0659999999998	389	SLOPES
1357.0659999999998	1357.3303872976078	217	IN
1357.3303872976078	1357.926	430	TEMPERATE
1357.926	1358.666	496	ZONES
1358.666	1368.9837237717347	99999	sp
1368.9837237717347	1369.1023209553548	475	WE
1369.1023209553548	1369.576	479	WELCOME
1369.576	1369.93180470213	255	MANY
1369.93180470213	1370.155966110082	281	NEW
1370.155966110082	1370.9849871449064	407	STUDENTS
1370.9849871449064	1371.5118863694206	132	EACH
1371.5118863694206	1372.0259999999998	490	YEAR
1372.0259999999998	1380.5851283249694	99999	sp
1380.5851283249694	1380.868336128416	297	ONLY
1380.868336128416	1381.0603230994045	433	THE
1381.0603230994045	1381.4849444220176	51	BEST
1381.4849444220176	1382.0333340088393	329	PLAYERS
1382.0333340088393	1382.5631529168008	139	ENJOY
1382.5631529168008	1383.5159999999998	335	POPULARITY
1383.5159999999998	1391.1369292203321	99999	sp
1391.1369292203321	1391.696	75	CALCIUM
1391.696	1392.1201678482755	253	MAKES
1392.1201678482755	1392.576	58	BONES
1392.576	1392.849632860617	20	AND
1392.849632860617	1393.2699852155638	429	TEETH
1393.2699852155638	1394.076	405	STRONG
1394.076	1401.862308886975	99999	sp
1401.862308886975	1402.3317307006994	285	NOTHING
1402.3317307006994	1402.586	224	IS
1402.586	1402.7520011088084	34	AS
1402.7520011088084	1403.3814318460632	294	OFFENSIVE
1403.3814318460632	1403.716	34	AS
1403.716	1403.8277137804619	99999	sp
1403.8277137804619	1404.716	219	INNOCENCE
1404.716	1413.106	99999	sp
1413.106	1413.836108964936	404	STEVE
1413.836108964936	1414.086	489	WORE
1414.086	1414.126	1	A
1414.126	1414.750641448645	65	BRIGHT
1414.750641448645	1415.336970662814	355	RED
1415.336970662814	1415.9871026775986	78	CASHMERE
1415.9871026775986	1416.646	419	SWEATER
1416.646	1425.8819742715498	99999	sp
1425.8819742715498	1426.4061982386056	46	BARB'S
1426.4061982386056	1426.7300689633416	188	GOLD
1426.7300689633416	1427.4318807027018	63	BRACELET
1427.4318807027018	1427.626	471	WAS
1427.626	1427.759760428462	1	A
1427.759760428462	1428.5884798159634	193	GRADUATION
1428.5884798159634	1429.176	338	PRESENT
1429.176	1437.6757479754106	99999	sp
1437.6757479754106	1438.0147822581048	130	DRAW
1438.0147822581048	1438.426	145	EVERY
1438.426	1438.7489634094104	307	OUTER
1438.7489634094104	1439.0503364011	243	LINE
1439.0503364011	1439.716	156	FIRST
1439.716	1439.7929332747442	99999	sp
1439.7929332747442	1440.1586770368174	435	THEN
1440.1586770368174	1440.5459203460482	154	FILL
1440.5459203460482	1440.8159999999998	217	IN
1440.8159999999998	1440.946	433	THE
1440.946	1441.5859999999998	222	INTERIOR
1441.5859999999998	1452.4683995680907	99999	sp
1452.4683995680907	1452.5612868727442	433	THE
1452.5612868727442	1452.9874927207152	474	WATER
1452.9874927207152	1453.711201727523	103	CONTAINED
1453.711201727523	1453.9172954347232	447	TOO
1453.9172954347232	1454.206	268	MUCH
1454.206	1454.2991401925538	99999	sp
1454.2991401925538	1454.8972661099356	90	CHLORINE
1454.8972661099356	1455.1736363605985	20	AND
1455.1736363605985	1455.7035605263775	408	STUNG
1455.7035605263775	1455.9554077031414	208	HIS
1455.9554077031414	1456.606	149	EYES
1456.606	1465.606	99999	sp
1465.606	1466.1928181881792	229	JOHN'S
1466.1928181881792	1466.5546038147595	66	BROTHER
1466.5546038147595	1467.1403869556163	362	REPAINTED
1467.1403869556163	1467.270806982477	433	THE
1467.270806982477	1468.0106961028325	173	GARAGE
1468.0106961028325	1468.4859999999999	129	DOOR
1468.4859999999999	1476.2733760887972	99999	sp
1476.2733760887972	1476.8112518504404	84	CHALLENGE
1476.8112518504404	1477.3555271784203	132	EACH
1477.3555271784203	1477.8753288835085	175	GENERAL'S
1477.8753288835085	1478.846	221	INTELLIGENCE
1478.846	1486.396	99999	sp
1486.396	1487.5425916824488	17	AMBIDEXTROUS
1487.5425916824488	1488.3155079016824	326	PICKPOCKETS
1488.3155079016824	1489.0103768304411	6	ACCOMPLISH
1489.0103768304411	1489.5059999999999	266	MORE
1489.5059999999999	1497.59493469612	99999	sp
1497.59493469612	1497.7359999999999	1	A
1497.7359999999999	1498.3336278265574	270	MUSCULAR
1498.3336278265574	1498.9442109631327	2	ABDOMEN
1498.9442109631327	1499.356863918531	224	IS
1499.356863918531	1499.6583329831878	189	GOOD
1499.6583329831878	1499.906	161	FOR
1499.906	1500.037542749717	495	YOUR
1500.037542749717	1500.646	43	BACK
1500.646	1508.6848882749455	99999	sp
1508.6848882749455	1508.831163457051	437	THEY
1508.831163457051	1509.0476240509308	316	OWN
1509.0476240509308	1509.1389346005535	1	A
1509.1389346005535	1509.5259999999998	52	BIG
1509.5259999999998	1510.136	209	HOUSE
1510.136	1510.306	217	IN
1510.306	1510.376	433	THE
1510.376	1510.829782654071	360	REMOTE
1510.829782654071	1511.686	109	COUNTRYSIDE
1511.686	1520.4371619362585	99999	sp
1520.4371619362585	1520.5528563916082	433	THE
1520.5528563916082	1521.0109844802273	368	ROSE
1521.0109844802273	1521.8713414162305	106	CORSAGE
1521.8713414162305	1522.056	99999	sp
1522.056	1522.656	392	SMELLED
1522.656	1523.356	420	SWEET
1523.356	1531.3362983939885	99999	sp
1531.3362983939885	1531.589202392499	432	THAT
1531.589202392499	1532.2183237121044	325	PICKPOCKET
1532.2183237121044	1532.4716671115855	471	WAS
1532.4716671115855	1532.808791910619	80	CAUGHT
1532.808791910619	1533.122701239292	355	RED
1533.122701239292	1533.716	199	HANDED
1533.716	1536.7459999999999	99999	sp
1536.7459999999999	1536.8159999999998	99999	sp
1536.8159999999998	1541.634479576244	99999	sp
1541.634479576244	1541.7331504017925	88888	
1541.7331504017925	1542.2535696202117	9	ADULT
1542.2535696202117	1542.6237359884099	254	MALE
1542.6237359884099	1543.504696210105	42	BABOON'S
1543.504696210105	1543.8284737549752	429	TEETH
1543.8284737549752	1543.966	30	ARE
1543.966	1544.2911680714358	284	NOT
1544.2911680714358	1544.849955714074	414	SUITABLE
1544.849955714074	1545.1456291169748	161	FOR
1545.1456291169748	1545.4959999999999	135	EATING
1545.4959999999999	1546.366	375	SHELLFISH
1546.366	1556.1123771088562	99999	sp
1556.1123771088562	1556.3389448434928	204	HER
1556.3389448434928	1556.8993210794001	469	WARDROBE
1556.8993210794001	1557.6071731129548	102	CONSISTS
1557.6071731129548	1557.8426498624217	293	OF
1557.8426498624217	1558.136	297	ONLY
1558.136	1558.7877111892099	384	SKIRTS
1558.7877111892099	1559.0547135080628	20	AND
1559.0547135080628	1559.916	54	BLOUSES
1559.916	1568.8000112727466	99999	sp
1568.8000112727466	1568.9661937157755	433	THE
1568.9661937157755	1569.3352326848885	452	TWO
1569.3352326848885	1569.9408867175828	33	ARTISTS
1569.9408867175828	1570.768309960018	147	EXCHANGED
1570.768309960018	1571.696	39	AUTOGRAPHS
1571.696	1580.0743302307246	99999	sp
1580.0743302307246	1580.849587796294	71	BUTTERSCOTCH
1580.849587796294	1581.4859999999999	169	FUDGE
1581.4859999999999	1581.6521782261768	99999	sp
1581.6521782261768	1581.9344548479648	186	GOES
1581.9344548479648	1582.2759999999998	480	WELL
1582.2759999999998	1582.5056991574183	486	WITH
1582.5056991574183	1582.9461446340274	462	VANILLA
1582.9461446340274	1583.3932146587788	212	ICE
1583.3932146587788	1583.8359999999998	112	CREAM
1583.8359999999998	1592.9626882429666	99999	sp
1592.9626882429666	1593.3779273972336	365	RICH
1593.3779273972336	1593.9759999999999	348	PURCHASED
1593.9759999999999	1594.430051767512	373	SEVERAL
1594.430051767512	1595.0530517206535	381	SIGNED
1595.0530517206535	1596.166	244	LITHOGRAPHS
1596.166	1604.4935565993742	99999	sp
1604.4935565993742	1604.7447961335338	24	ANY
1604.7447961335338	1605.8532792233214	105	CONTRIBUTIONS
1605.8532792233214	1605.9675296529037	484	WILL
1605.9675296529037	1606.2109766562892	47	BE
1606.2109766562892	1606.6014491781673	195	GREATLY
1606.6014491781673	1607.556	28	APPRECIATED
1607.556	1617.9909900717266	99999	sp
1617.9909900717266	1618.1642541529527	433	THE
1618.1642541529527	1618.7736076265885	111	CRANBERRY
1618.7736076265885	1619.3204148157538	57	BOG
1619.3204148157538	1619.5316973324252	178	GETS
1619.5316973324252	1619.9785394888418	464	VERY
1619.9785394888418	1620.3235118031134	339	PRETTY
1620.3235118031134	1620.5059999999999	217	IN
1620.5059999999999	1621.076	40	AUTUMN
1621.076	1628.966	99999	sp
1628.966	1629.2759999999998	210	HOW
1629.2759999999998	1629.5132274268271	128	DO
1629.5132274268271	1630.0834012932864	317	OYSTERS
1630.0834012932864	1630.3792633343608	252	MAKE
1630.3792633343608	1631.116	319	PEARLS
1631.116	1639.1487516131813	99999	sp
1639.1487516131813	1639.3662380673582	256	MAY
1639.3662380673582	1639.4172258623785	211	I
1639.4172258623785	1639.7659999999998	303	ORDER
1639.7659999999998	1639.8783762732457	1	A
1639.8783762732457	1640.3848655411198	318	PARFAIT
1640.3848655411198	1640.8580400655776	10	AFTER
1640.8580400655776	1641.0279492371214	211	I
1641.0279492371214	1641.3096316292572	134	EAT
1641.3096316292572	1641.696	124	DINNER
1641.696	1649.7616465910933	99999	sp
1649.7616465910933	1649.896	224	IS
1649.896	1650.149808712096	374	SHE
1650.149808712096	1650.608026177304	187	GOING
1650.608026177304	1650.8509345537418	486	WITH
1650.8509345537418	1651.166	494	YOU
1651.166	1657.9914540066206	99999	sp
1657.9914540066206	1658.2259999999999	76	CAN
1658.2259999999999	1658.3230131672356	433	THE
1658.3230131672356	1659.0318203342458	11	AGENCY
1659.0318203342458	1659.936	314	OVERTHROW
1659.936	1660.0222706632312	99999	sp
1660.0222706632312	1660.511991867766	13	ALIEN
1660.511991867766	1661.376	162	FORCES
1661.376	1670.0527223926567	99999	sp
1670.0527223926567	1670.1639733588454	1	A
1670.1639733588454	1671.0506043486134	370	SCREWDRIVER
1671.0506043486134	1671.2115935902975	224	IS
1671.2115935902975	1671.500151582355	251	MADE
1671.500151582355	1671.8159999999998	166	FROM
1671.8159999999998	1672.4025508143304	468	VODKA
1672.4025508143304	1672.7580708818914	20	AND
1672.7580708818914	1673.2659999999998	302	ORANGE
1673.2659999999998	1673.846	230	JUICE
1673.846	1683.4688811050983	99999	sp
1683.4688811050983	1683.681696612334	210	HOW
1683.681696612334	1683.958135657935	268	MUCH
1683.958135657935	1684.765035793385	16	ALLOWANCE
1684.765035793385	1684.886	128	DO
1684.886	1685.1676555768513	494	YOU
1685.1676555768513	1685.576	177	GET
1685.576	1692.436	99999	sp
1692.436	1693.0667924474853	115	CYCLICAL
1693.0667924474853	1693.742313186211	345	PROGRAMS
1693.742313186211	1693.886	484	WILL
1693.886	1694.206	280	NEVER
1694.206	1695.0659999999998	100	COMPILE
1695.0659999999998	1702.3411148831747	99999	sp
1702.3411148831747	1702.509185763056	433	THE
1702.509185763056	1702.946	61	BOSTON
1702.946	1703.456591263366	45	BALLET
1703.456591263366	1704.166	311	OVERCAME
1704.166	1704.3265444498263	434	THEIR
1704.3265444498263	1704.876	170	FUNDING
1704.876	1705.7359999999999	379	SHORTAGE
1705.7359999999999	1713.4788557855668	99999	sp
1713.4788557855668	1713.9177167730354	145	EVERY
1713.9177167730354	1714.286	74	CAB
1714.286	1714.6645205454324	279	NEEDS
1714.6645205454324	1715.366	363	REPAINTING
1715.366	1716.0459999999998	295	OFTEN
1716.0459999999998	1723.3575827344266	99999	sp
1723.3575827344266	1723.766	203	HELP
1723.766	1724.1870666793438	196	GREG
1724.1870666793438	1724.366667733544	445	TO
1724.366667733544	1724.6909230086505	324	PICK
1724.6909230086505	1724.8918135016092	1	A
1724.8918135016092	1725.186	320	PECK
1725.186	1725.354102226591	293	OF
1725.354102226591	1726.2359999999999	337	POTATOES
1726.2359999999999	1734.1732230330103	99999	sp
1734.1732230330103	1734.3445986773838	475	WE
1734.3445986773838	1734.7059563211324	240	LIKE
1734.7059563211324	1734.927336311939	55	BLUE
1734.927336311939	1735.446	88	CHEESE
1735.446	1735.53009117162	99999	sp
1735.53009117162	1735.6686078092466	70	BUT
1735.6686078092466	1736.069694602149	465	VICTOR
1736.069694602149	1736.4859999999999	241	LIKES
1736.4859999999999	1736.5901247355973	99999	sp
1736.5901247355973	1736.946	64	BRIE
1736.946	1745.0554143581053	99999	sp
1745.0554143581053	1745.3752209335814	108	COUNT
1745.3752209335814	1745.466	433	THE
1745.466	1745.876	288	NUMBER
1745.876	1746.0402440642079	293	OF
1746.0402440642079	1746.6811231072293	428	TEASPOONS
1746.6811231072293	1746.8559999999998	293	OF
1746.8559999999998	1747.7876730724888	394	SOYSAUCE
1747.7876730724888	1748.0531870884524	432	THAT
1748.0531870884524	1748.3346972149589	494	YOU
1748.3346972149589	1748.686	7	ADD
1748.686	1759.007927339287	99999	sp
1759.007927339287	1759.6090772331547	44	BAGPIPES
1759.6090772331547	1759.8064384683753	20	AND
1759.8064384683753	1760.5354482871055	59	BONGOS
1760.5354482871055	1760.6577245733115	30	ARE
1760.6577245733115	1761.2889226487057	272	MUSICAL
1761.2889226487057	1762.146	220	INSTRUMENTS
1762.146	1770.3365880247325	99999	sp
1770.3365880247325	1770.5851359176017	210	HOW
1770.5851359176017	1771.0211681635333	189	GOOD
1771.0211681635333	1771.2161492685643	224	IS
1771.2161492685643	1771.406	495	YOUR
1771.406	1772.206	138	ENDURANCE
1772.206	1775.9759999999999	99999	sp
1775.9759999999999	1788.8786201523867	99999	sp
2367.968	2386.9708125168886	99999	sp
2386.9708125168886	2387.11797513596	30	ARE
2387.11797513596	2387.3153327568857	495	YOUR
2387.3153327568857	2387.6357505194837	192	GRADES
2387.6357505194837	2388.103901298902	206	HIGHER
2388.103901298902	2388.2599999999998	301	OR
2388.2599999999998	2388.6693593961613	250	LOWER
2388.6693593961613	2388.8399999999997	431	THAN
2388.8399999999997	2389.7	274	NANCY'S
2389.7	2396.94	99999	sp
2396.94	2397.2	374	SHE
2397.2	2397.47	489	WORE
2397.47	2397.92	470	WARM
2397.92	2398.602615767264	158	FLEECY
2398.602615767264	2399.058873119123	488	WOOLEN
2399.058873119123	2400.0099999999998	310	OVERALLS
2400.0099999999998	2408.4381543813693	99999	sp
2408.4381543813693	2408.7599999999998	353	READING
2408.7599999999998	2408.963293980528	217	IN
2408.963293980528	2409.3064087578414	334	POOR
2409.3064087578414	2409.71	239	LIGHT
2409.71	2409.837812840512	99999	sp
2409.837812840512	2410.1070405777286	181	GIVES
2410.1070405777286	2410.25	494	YOU
2410.25	2411.1499999999996	150	EYESTRAIN
2411.1499999999996	2418.9237157314574	99999	sp
2418.9237157314574	2419.2978966543687	142	EVEN
2419.2978966543687	2419.638882705969	211	I
2419.638882705969	2420.438160018266	292	OCCASIONALLY
2420.438160018266	2420.7396697300132	177	GET
2420.7396697300132	2420.8199999999997	433	THE
2420.8199999999997	2421.275552069515	264	MONDAY
2421.275552069515	2422.08	56	BLUES
2422.08	2429.6706551305347	99999	sp
2429.6706551305347	2429.7995650216594	30	ARE
2429.7995650216594	2430.1499999999996	475	WE
2430.1499999999996	2431.2319300811123	99999	sp
2431.2319300811123	2431.3996270191246	475	WE
2431.3996270191246	2431.5899999999997	30	ARE
2431.5899999999997	2432.000127061189	300	OPEN
2432.000127061189	2432.477122552362	145	EVERY
2432.477122552362	2432.935814360495	264	MONDAY
2432.935814360495	2433.5374962614296	143	EVENING
2433.5374962614296	2442.1299999999997	99999	sp
2442.1299999999997	2442.4053132838544	226	IT'S
2442.4053132838544	2442.6417636822284	284	NOT
2442.6417636822284	2443.143720794079	133	EASY
2443.143720794079	2443.349940111791	445	TO
2443.349940111791	2443.9478429405813	113	CREATE
2443.9478429405813	2444.7461591994124	215	ILLUMINATING
2444.7461591994124	2445.72	146	EXAMPLES
2445.72	2455.6051074708503	99999	sp
2455.6051074708503	2455.96	269	MUM
2455.96	2456.664554096515	406	STRONGLY
2456.664554096515	2457.27	126	DISLIKES
2457.27	2458.3399999999997	27	APPETIZERS
2458.3399999999997	2466.299842037579	99999	sp
2466.299842037579	2466.6099999999997	442	THOSE
2466.6099999999997	2466.7896169763408	483	WHO
2466.7896169763408	2467.0740487257	426	TEACH
2467.0740487257	2467.960963470867	461	VALUES
2467.960963470867	2468.3599999999997	156	FIRST
2468.3599999999997	2469.0699999999997	4	ABOLISH
2469.0699999999997	2469.133271018859	99999	sp
2469.133271018859	2469.766946148794	87	CHEATING
2469.766946148794	2478.24708942941	99999	sp
2478.24708942941	2478.4292939932866	433	THE
2478.4292939932866	2478.8817149081983	165	FRIGHTENED
2478.8817149081983	2479.41313249389	89	CHILD
2479.41313249389	2479.77	471	WAS
2479.77	2480.182341482525	176	GENTLY
2480.182341482525	2480.899848096435	409	SUBDUED
2480.899848096435	2481.04	73	BY
2481.04	2481.407679036081	208	HIS
2481.407679036081	2481.69	52	BIG
2481.69	2481.77526996148	99999	sp
2481.77526996148	2482.24	66	BROTHER
2482.24	2491.410982528323	99999	sp
2491.410982528323	2491.701314982228	142	EVEN
2491.701314982228	2491.7599999999998	1	A
2491.7599999999998	2492.1693030046463	382	SIMPLE
2492.1693030046463	2493.178690508706	467	VOCABULARY
2493.178690508706	2493.8999999999996	104	CONTAINS
2493.8999999999996	2494.7	421	SYMBOLS
2494.7	2505.6327398465933	99999	sp
2505.6327398465933	2505.8412067852364	1	A
2505.8412067852364	2506.216834234205	110	CRAB
2506.216834234205	2506.817426294737	85	CHALLENGED
2506.817426294737	2507.1419826135425	257	ME
2507.1419826135425	2507.2358335748313	70	BUT
2507.2358335748313	2507.4155088655584	1	A
2507.4155088655584	2507.69	349	QUICK
2507.69	2508.353454807034	401	STAB
2508.353454807034	2509.02	463	VANQUISHED
2509.02	2509.3199999999997	207	HIM
2509.3199999999997	2519.797607106056	99999	sp
2519.797607106056	2520.35	183	GLUCOSE
2520.35	2520.4827235894336	20	AND
2520.4827235894336	2521.1188872120683	167	FRUCTOSE
2521.1188872120683	2521.2999999999997	30	ARE
2521.2999999999997	2521.763327984021	275	NATURAL
2521.763327984021	2522.4306900507036	413	SUGARS
2522.4306900507036	2522.763519512114	163	FOUND
2522.763519512114	2522.970983950001	217	IN
2522.970983950001	2523.48	168	FRUIT
2523.48	2531.921373659886	99999	sp
2531.921373659886	2532.1	30	ARE
2532.1	2532.25	494	YOU
2532.25	2532.5801330602385	249	LOOKING
2532.5801330602385	2532.8399999999997	161	FOR
2532.8399999999997	2533.6099999999997	136	EMPLOYMENT
2533.6099999999997	2540.0430621997734	99999	sp
2540.0430621997734	2540.360892498189	98	COFFEE
2540.360892498189	2540.6335871329247	224	IS
2540.6335871329247	2540.9398079984085	198	GROWN
2540.9398079984085	2541.2	296	ON
2541.2	2541.871020354119	403	STEEP
2541.871020354119	2542.24	88888	JUNGLE
2542.24	2542.6	240	LIKE
2542.6	2543.2	389	SLOPES
2543.2	2543.431181126508	217	IN
2543.431181126508	2544.0034305048066	430	TEMPERATE
2544.0034305048066	2544.7799999999997	496	ZONES
2544.7799999999997	2554.499202894861	99999	sp
2554.499202894861	2554.619564664675	475	WE
2554.619564664675	2555.06	479	WELCOME
2555.06	2555.433422017173	255	MANY
2555.433422017173	2555.679406105994	281	NEW
2555.679406105994	2556.552988930521	407	STUDENTS
2556.552988930521	2556.92	132	EACH
2556.92	2557.46	490	YEAR
2557.46	2565.420254297473	99999	sp
2565.420254297473	2565.72	297	ONLY
2565.72	2565.8716109342768	433	THE
2565.8716109342768	2566.2392785280063	51	BEST
2566.2392785280063	2566.74	329	PLAYERS
2566.74	2567.207563216004	139	ENJOY
2567.207563216004	2568.16	335	POPULARITY
2568.16	2576.044450318467	99999	sp
2576.044450318467	2576.5899999999997	75	CALCIUM
2576.5899999999997	2576.94	253	MAKES
2576.94	2577.0168973031614	99999	sp
2577.0168973031614	2577.49	58	BONES
2577.49	2577.73	20	AND
2577.73	2577.7883100750932	99999	sp
2577.7883100750932	2578.2599999999998	429	TEETH
2578.2599999999998	2579.08	405	STRONG
2579.08	2587.0641800936246	99999	sp
2587.0641800936246	2587.577160967465	285	NOTHING
2587.577160967465	2587.73	224	IS
2587.73	2587.8799999999997	34	AS
2587.8799999999997	2588.52	294	OFFENSIVE
2588.52	2588.93	34	AS
2588.93	2589.62	219	INNOCENCE
2589.62	2596.9004944363774	99999	sp
2596.9004944363774	2597.5230559200245	404	STEVE
2597.5230559200245	2597.7613949167676	489	WORE
2597.7613949167676	2597.8105768733667	1	A
2597.8105768733667	2598.3559920808493	65	BRIGHT
2598.3559920808493	2598.8397927198944	355	RED
2598.8397927198944	2599.3599999999997	78	CASHMERE
2599.3599999999997	2599.92	419	SWEATER
2599.92	2607.7019034925133	99999	sp
2607.7019034925133	2608.141901451463	46	BARB'S
2608.141901451463	2608.428540042265	188	GOLD
2608.428540042265	2609.06	63	BRACELET
2609.06	2609.22	471	WAS
2609.22	2609.3589434604646	1	A
2609.3589434604646	2610.203841238655	193	GRADUATION
2610.203841238655	2610.83	338	PRESENT
2610.83	2619.378841345926	99999	sp
2619.378841345926	2619.81	130	DRAW
2619.81	2620.2	145	EVERY
2620.2	2620.5254728309774	307	OUTER
2620.5254728309774	2620.8256096008495	243	LINE
2620.8256096008495	2621.52	156	FIRST
2621.52	2621.8555830549203	435	THEN
2621.8555830549203	2622.181181546818	154	FILL
2622.181181546818	2622.524388138491	217	IN
2622.524388138491	2622.6099999999997	433	THE
2622.6099999999997	2623.27	222	INTERIOR
2623.27	2635.524343837981	99999	{NS}
2635.524343837981	2635.626550091538	433	THE
2635.626550091538	2635.9508436178603	474	WATER
2635.9508436178603	2636.686124707154	103	CONTAINED
2636.686124707154	2636.8720939805426	447	TOO
2636.8720939805426	2637.1852032925103	268	MUCH
2637.1852032925103	2637.8028630592466	90	CHLORINE
2637.8028630592466	2638.1099999999997	20	AND
2638.1099999999997	2638.6299999999997	408	STUNG
2638.6299999999997	2638.8799999999997	208	HIS
2638.8799999999997	2639.6	149	EYES
2639.6	2649.156290147691	99999	sp
2649.156290147691	2649.638165336307	229	JOHN'S
2649.638165336307	2649.99	66	BROTHER
2649.99	2650.5869662806685	362	REPAINTED
2650.5869662806685	2650.7325952605347	433	THE
2650.7325952605347	2651.4279074495926	173	GARAGE
2651.4279074495926	2651.8799999999997	129	DOOR
2651.8799999999997	2659.7599999999998	99999	sp
2659.7599999999998	2660.0499999999997	88888	E
2660.0499999999997	2660.9139085881498	99999	sp
2660.9139085881498	2661.4399999999996	84	CHALLENGE
2661.4399999999996	2661.9110544596933	132	EACH
2661.9110544596933	2662.4256623829574	175	GENERAL'S
2662.4256623829574	2663.35	221	INTELLIGENCE
2663.35	2671.565647205147	99999	sp
2671.565647205147	2672.599048198757	17	AMBIDEXTROUS
2672.599048198757	2673.298271289518	326	PICKPOCKETS
2673.298271289518	2673.9237900067255	6	ACCOMPLISH
2673.9237900067255	2674.37	266	MORE
2674.37	2682.4687891505478	99999	sp
2682.4687891505478	2682.58	1	A
2682.58	2683.174677062359	270	MUSCULAR
2683.174677062359	2683.7799999999997	2	ABDOMEN
2683.7799999999997	2684.0961559628563	224	IS
2684.0961559628563	2684.28827298082	189	GOOD
2684.28827298082	2684.3466765542807	99999	sp
2684.3466765542807	2684.52	161	FOR
2684.52	2684.66	495	YOUR
2684.66	2685.22	43	BACK
2685.22	2693.9960728534834	99999	sp
2693.9960728534834	2694.18	437	THEY
2694.18	2694.3511051026803	316	OWN
2694.3511051026803	2694.439076123376	1	A
2694.439076123376	2694.7605928765706	52	BIG
2694.7605928765706	2695.3199999999997	209	HOUSE
2695.3199999999997	2695.5299999999997	217	IN
2695.5299999999997	2695.614415172464	433	THE
2695.614415172464	2696.100186969502	360	REMOTE
2696.100186969502	2697.02	109	COUNTRYSIDE
2697.02	2706.062989679831	99999	sp
2706.062989679831	2706.1899999999996	433	THE
2706.1899999999996	2706.54	368	ROSE
2706.54	2706.5893903090514	99999	sp
2706.5893903090514	2707.35	106	CORSAGE
2707.35	2707.5141859129335	99999	sp
2707.5141859129335	2708.04500878755	392	SMELLED
2708.04500878755	2708.5899999999997	420	SWEET
2708.5899999999997	2715.661585468396	99999	sp
2715.661585468396	2715.9020954206617	432	THAT
2715.9020954206617	2716.49698872729	325	PICKPOCKET
2716.49698872729	2716.7389954178593	471	WAS
2716.7389954178593	2717.1099999999997	80	CAUGHT
2717.1099999999997	2717.3489807272763	355	RED
2717.3489807272763	2717.85	199	HANDED
2717.85	2724.9268806355667	99999	sp
2724.9268806355667	2725.0699999999997	19	AN
2725.0699999999997	2725.4681365646315	9	ADULT
2725.4681365646315	2725.7779152319617	254	MALE
2725.7779152319617	2726.49	42	BABOON'S
2726.49	2726.5609004794583	99999	sp
2726.5609004794583	2726.8599999999997	429	TEETH
2726.8599999999997	2727.04	30	ARE
2727.04	2727.3399999999997	284	NOT
2727.3399999999997	2727.801212405936	414	SUITABLE
2727.801212405936	2727.9399999999996	161	FOR
2727.9399999999996	2728.3199999999997	135	EATING
2728.3199999999997	2729.08	375	SHELLFISH
2729.08	2738.451108050707	99999	sp
2738.451108050707	2738.71437593394	204	HER
2738.71437593394	2739.2	469	WARDROBE
2739.2	2739.81	102	CONSISTS
2739.81	2740.02	293	OF
2740.02	2740.318458325264	297	ONLY
2740.318458325264	2740.8599999999997	384	SKIRTS
2740.8599999999997	2741.1299999999997	20	AND
2741.1299999999997	2741.89	54	BLOUSES
2741.89	2750.188441257635	99999	sp
2750.188441257635	2750.323437166326	433	THE
2750.323437166326	2750.54	452	TWO
2750.54	2751.1462025643254	33	ARTISTS
2751.1462025643254	2751.9117870526516	147	EXCHANGED
2751.9117870526516	2752.79	39	AUTOGRAPHS
2752.79	2760.355280924859	99999	sp
2760.355280924859	2761.0313940765463	71	BUTTERSCOTCH
2761.0313940765463	2761.48	169	FUDGE
2761.48	2761.5814890712654	99999	sp
2761.5814890712654	2761.860566507313	186	GOES
2761.860566507313	2762.21	480	WELL
2762.21	2762.4042082405754	486	WITH
2762.4042082405754	2762.941403411826	462	VANILLA
2762.941403411826	2763.3232921858685	212	ICE
2763.3232921858685	2763.75	112	CREAM
2763.75	2771.936636413243	99999	sp
2771.936636413243	2772.32443911403	365	RICH
2772.32443911403	2772.77	348	PURCHASED
2772.77	2773.222858150853	373	SEVERAL
2773.222858150853	2773.7309962253116	381	SIGNED
2773.7309962253116	2773.789442729841	88888	UH
2773.789442729841	2774.8199999999997	244	LITHOGRAPHS
2774.8199999999997	2783.388168249973	99999	sp
2783.388168249973	2783.7409161799633	24	ANY
2783.7409161799633	2784.6477341045525	105	CONTRIBUTIONS
2784.6477341045525	2784.7320418942713	484	WILL
2784.7320418942713	2784.89	47	BE
2784.89	2785.33	195	GREATLY
2785.33	2786.2	28	APPRECIATED
2786.2	2794.1712769828764	99999	sp
2794.1712769828764	2794.307307342975	433	THE
2794.307307342975	2794.8727496036126	111	CRANBERRY
2794.8727496036126	2795.4645857847077	57	BOG
2795.4645857847077	2795.6899999999996	178	GETS
2795.6899999999996	2796.172102308139	464	VERY
2796.172102308139	2796.590227700574	339	PRETTY
2796.590227700574	2796.73	217	IN
2796.73	2797.2599999999998	40	AUTUMN
2797.2599999999998	2808.67	99999	{NS}
2808.67	2808.8625947185574	99999	sp
2808.8625947185574	2809.0731055800034	210	HOW
2809.0731055800034	2809.27	128	DO
2809.27	2809.7920472976084	317	OYSTERS
2809.7920472976084	2810.0383150703133	252	MAKE
2810.0383150703133	2810.74	319	PEARLS
2810.74	2817.397468035142	99999	sp
2817.397468035142	2817.604195510911	256	MAY
2817.604195510911	2817.666262595367	211	I
2817.666262595367	2818.0100548826417	303	ORDER
2818.0100548826417	2818.1202239575505	1	A
2818.1202239575505	2818.6899999999996	318	PARFAIT
2818.6899999999996	2819.1438337237	10	AFTER
2819.1438337237	2819.331177295417	211	I
2819.331177295417	2819.6014927136266	134	EAT
2819.6014927136266	2820.0299999999997	124	DINNER
2820.0299999999997	2827.9289431134252	99999	sp
2827.9289431134252	2828.12	224	IS
2828.12	2828.2799999999997	374	SHE
2828.2799999999997	2828.67623978736	187	GOING
2828.67623978736	2828.89	486	WITH
2828.89	2829.22	494	YOU
2829.22	2835.273004075465	99999	sp
2835.273004075465	2835.49	76	CAN
2835.49	2835.6499999999996	433	THE
2835.6499999999996	2836.2599999999998	11	AGENCY
2836.2599999999998	2837.0099999999998	314	OVERTHROW
2837.0099999999998	2837.0817450397426	99999	sp
2837.0817450397426	2837.5494624614885	13	ALIEN
2837.5494624614885	2838.4399999999996	162	FORCES
2838.4399999999996	2846.468949366703	99999	sp
2846.468949366703	2846.581187344427	1	A
2846.581187344427	2847.43	370	SCREWDRIVER
2847.43	2847.6099999999997	224	IS
2847.6099999999997	2847.83264709294	251	MADE
2847.83264709294	2848.1499999999996	166	FROM
2848.1499999999996	2848.7595664716055	468	VODKA
2848.7595664716055	2849.06	20	AND
2849.06	2849.5763804242893	302	ORANGE
2849.5763804242893	2849.6796627592985	88888	UH
2849.6796627592985	2850.31	230	JUICE
2850.31	2859.5000074336676	99999	sp
2859.5000074336676	2859.6950015239995	210	HOW
2859.6950015239995	2859.9587866329366	268	MUCH
2859.9587866329366	2860.710227811946	16	ALLOWANCE
2860.710227811946	2860.8399999999997	128	DO
2860.8399999999997	2861.0919403813486	494	YOU
2861.0919403813486	2861.3999999999996	177	GET
2861.3999999999996	2871.0099999999998	99999	{NS}
2871.0099999999998	2871.25	99999	sp
2871.25	2871.8082104214	115	CYCLICAL
2871.8082104214	2872.47	345	PROGRAMS
2872.47	2872.594877887076	484	WILL
2872.594877887076	2872.9328024762954	280	NEVER
2872.9328024762954	2873.6499999999996	100	COMPILE
2873.6499999999996	2881.0282054605204	99999	sp
2881.0282054605204	2881.09112878107	433	THE
2881.09112878107	2881.5499999999997	61	BOSTON
2881.5499999999997	2882.08	45	BALLET
2882.08	2882.77	311	OVERCAME
2882.77	2882.93	434	THEIR
2882.93	2883.41	170	FUNDING
2883.41	2884.1499999999996	379	SHORTAGE
2884.1499999999996	2892.532131188966	99999	sp
2892.532131188966	2892.923037243976	145	EVERY
2892.923037243976	2893.38	74	CAB
2893.38	2893.7299999999996	279	NEEDS
2893.7299999999996	2894.4565149770096	363	REPAINTING
2894.4565149770096	2895.22	295	OFTEN
2895.22	2902.5183512186222	99999	sp
2902.5183512186222	2902.7999999999997	203	HELP
2902.7999999999997	2902.8829953398	99999	sp
2902.8829953398	2903.261124847847	196	GREG
2903.261124847847	2903.444229446436	445	TO
2903.444229446436	2903.7299999999996	324	PICK
2903.7299999999996	2903.9423861368905	1	A
2903.9423861368905	2904.2964612999886	320	PECK
2904.2964612999886	2904.490790768429	293	OF
2904.490790768429	2905.43	337	POTATOES
2905.43	2913.965969693725	99999	sp
2913.965969693725	2914.18	475	WE
2914.18	2914.527591050115	240	LIKE
2914.527591050115	2914.7477972133083	55	BLUE
2914.7477972133083	2915.2999999999997	88	CHEESE
2915.2999999999997	2915.35745021178	99999	sp
2915.35745021178	2915.5099999999998	70	BUT
2915.5099999999998	2915.95	465	VICTOR
2915.95	2916.3399999999997	241	LIKES
2916.3399999999997	2916.410449385667	99999	sp
2916.410449385667	2916.7599999999998	64	BRIE
2916.7599999999998	2924.879148631292	99999	sp
2924.879148631292	2925.161553865566	108	COUNT
2925.161553865566	2925.246061979606	433	THE
2925.246061979606	2925.66	288	NUMBER
2925.66	2925.8819548029023	293	OF
2925.8819548029023	2926.5698937974057	428	TEASPOONS
2926.5698937974057	2926.75	293	OF
2926.75	2927.63	394	SOYSAUCE
2927.63	2927.6969795234413	99999	sp
2927.6969795234413	2927.9399999999996	432	THAT
2927.9399999999996	2928.22	494	YOU
2928.22	2928.8999999999996	7	ADD
2928.8999999999996	2937.5804103241103	99999	sp
2937.5804103241103	2938.2	44	BAGPIPES
2938.2	2938.35	20	AND
2938.35	2939.0049624680823	59	BONGOS
2939.0049624680823	2939.201222153269	30	ARE
2939.201222153269	2939.83	272	MUSICAL
2939.83	2940.75	220	INSTRUMENTS
2940.75	2951.9906433591814	99999	sp
2951.9906433591814	2952.3542530289515	210	HOW
2952.3542530289515	2952.6584346709187	189	GOOD
2952.6584346709187	2952.84929095562	224	IS
2952.84929095562	2953.06	495	YOUR
2953.06	2953.8199999999997	138	ENDURANCE
2953.8199999999997	2959.96	99999	sp
2959.96	2968.4397069070124	99999	sp
