10.041054893174406	10.154045624423352	30	ARE
10.154045624423352	10.320864887206403	496	YOUR
10.320864887206403	10.652	192	GRADES
10.652	10.992	206	HIGHER
10.992	11.176616201308144	302	OR
11.176616201308144	11.522	251	LOWER
11.522	11.662	432	THAN
11.662	12.392	275	NANCYS
12.392	17.579135055655964	99999	sp
17.579135055655964	17.842	375	SHE
17.842	18.195564853996594	490	WORE
18.195564853996594	18.62130689531833	471	WARM
18.62130689531833	19.162	158	FLEECY
19.162	19.542	489	WOOLEN
19.542	20.392	311	OVERALLS
20.392	29.001477360613546	99999	sp
29.001477360613546	29.292	354	READING
29.292	29.453583440300086	217	IN
29.453583440300086	29.64747770762895	434	THE
29.64747770762895	30.102	335	POOR
30.102	30.55031857138301	240	LIGHT
30.55031857138301	30.762	181	GIVES
30.762	30.922	495	YOU
30.922	31.592	150	EYESTRAIN
31.592	40.4202626621682	99999	sp
40.4202626621682	40.632	142	EVEN
40.632	40.812	211	I
40.812	41.30494795925393	293	OCCASIONALLY
41.30494795925393	41.452259318929414	177	GET
41.452259318929414	41.512	434	THE
41.512	41.8473066814201	265	MONDAY
41.8473066814201	42.372	56	BLUES
42.372	50.48643032460168	99999	sp
50.48643032460168	50.592	476	WE
50.592	50.732	30	ARE
50.732	51.005482823568045	301	OPEN
51.005482823568045	51.30623158395065	145	EVERY
51.30623158395065	51.65089919971814	265	MONDAY
51.65089919971814	52.152	143	EVENING
52.152	61.5860334401097	99999	sp
61.5860334401097	61.792	226	IT'S
61.792	62.015387280960454	285	NOT
62.015387280960454	62.392885244095616	133	EASY
62.392885244095616	62.53003309494964	446	TO
62.53003309494964	62.962	113	CREATE
62.962	63.162718078705126	99999	sp
63.162718078705126	63.842	215	ILLUMINATING
63.842	64.712	146	EXAMPLES
64.712	73.82378403549508	99999	sp
73.82378403549508	74.112	270	MUM
74.112	74.78090040742823	407	STRONGLY
74.78090040742823	75.132	88888	DISA
75.132	75.40610593998534	99999	sp
75.40610593998534	75.94630244158782	126	DISLIKES
75.94630244158782	76.882	27	APPETIZERS
76.882	85.47009426258978	99999	sp
85.47009426258978	85.782	443	THOSE
85.782	85.97364596994963	484	WHO
85.97364596994963	86.292	427	TEACH
86.292	86.952	462	VALUES
86.952	87.45688874207795	156	FIRST
87.45688874207795	88.09955965224404	4	ABOLISH
88.09955965224404	88.642	87	CHEATING
88.642	98.10146833482862	99999	sp
98.10146833482862	98.172	434	THE
98.172	98.612	165	FRIGHTENED
98.612	99.112	89	CHILD
99.112	99.40492649786607	472	WAS
99.40492649786607	99.712	176	GENTLY
99.712	100.39854619294998	410	SUBDUED
100.39854619294998	100.592	73	BY
100.592	100.862	208	HIS
100.862	100.9662329526408	99999	sp
100.9662329526408	101.152	52	BIG
101.152	101.28982679834053	99999	sp
101.28982679834053	101.752	66	BROTHER
101.752	111.62116547434461	99999	sp
111.62116547434461	111.882	142	EVEN
111.882	111.94027534065818	1	A
111.94027534065818	112.412	383	SIMPLE
112.412	113.24768953241309	468	VOCABULARY
113.24768953241309	113.762	104	CONTAINS
113.762	114.452	422	SYMBOLS
114.452	123.532	99999	sp
123.532	123.66942949678196	1	A
123.66942949678196	124.05199782107474	110	CRAB
124.05199782107474	124.602	85	CHALLENGED
124.602	124.942	258	ME
124.942	125.35343952586969	99999	sp
125.35343952586969	125.452	70	BUT
125.452	125.58286980446049	1	A
125.58286980446049	125.852	350	QUICK
125.852	126.41778492349349	402	STAB
126.41778492349349	126.942	464	VANQUISHED
126.942	127.192	207	HIM
127.192	137.01757598089452	99999	sp
137.01757598089452	137.684831889917	183	GLUCOSE
137.684831889917	137.852	20	AND
137.852	138.61608798242744	167	FRUCTOSE
138.61608798242744	138.742	30	ARE
138.742	139.122	276	NATURAL
139.122	139.672	414	SUGARS
139.672	139.942	163	FOUND
139.942	140.062	217	IN
140.062	140.442	168	FRUIT
140.442	149.54570268541573	99999	sp
149.54570268541573	149.632	30	ARE
149.632	149.952	495	YOU
149.952	150.342	250	LOOKING
150.342	150.682	161	FOR
150.682	151.422	136	EMPLOYMENT
151.422	159.25639771638612	99999	sp
159.25639771638612	159.49031812658455	98	COFFEE
159.49031812658455	159.75038893098062	224	IS
159.75038893098062	160.012	198	GROWN
160.012	160.252806828866	297	ON
160.252806828866	160.96307265088936	404	STEEP
160.96307265088936	161.27356823616012	99999	sp
161.27356823616012	161.642	231	JUNGLE
161.642	161.962	241	LIKE
161.962	162.71819486209338	390	SLOPES
162.71819486209338	162.9648393575868	217	IN
162.9648393575868	163.39188662542003	431	TEMPERATE
163.39188662542003	164.072	497	ZONES
164.072	175.71939369629553	99999	sp
175.71939369629553	175.872	476	WE
175.872	176.322	480	WELCOME
176.322	176.632	256	MANY
176.632	176.862	282	NEW
176.862	177.462	408	STUDENTS
177.462	177.77412446092745	132	EACH
177.77412446092745	178.102	491	YEAR
178.102	186.99792124892488	99999	sp
186.99792124892488	187.24902409454867	298	ONLY
187.24902409454867	187.37306138053083	434	THE
187.37306138053083	187.662	51	BEST
187.662	188.002	330	PLAYERS
188.002	188.4217384795588	139	ENJOY
188.4217384795588	189.312	336	POPULARITY
189.312	197.40704066539115	99999	sp
197.40704066539115	197.842	75	CALCIUM
197.842	198.25772044782144	254	MAKES
198.25772044782144	198.762	58	BONES
198.762	199.4833855659532	99999	sp
199.4833855659532	199.76512893738226	20	AND
199.76512893738226	200.08136532594114	430	TEETH
200.08136532594114	200.692	406	STRONG
200.692	209.33145397922814	99999	sp
209.33145397922814	209.812	286	NOTHING
209.812	210.042	224	IS
210.042	210.472	34	AS
210.472	210.6100893075155	99999	sp
210.6100893075155	211.212	295	OFFENSIVE
211.212	211.562	34	AS
211.562	212.322	219	INNOCENCE
212.322	220.6028752354229	99999	sp
220.6028752354229	221.012	405	STEVE
221.012	221.302	490	WORE
221.302	221.4030010703297	1	A
221.4030010703297	221.712	65	BRIGHT
221.712	221.9681044670409	356	RED
221.9681044670409	222.482	78	CASHMERE
222.482	223.022	420	SWEATER
223.022	231.2013007996773	99999	sp
231.2013007996773	231.61534719225327	46	BARB'S
231.61534719225327	231.93622850832455	188	GOLD
231.93622850832455	232.512	63	BRACELET
232.512	232.65437973815736	99999	sp
232.65437973815736	232.832	472	WAS
232.832	232.91624146934532	1	A
232.91624146934532	233.61550339731969	193	GRADUATION
233.61550339731969	234.062	339	PRESENT
234.062	242.15439847352513	99999	sp
242.15439847352513	242.38233409232055	130	DRAW
242.38233409232055	242.792	145	EVERY
242.792	243.072	308	OUTER
243.072	243.3236468467876	244	LINE
243.3236468467876	243.902	156	FIRST
243.902	244.06219536308708	99999	sp
244.06219536308708	244.23132360363707	436	THEN
244.23132360363707	244.712	154	FILL
244.712	244.8344506125501	99999	sp
244.8344506125501	245.1693702485511	217	IN
245.1693702485511	245.302	434	THE
245.302	246.072	222	INTERIOR
246.072	256.10218032554627	99999	sp
256.10218032554627	256.162	434	THE
256.162	256.524421717741	475	WATER
256.524421717741	257.06160327049685	103	CONTAINED
257.06160327049685	257.302	448	TOO
257.302	257.5647684982798	269	MUCH
257.5647684982798	258.122	90	CHLORINE
258.122	258.30379985895775	20	AND
258.30379985895775	258.622	409	STUNG
258.622	258.792	208	HIS
258.792	259.392	149	EYES
259.392	267.6682556158465	99999	sp
267.6682556158465	268.1658420088376	229	JOHN'S
268.1658420088376	268.532	66	BROTHER
268.532	269.0762630767929	363	REPAINTED
269.0762630767929	269.1906045511394	434	THE
269.1906045511394	269.582	88888	GAR
269.582	269.76062351310344	99999	sp
269.76062351310344	270.20701114569647	173	GARAGE
270.20701114569647	270.612	129	DOOR
270.612	279.746734730442	99999	sp
279.746734730442	280.30497068698196	84	CHALLENGE
280.30497068698196	280.612	132	EACH
280.612	281.152	175	GENERAL'S
281.152	282.012	221	INTELLIGENCE
282.012	290.1852511736242	99999	sp
290.1852511736242	291.3135060921282	17	AMBIDEXTROUS
291.3135060921282	292.160810075391	327	PICKPOCKETS
292.160810075391	292.7388887181033	6	ACCOMPLISH
292.7388887181033	293.082	267	MORE
293.082	301.9904074478605	99999	sp
301.9904074478605	302.032	1	A
302.032	302.824118021873	271	MUSCULAR
302.824118021873	303.562	2	ABDOMEN
303.562	303.78594390464286	224	IS
303.78594390464286	303.912	189	GOOD
303.912	304.102	161	FOR
304.102	304.25747011601663	496	YOUR
304.25747011601663	304.71138230609813	43	BACK
304.71138230609813	313.5216934540344	99999	sp
313.5216934540344	313.682	438	THEY
313.682	313.892	317	OWN
313.892	314.03728650011595	1	A
314.03728650011595	314.212	52	BIG
314.212	314.67115039963596	209	HOUSE
314.67115039963596	314.852	217	IN
314.852	314.932	434	THE
314.932	315.37862680426326	361	REMOTE
315.37862680426326	316.152	109	COUNTRYSIDE
316.152	324.2860067785404	99999	sp
324.2860067785404	324.352	434	THE
324.352	324.92319521871616	369	ROSE
324.92319521871616	325.77790176541	106	CORSAGE
325.77790176541	326.202	393	SMELLED
326.202	326.652	421	SWEET
326.652	335.0955268994498	99999	sp
335.0955268994498	335.34438775538047	433	THAT
335.34438775538047	335.962	326	PICKPOCKET
335.962	336.17010938419054	472	WAS
336.17010938419054	336.4685902803652	80	CAUGHT
336.4685902803652	336.752	356	RED
336.752	337.312	199	HANDED
337.312	344.9596111368273	99999	sp
344.9596111368273	345.042	19	AN
345.042	345.472	9	ADULT
345.472	345.82579826972693	255	MALE
345.82579826972693	346.4710426951906	42	BABOON'S
346.4710426951906	346.8374051408668	430	TEETH
346.8374051408668	346.942	30	ARE
346.942	347.172	285	NOT
347.172	347.792	415	SUITABLE
347.792	348.052	161	FOR
348.052	348.312	135	EATING
348.312	349.102	376	SHELLFISH
349.102	359.052	99999	sp
359.052	359.252	204	HER
359.252	359.84786204861456	470	WARDROBE
359.84786204861456	360.37329237742347	102	CONSISTS
360.37329237742347	360.522	294	OF
360.522	360.842	298	ONLY
360.842	361.412	385	SKIRTS
361.412	361.49612940926164	99999	sp
361.49612940926164	361.69637486777384	20	AND
361.69637486777384	362.412	54	BLOUSES
362.412	371.1341140609258	99999	sp
371.1341140609258	371.262	434	THE
371.262	371.752	33	ARTISTS
371.752	372.5313882655637	147	EXCHANGED
372.5313882655637	373.382	39	AUTOGRAPHS
373.382	381.7524017883856	99999	sp
381.7524017883856	382.362	71	BUTTERSCOTCH
382.362	382.9870481901024	169	FUDGE
382.9870481901024	383.3436270683235	186	GOES
383.3436270683235	383.532	481	WELL
383.532	383.722	487	WITH
383.722	384.142	463	VANILLA
384.142	384.413364723357	212	ICE
384.413364723357	384.742	112	CREAM
384.742	393.75768767929696	99999	sp
393.75768767929696	394.1515305353795	366	RICH
394.1515305353795	394.87645284058146	349	PURCHASED
394.87645284058146	395.442	374	SEVERAL
395.442	396.012	382	SIGNED
396.012	396.182	99999	sp
396.182	397.182	245	LITHOGRAPHS
397.182	406.3068554627877	99999	sp
406.3068554627877	406.5235811331178	24	ANY
406.5235811331178	407.66454065988216	105	CONTRIBUTIONS
407.66454065988216	407.802	485	WILL
407.802	408.1326715950538	47	BE
408.1326715950538	408.712	195	GREATLY
408.712	409.542	28	APPRECIATED
409.542	419.0937192600342	99999	sp
419.0937192600342	419.2140393735623	434	THE
419.2140393735623	419.8401726611775	111	CRANBERRY
419.8401726611775	420.27782401867023	57	BOG
420.27782401867023	420.552	178	GETS
420.552	420.91265462731684	465	VERY
420.91265462731684	421.182	340	PRETTY
421.182	421.312	217	IN
421.312	421.762	40	AUTUMN
421.762	430.64688388765614	99999	sp
430.64688388765614	430.81145741327396	210	HOW
430.81145741327396	430.982	128	DO
430.982	431.502	318	OYSTERS
431.502	431.77432689293784	253	MAKE
431.77432689293784	432.322	320	PEARLS
432.322	441.0006363083678	99999	sp
441.0006363083678	441.252	257	MAY
441.252	441.35899380893784	211	I
441.35899380893784	441.882	304	ORDER
441.882	442.2440958729518	1	A
442.2440958729518	442.862	319	PARFAIT
442.862	443.192	10	AFTER
443.192	443.252	211	I
443.252	443.5341410518991	134	EAT
443.5341410518991	443.862	124	DINNER
443.862	452.89977572455103	99999	sp
452.89977572455103	452.992	224	IS
452.992	453.2662185351254	375	SHE
453.2662185351254	453.51708237923884	187	GOING
453.51708237923884	453.65429437869267	487	WITH
453.65429437869267	453.9126078909542	495	YOU
453.9126078909542	460.8931505830158	99999	sp
460.8931505830158	461.042	76	CAN
461.042	461.102	434	THE
461.102	461.792	11	AGENCY
461.792	462.412	315	OVERTHROW
462.412	462.772	13	ALIEN
462.772	463.442	162	FORCES
463.442	471.80605748393225	99999	sp
471.80605748393225	471.852	1	A
471.852	472.6950240641828	371	SCREWDRIVER
472.6950240641828	472.88614403456336	224	IS
472.88614403456336	473.092	252	MADE
473.092	473.302	166	FROM
473.302	473.972602583642	469	VODKA
473.972602583642	474.082	20	AND
474.082	474.372	303	ORANGE
474.372	474.912	230	JUICE
474.912	483.48847412996275	99999	sp
483.48847412996275	483.632	210	HOW
483.632	483.852	269	MUCH
483.852	484.3408895302112	16	ALLOWANCE
484.3408895302112	484.412	128	DO
484.412	484.59323939516617	495	YOU
484.59323939516617	484.852	177	GET
484.852	492.36803279916217	99999	sp
492.36803279916217	493.0983345091555	115	CYCLICAL
493.0983345091555	493.74892027477074	346	PROGRAMS
493.74892027477074	493.822	485	WILL
493.822	494.17645640245456	281	NEVER
494.17645640245456	494.852	100	COMPILE
494.852	503.95527039655184	99999	sp
503.95527039655184	504.09237658768046	434	THE
504.09237658768046	504.4933864248914	61	BOSTON
504.4933864248914	504.932	45	BALLET
504.932	505.642	312	OVERCAME
505.642	505.782	435	THEIR
505.782	506.172	170	FUNDING
506.172	506.872	380	SHORTAGE
506.872	515.6133470038402	99999	sp
515.6133470038402	515.9050842375952	145	EVERY
515.9050842375952	516.212	74	CAB
516.212	516.6101543858515	280	NEEDS
516.6101543858515	517.142	364	REPAINTING
517.142	517.632	296	OFTEN
517.632	525.3229257003502	99999	sp
525.3229257003502	525.643093138706	203	HELP
525.643093138706	526.0280424868424	196	GREG
526.0280424868424	526.122441179555	99999	sp
526.122441179555	526.3007988614635	446	TO
526.3007988614635	526.6608204269094	325	PICK
526.6608204269094	526.9145357397852	1	A
526.9145357397852	527.3347287597778	321	PECK
527.3347287597778	527.5957028155219	294	OF
527.5957028155219	528.532	338	POTATOES
528.532	537.1502211514364	99999	sp
537.1502211514364	537.2518435515935	476	WE
537.2518435515935	537.532860596926	241	LIKE
537.532860596926	537.7165633715732	55	BLUE
537.7165633715732	538.3937078352228	88	CHEESE
538.3937078352228	538.562	70	BUT
538.562	538.9810547033742	466	VICTOR
538.9810547033742	539.3808141101221	242	LIKES
539.3808141101221	539.812	64	BRIE
539.812	547.8220297550257	99999	sp
547.8220297550257	548.1030468003581	108	COUNT
548.1030468003581	548.172	434	THE
548.172	548.562	289	NUMBER
548.562	548.642	294	OF
548.642	548.736388324837	99999	sp
548.736388324837	549.6273701183642	429	TEASPOONS
549.6273701183642	549.772	294	OF
549.772	550.7273175278858	395	SOYSAUCE
550.7273175278858	550.962	433	THAT
550.962	551.192	495	YOU
551.192	551.632	7	ADD
551.632	561.2832441778986	99999	sp
561.2832441778986	562.0102530839163	44	BAGPIPES
562.0102530839163	562.219406561381	20	AND
562.219406561381	562.792	59	BONGOS
562.792	562.892	30	ARE
562.892	563.392	273	MUSICAL
563.392	564.122	220	INSTRUMENTS
564.122	574.062	99999	sp
574.062	574.3881390946052	210	HOW
574.3881390946052	574.7584952572962	189	GOOD
574.7584952572962	574.942	224	IS
574.942	575.112	496	YOUR
575.112	575.712	138	ENDURANCE
575.712	587.9969854746784	99999	sp
1157.1992939220493	1157.2772797189152	30	ARE
1157.2772797189152	1157.4788581437301	496	YOUR
1157.4788581437301	1157.7820000000002	192	GRADES
1157.7820000000002	1158.3253895718985	206	HIGHER
1158.3253895718985	1158.442	302	OR
1158.442	1158.632	251	LOWER
1158.632	1158.77732411735	432	THAN
1158.77732411735	1159.472	275	NANCY'S
1159.472	1166.2789725059797	99999	sp
1166.2789725059797	1166.502	375	SHE
1166.502	1166.7820000000002	490	WORE
1166.7820000000002	1167.112	471	WARM
1167.112	1167.612	158	FLEECY
1167.612	1167.962	489	WOOLEN
1167.962	1168.752	311	OVERALLS
1168.752	1175.783902348954	99999	sp
1175.783902348954	1175.992	354	READING
1175.992	1176.1382553055555	217	IN
1176.1382553055555	1176.3656577066342	335	POOR
1176.3656577066342	1176.6316820966472	240	LIGHT
1176.6316820966472	1176.8220000000001	181	GIVES
1176.8220000000001	1176.962	495	YOU
1176.962	1177.612	150	EYESTRAIN
1177.612	1184.3774816090706	99999	sp
1184.3774816090706	1184.590652798919	142	EVEN
1184.590652798919	1184.8220000000001	211	I
1184.8220000000001	1185.3055961905252	293	OCCASIONALLY
1185.3055961905252	1185.454801174489	177	GET
1185.454801174489	1185.512	434	THE
1185.512	1185.8790498304243	265	MONDAY
1185.8790498304243	1186.452	56	BLUES
1186.452	1192.0	99999	sp
1192.0	1193.3490176369803	99999	sp
1193.3490176369803	1193.432	476	WE
1193.432	1193.612	30	ARE
1193.612	1193.882	301	OPEN
1193.882	1194.182	145	EVERY
1194.182	1194.432	265	MONDAY
1194.432	1195.032	143	EVENING
1195.032	1202.301329992012	99999	sp
1202.301329992012	1202.482	226	IT'S
1202.482	1202.662	285	NOT
1202.662	1202.974923614064	133	EASY
1202.974923614064	1203.1717335670878	446	TO
1203.1717335670878	1203.702	113	CREATE
1203.702	1204.432	215	ILLUMINATING
1204.432	1205.342	146	EXAMPLES
1205.342	1212.9274852701922	99999	sp
1212.9274852701922	1213.1166974138332	270	MUM
1213.1166974138332	1213.6510737176259	407	STRONGLY
1213.6510737176259	1214.162	126	DISLIKES
1214.162	1215.082	27	APPETIZERS
1215.082	1223.889997795374	99999	sp
1223.889997795374	1224.122	443	THOSE
1224.122	1224.2532643592688	484	WHO
1224.2532643592688	1224.532	427	TEACH
1224.532	1225.042	462	VALUES
1225.042	1225.4203919906768	156	FIRST
1225.4203919906768	1225.8310226002804	4	ABOLISH
1225.8310226002804	1226.332	87	CHEATING
1226.332	1234.243607121486	99999	sp
1234.243607121486	1234.302	434	THE
1234.302	1234.632	165	FRIGHTENED
1234.632	1234.982	89	CHILD
1234.982	1235.142	472	WAS
1235.142	1235.3722963343198	88888	SO
1235.3722963343198	1236.002	176	GENTLY
1236.002	1236.8992321726907	99999	sp
1236.8992321726907	1237.4300329352984	410	SUBDUED
1237.4300329352984	1237.512	73	BY
1237.512	1237.7145221158082	208	HIS
1237.7145221158082	1237.9264298868407	52	BIG
1237.9264298868407	1238.292	66	BROTHER
1238.292	1247.5300447782522	99999	sp
1247.5300447782522	1247.782	142	EVEN
1247.782	1247.812	1	A
1247.812	1248.222	383	SIMPLE
1248.222	1248.9032215718942	468	VOCABULARY
1248.9032215718942	1249.332	104	CONTAINS
1249.332	1250.022	422	SYMBOLS
1250.022	1257.5408991714478	99999	sp
1257.5408991714478	1257.6414677468747	1	A
1257.6414677468747	1257.9307436492263	110	CRAB
1257.9307436492263	1258.3341479349276	85	CHALLENGED
1258.3341479349276	1258.6635953536152	258	ME
1258.6635953536152	1258.772	70	BUT
1258.772	1258.952	1	A
1258.952	1259.112	350	QUICK
1259.112	1259.602	402	STAB
1259.602	1260.0697587053912	464	VANQUISHED
1260.0697587053912	1260.352	207	HIM
1260.352	1268.7902663638552	99999	sp
1268.7902663638552	1269.342	183	GLUCOSE
1269.342	1269.532	20	AND
1269.532	1270.0819999999999	167	FRUCTOSE
1270.0819999999999	1270.212	30	ARE
1270.212	1270.532	276	NATURAL
1270.532	1271.066593503426	414	SUGARS
1271.066593503426	1271.242	163	FOUND
1271.242	1271.352	217	IN
1271.352	1271.702	168	FRUIT
1271.702	1279.833566996578	99999	sp
1279.833566996578	1279.912	30	ARE
1279.912	1280.142	495	YOU
1280.142	1280.442	250	LOOKING
1280.442	1280.642	161	FOR
1280.642	1281.312	136	EMPLOYMENT
1281.312	1290.4682150292115	99999	sp
1290.4682150292115	1290.692	98	COFFEE
1290.692	1290.907096347946	224	IS
1290.907096347946	1291.152	198	GROWN
1291.152	1291.3220000000001	297	ON
1291.3220000000001	1291.827222224262	404	STEEP
1291.827222224262	1292.142	231	JUNGLE
1292.142	1292.342	241	LIKE
1292.342	1292.812	390	SLOPES
1292.812	1292.964411329194	217	IN
1292.964411329194	1293.3220000000001	431	TEMPERATE
1293.3220000000001	1293.872	497	ZONES
1293.872	1302.9494248673823	99999	sp
1302.9494248673823	1303.062	476	WE
1303.062	1303.432	480	WELCOME
1303.432	1303.672	256	MANY
1303.672	1303.842	282	NEW
1303.842	1304.304253353839	408	STUDENTS
1304.304253353839	1304.4986106007314	132	EACH
1304.4986106007314	1304.896850552074	491	YEAR
1304.896850552074	1316.160622522669	99999	sp
1316.160622522669	1316.411410833534	298	ONLY
1316.411410833534	1316.5069962414955	434	THE
1316.5069962414955	1316.742	51	BEST
1316.742	1317.0819999999999	330	PLAYERS
1317.0819999999999	1317.4109693500109	139	ENJOY
1317.4109693500109	1318.192	336	POPULARITY
1318.192	1325.7254122822337	99999	sp
1325.7254122822337	1326.122	75	CALCIUM
1326.122	1326.46343853915	254	MAKES
1326.46343853915	1326.872	88888	BUNS
1326.872	1327.1211943443425	20	AND
1327.1211943443425	1327.402	430	TEETH
1327.402	1327.982	406	STRONG
1327.982	1337.7761332495593	99999	sp
1337.7761332495593	1338.092	286	NOTHING
1338.092	1338.292	224	IS
1338.292	1338.502	34	AS
1338.502	1338.922	295	OFFENSIVE
1338.922	1339.142	34	AS
1339.142	1339.912	219	INNOCENCE
1339.912	1346.773438075778	99999	sp
1346.773438075778	1347.532	405	STEVE
1347.532	1347.902	490	WORE
1347.902	1347.9797633774292	1	A
1347.9797633774292	1348.272	65	BRIGHT
1348.272	1348.6318711898969	356	RED
1348.6318711898969	1349.0819999999999	78	CASHMERE
1349.0819999999999	1349.622	420	SWEATER
1349.622	1357.728458562683	99999	sp
1357.728458562683	1358.062	46	BARB'S
1358.062	1358.3111773455862	188	GOLD
1358.3111773455862	1358.762	63	BRACELET
1358.762	1358.952	472	WAS
1358.952	1359.0180373983183	1	A
1359.0180373983183	1359.654417964809	193	GRADUATION
1359.654417964809	1360.092	339	PRESENT
1360.092	1367.7250352031424	99999	sp
1367.7250352031424	1367.962	130	DRAW
1367.962	1368.252	145	EVERY
1368.252	1368.472	308	OUTER
1368.472	1368.742	244	LINE
1368.742	1369.292	156	FIRST
1369.292	1369.413948283008	99999	sp
1369.413948283008	1369.622	436	THEN
1369.622	1369.992	154	FILL
1369.992	1370.1989277581365	217	IN
1370.1989277581365	1370.292	434	THE
1370.292	1371.0806675500762	222	INTERIOR
1371.0806675500762	1379.676634631101	99999	sp
1379.676634631101	1379.7422200830072	434	THE
1379.7422200830072	1380.0439065097137	475	WATER
1380.0439065097137	1380.6048228764364	103	CONTAINED
1380.6048228764364	1380.842	448	TOO
1380.842	1381.062	269	MUCH
1381.062	1381.602	90	CHLORINE
1381.602	1381.8220000000001	20	AND
1381.8220000000001	1382.102	409	STUNG
1382.102	1382.292	208	HIS
1382.292	1382.972	149	EYES
1382.972	1391.5916607628656	99999	sp
1391.5916607628656	1392.0944504330082	229	JOHN'S
1392.0944504330082	1392.382	66	BROTHER
1392.382	1392.8978881686987	363	REPAINTED
1392.8978881686987	1392.972	434	THE
1392.972	1393.4636562381622	173	GARAGE
1393.4636562381622	1393.8319999999999	129	DOOR
1393.8319999999999	1402.9309523900645	99999	sp
1402.9309523900645	1403.4999215386304	84	CHALLENGE
1403.4999215386304	1403.842	132	EACH
1403.842	1404.302	175	GENERAL'S
1404.302	1405.172	221	INTELLIGENCE
1405.172	1412.3856856129137	99999	sp
1412.3856856129137	1413.1646422716342	17	AMBIDEXTROUS
1413.1646422716342	1413.881780704471	327	PICKPOCKETS
1413.881780704471	1414.6649622650368	6	ACCOMPLISH
1414.6649622650368	1415.042	267	MORE
1415.042	1422.6116413654072	99999	sp
1422.6116413654072	1422.642	1	A
1422.642	1423.252	271	MUSCULAR
1423.252	1423.842	2	ABDOMEN
1423.842	1424.0811327083206	224	IS
1424.0811327083206	1424.262	189	GOOD
1424.262	1424.452	161	FOR
1424.452	1424.6080285465341	496	YOUR
1424.6080285465341	1425.042	43	BACK
1425.042	1432.405277285242	99999	sp
1432.405277285242	1432.522	438	THEY
1432.522	1432.682	317	OWN
1432.682	1432.774283389129	1	A
1432.774283389129	1432.9706854510441	52	BIG
1432.9706854510441	1433.300703414489	209	HOUSE
1433.300703414489	1433.372	217	IN
1433.372	1433.432	434	THE
1433.432	1433.834685771491	361	REMOTE
1433.834685771491	1434.7102810864894	109	COUNTRYSIDE
1434.7102810864894	1444.203481621215	99999	sp
1444.203481621215	1444.312	434	THE
1444.312	1444.5720000000001	356	RED
1444.5720000000001	1444.8500179985824	99999	sp
1444.8500179985824	1444.902	434	THE
1444.902	1445.2489761534391	369	ROSE
1445.2489761534391	1445.862	106	CORSAGE
1445.862	1446.192	393	SMELLED
1446.192	1446.662	421	SWEET
1446.662	1454.6797354262042	99999	sp
1454.6797354262042	1455.282	433	THAT
1455.282	1455.8319999999999	326	PICKPOCKET
1455.8319999999999	1456.0171405136593	472	WAS
1456.0171405136593	1456.2838910676014	80	CAUGHT
1456.2838910676014	1456.453804722442	356	RED
1456.453804722442	1457.0104207322902	199	HANDED
1457.0104207322902	1465.4866419162354	99999	sp
1465.4866419162354	1465.546571964052	19	AN
1465.546571964052	1465.962	9	ADULT
1465.962	1466.2511730363199	255	MALE
1466.2511730363199	1466.8813786196215	42	BABOON'S
1466.8813786196215	1467.132	430	TEETH
1467.132	1467.202	30	ARE
1467.202	1467.432	285	NOT
1467.432	1468.1538913507059	415	SUITABLE
1468.1538913507059	1468.342	161	FOR
1468.342	1468.652	135	EATING
1468.652	1469.422	376	SHELLFISH
1469.422	1480.2175848002248	99999	sp
1480.2175848002248	1480.2719360805231	204	HER
1480.2719360805231	1481.292521963711	88888	WARBDROBE
1481.292521963711	1481.8052468305928	102	CONSISTS
1481.8052468305928	1481.912	294	OF
1481.912	1482.222	298	ONLY
1482.222	1482.6298651141624	385	SKIRTS
1482.6298651141624	1482.7450649825198	20	AND
1482.7450649825198	1483.422	54	BLOUSES
1483.422	1500.7092738563183	99999	sp
1500.7092738563183	1500.8300168547607	434	THE
1500.8300168547607	1501.0720000000001	453	TWO
1501.0720000000001	1501.492	33	ARTISTS
1501.492	1502.1992917667012	147	EXCHANGED
1502.1992917667012	1502.912	39	AUTOGRAPHS
1502.912	1512.9759844601508	99999	{NS}
1512.9759844601508	1513.532	71	BUTTERSCOTCH
1513.532	1513.8569659340853	88888	FUD
1513.8569659340853	1514.422	186	GOES
1514.422	1514.6082229391204	99999	sp
1514.6082229391204	1515.0720000000001	481	WELL
1515.0720000000001	1515.292	487	WITH
1515.292	1515.682	463	VANILLA
1515.682	1515.972	212	ICE
1515.972	1516.362	112	CREAM
1516.362	1525.1560320643305	99999	sp
1525.1560320643305	1525.4181931089481	366	RICH
1525.4181931089481	1525.8303570796927	349	PURCHASED
1525.8303570796927	1526.312	374	SEVERAL
1526.312	1526.4010268838201	99999	sp
1526.4010268838201	1527.012	382	SIGNED
1527.012	1527.2052557862119	99999	sp
1527.2052557862119	1528.142	245	LITHOGRAPHS
1528.142	1536.653249901121	99999	sp
1536.653249901121	1536.8570616223285	24	ANY
1536.8570616223285	1537.9584922270903	105	CONTRIBUTIONS
1537.9584922270903	1538.1597140100248	485	WILL
1538.1597140100248	1538.6898214904504	195	GREATLY
1538.6898214904504	1538.9083966296362	99999	sp
1538.9083966296362	1539.1649175350308	47	BE
1539.1649175350308	1539.502	195	GREATLY
1539.502	1540.132	28	APPRECIATED
1540.132	1549.0260796147306	99999	sp
1549.0260796147306	1549.132	434	THE
1549.132	1549.2705474088893	99999	sp
1549.2705474088893	1549.9595828794668	111	CRANBERRY
1549.9595828794668	1550.3119367630675	57	BOG
1550.3119367630675	1550.632	178	GETS
1550.632	1550.812	99999	sp
1550.812	1551.184716138753	465	VERY
1551.184716138753	1551.502	340	PRETTY
1551.502	1551.622	217	IN
1551.622	1552.092	40	AUTUMN
1552.092	1560.2977807727425	99999	sp
1560.2977807727425	1560.452	210	HOW
1560.452	1560.562	128	DO
1560.562	1561.002	318	OYSTERS
1561.002	1561.242	253	MAKE
1561.242	1561.732	320	PEARLS
1561.732	1568.3277714812134	99999	sp
1568.3277714812134	1568.5819999999999	257	MAY
1568.5819999999999	1568.662	211	I
1568.662	1568.9168339206622	304	ORDER
1568.9168339206622	1569.0968264170046	1	A
1569.0968264170046	1569.522	319	PARFAIT
1569.522	1569.912	10	AFTER
1569.912	1570.012	211	I
1570.012	1570.3785219157944	134	EAT
1570.3785219157944	1570.8020000000001	124	DINNER
1570.8020000000001	1578.46859554253	99999	sp
1578.46859554253	1578.562	224	IS
1578.562	1578.783093173557	375	SHE
1578.783093173557	1579.0162791615353	187	GOING
1579.0162791615353	1579.168356649916	487	WITH
1579.168356649916	1579.420862668359	495	YOU
1579.420862668359	1586.866962327017	99999	sp
1586.866962327017	1587.012	76	CAN
1587.012	1587.142	434	THE
1587.142	1587.782	11	AGENCY
1587.782	1588.372	315	OVERTHROW
1588.372	1588.692	13	ALIEN
1588.692	1589.362	162	FORCES
1589.362	1597.342	99999	sp
1597.342	1607.542	99999	{NS}
1607.542	1607.5819999999999	1	A
1607.5819999999999	1608.212	371	SCREWDRIVER
1608.212	1608.3852702632855	224	IS
1608.3852702632855	1608.5555205332964	252	MADE
1608.5555205332964	1608.7613078305797	166	FROM
1608.7613078305797	1609.032	469	VODKA
1609.032	1609.202	20	AND
1609.202	1609.462	303	ORANGE
1609.462	1609.992	230	JUICE
1609.992	1617.8289533556765	99999	sp
1617.8289533556765	1617.952	210	HOW
1617.952	1618.252	269	MUCH
1618.252	1618.693082492823	16	ALLOWANCE
1618.693082492823	1618.762	128	DO
1618.762	1618.9073300236232	495	YOU
1618.9073300236232	1619.182	177	GET
1619.182	1626.322393292663	99999	sp
1626.322393292663	1627.0706425784867	115	CYCLICAL
1627.0706425784867	1627.7376827517014	346	PROGRAMS
1627.7376827517014	1627.8220000000001	485	WILL
1627.8220000000001	1628.126738942738	281	NEVER
1628.126738942738	1628.722	100	COMPILE
1628.722	1637.9606332775777	99999	sp
1637.9606332775777	1638.0782781270796	434	THE
1638.0782781270796	1638.4732716804833	61	BOSTON
1638.4732716804833	1638.952	45	BALLET
1638.952	1639.522	312	OVERCAME
1639.522	1639.642	435	THEIR
1639.642	1639.982	170	FUNDING
1639.982	1640.652	380	SHORTAGE
1640.652	1649.0655392068056	99999	sp
1649.0655392068056	1649.3486520153633	145	EVERY
1649.3486520153633	1649.632	74	CAB
1649.632	1649.952	280	NEEDS
1649.952	1650.462	364	REPAINTING
1650.462	1650.932	296	OFTEN
1667.7160161267523	1668.021500079807	203	HELP
1668.021500079807	1668.5024190701022	196	GREG
1668.5024190701022	1668.7196286122544	99999	sp
1668.7196286122544	1668.899703363529	446	TO
1668.899703363529	1669.232	325	PICK
1669.232	1669.4395106658744	1	A
1669.4395106658744	1669.682	321	PECK
1669.682	1669.841665037074	294	OF
1669.841665037074	1670.652	338	POTATOES
1670.652	1680.186676053449	99999	sp
1680.186676053449	1680.282	476	WE
1680.282	1680.5682630263877	241	LIKE
1680.5682630263877	1680.7567909096003	55	BLUE
1680.7567909096003	1681.2499536292612	88	CHEESE
1681.2499536292612	1681.412	70	BUT
1681.412	1681.712	466	VICTOR
1681.712	1682.0690667995425	242	LIKES
1682.0690667995425	1682.402	64	BRIE
1682.402	1692.515452679618	99999	sp
1692.515452679618	1692.7703072579957	108	COUNT
1692.7703072579957	1692.8319999999999	434	THE
1692.8319999999999	1693.222	289	NUMBER
1693.222	1693.4189563695043	294	OF
1693.4189563695043	1694.0720000000001	429	TEASPOONS
1694.0720000000001	1694.132	294	OF
1694.132	1694.849441048676	395	SOYSAUCE
1694.849441048676	1695.022	433	THAT
1695.022	1695.182	495	YOU
1695.182	1695.522	7	ADD
1695.522	1704.5476516053218	99999	sp
1704.5476516053218	1705.1135722612648	44	BAGPIPES
1705.1135722612648	1705.2614908069545	20	AND
1705.2614908069545	1705.7112969028365	59	BONGOS
1705.7112969028365	1705.762	30	ARE
1705.762	1706.242	273	MUSICAL
1706.242	1706.912	220	INSTRUMENTS
1706.912	1715.3623735869733	99999	sp
1715.3623735869733	1715.619623231651	210	HOW
1715.619623231651	1715.8020000000001	189	GOOD
1715.8020000000001	1715.992	224	IS
1715.992	1716.1219999999998	496	YOUR
1716.1219999999998	1716.792	138	ENDURANCE
2321.642	2331.6884902130723	99999	sp
2331.6884902130723	2331.7275140075435	30	ARE
2331.7275140075435	2331.869121508162	496	YOUR
2331.869121508162	2332.117885730704	192	GRADES
2332.117885730704	2332.5693797877207	206	HIGHER
2332.5693797877207	2332.721673843879	302	OR
2332.721673843879	2332.9570083586605	251	LOWER
2332.9570083586605	2333.0640971316307	432	THAN
2333.0640971316307	2333.7219999999998	275	NANCY'S
2333.7219999999998	2343.112	99999	sp
2343.112	2343.282	375	SHE
2343.282	2343.552	490	WORE
2343.552	2343.822	471	WARM
2343.822	2344.272	158	FLEECY
2344.272	2344.592	489	WOOLEN
2344.592	2345.352	311	OVERALLS
2345.352	2352.512465007103	99999	{NS}
2352.512465007103	2352.702	354	READING
2352.702	2352.860280342996	217	IN
2352.860280342996	2353.052	335	POOR
2353.052	2353.308189409803	240	LIGHT
2353.308189409803	2353.482	181	GIVES
2353.482	2353.602	495	YOU
2353.602	2354.212	150	EYESTRAIN
2354.212	2360.9228128328987	99999	sp
2360.9228128328987	2361.142	142	EVEN
2361.142	2361.332	211	I
2361.332	2361.7890922998035	293	OCCASIONALLY
2361.7890922998035	2361.9307736099217	177	GET
2361.9307736099217	2361.982	434	THE
2361.982	2362.363391111845	265	MONDAY
2362.363391111845	2362.892	56	BLUES
2362.892	2369.7380347189514	99999	sp
2369.7380347189514	2369.812	476	WE
2369.812	2369.902	30	ARE
2369.902	2370.1897462569996	301	OPEN
2370.1897462569996	2370.452	145	EVERY
2370.452	2370.6620000000003	265	MONDAY
2370.6620000000003	2371.2619999999997	143	EVENING
2371.2619999999997	2377.2681610399463	99999	sp
2377.2681610399463	2377.455979374876	226	IT'S
2377.455979374876	2377.652	285	NOT
2377.652	2377.952	133	EASY
2377.952	2378.11797142002	446	TO
2378.11797142002	2378.4578767495013	113	CREATE
2378.4578767495013	2379.142	215	ILLUMINATING
2379.142	2379.942	146	EXAMPLES
2379.942	2384.0	99999	sp
2384.0	2387.2063638998725	99999	sp
2387.2063638998725	2387.4083855114345	270	MUM
2387.4083855114345	2387.8913324715463	407	STRONGLY
2387.8913324715463	2388.382	126	DISLIKES
2388.382	2389.282	27	APPETIZERS
2389.282	2396.743138910902	99999	sp
2396.743138910902	2397.022	443	THOSE
2397.022	2397.144255461142	484	WHO
2397.144255461142	2397.422	427	TEACH
2397.422	2397.892	462	VALUES
2397.892	2398.192	156	FIRST
2398.192	2398.603042190499	4	ABOLISH
2398.603042190499	2399.052	87	CHEATING
2399.052	2409.6034422451344	99999	sp
2409.6034422451344	2409.672	434	THE
2409.672	2409.982	165	FRIGHTENED
2409.982	2410.352	89	CHILD
2410.352	2410.570921313841	472	WAS
2410.570921313841	2410.812	176	GENTLY
2410.812	2411.410751078328	410	SUBDUED
2411.410751078328	2411.512	73	BY
2411.512	2411.699692168244	208	HIS
2411.699692168244	2411.916845526812	52	BIG
2411.916845526812	2412.282	66	BROTHER
2412.282	2420.967512850563	99999	sp
2420.967512850563	2421.172	142	EVEN
2421.172	2421.212	1	A
2421.212	2421.592	383	SIMPLE
2421.592	2422.1890548857814	468	VOCABULARY
2422.1890548857814	2422.632	104	CONTAINS
2422.632	2423.262	422	SYMBOLS
2431.9005197975025	2432.001211858644	1	A
2432.001211858644	2432.252140232156	110	CRAB
2432.252140232156	2432.652	85	CHALLENGED
2432.652	2432.973055225549	258	ME
2432.973055225549	2433.082	70	BUT
2433.082	2433.149820855141	1	A
2433.149820855141	2433.332	350	QUICK
2433.332	2433.672	402	STAB
2433.672	2434.122	464	VANQUISHED
2434.122	2434.422	207	HIM
2434.422	2441.9607478121743	99999	sp
2441.9607478121743	2442.4621163033366	183	GLUCOSE
2442.4621163033366	2442.582	20	AND
2442.582	2443.1045886524375	167	FRUCTOSE
2443.1045886524375	2443.152	30	ARE
2443.152	2443.462	276	NATURAL
2443.462	2443.882	414	SUGARS
2443.882	2444.0646494884636	163	FOUND
2444.0646494884636	2444.1666567181865	217	IN
2444.1666567181865	2444.483343698139	168	FRUIT
2444.483343698139	2456.6873882344685	99999	sp
2456.6873882344685	2456.744869249205	30	ARE
2456.744869249205	2456.842	495	YOU
2456.842	2457.122	250	LOOKING
2457.122	2457.342	161	FOR
2457.342	2457.832	136	EMPLOYMENT
2457.832	2464.0875295365227	99999	sp
2464.0875295365227	2464.322	98	COFFEE
2464.322	2464.5591476560644	224	IS
2464.5591476560644	2464.742	198	GROWN
2464.742	2464.872	297	ON
2464.872	2465.2646968034214	404	STEEP
2465.2646968034214	2465.592	231	JUNGLE
2465.592	2465.762	241	LIKE
2465.762	2466.312506205367	390	SLOPES
2466.312506205367	2466.4618501605846	217	IN
2466.4618501605846	2466.822	431	TEMPERATE
2466.822	2467.352	497	ZONES
2467.352	2475.776863451543	99999	sp
2475.776863451543	2475.902	476	WE
2475.902	2476.162	480	WELCOME
2476.162	2476.422	256	MANY
2476.422	2476.592	282	NEW
2476.592	2477.022	408	STUDENTS
2477.022	2477.252	132	EACH
2477.252	2477.552	491	YEAR
2477.552	2484.211921246325	99999	sp
2484.211921246325	2484.432	298	ONLY
2484.432	2484.5355692231765	434	THE
2484.5355692231765	2484.79275524027	51	BEST
2484.79275524027	2485.112	330	PLAYERS
2485.112	2485.4636520928834	139	ENJOY
2485.4636520928834	2486.212	336	POPULARITY
2486.212	2493.1071121730206	99999	sp
2493.1071121730206	2493.502	75	CALCIUM
2493.502	2493.814427293128	254	MAKES
2493.814427293128	2494.162	58	BONES
2494.162	2494.302	20	AND
2494.302	2494.522	430	TEETH
2494.522	2495.062	406	STRONG
2495.062	2505.618331077398	99999	sp
2505.618331077398	2505.912	286	NOTHING
2505.912	2506.092	224	IS
2506.092	2506.302	34	AS
2506.302	2506.722	295	OFFENSIVE
2506.722	2506.922	34	AS
2506.922	2507.612	219	INNOCENCE
2507.612	2514.2721324215586	99999	sp
2514.2721324215586	2514.612	405	STEVE
2514.612	2514.822	490	WORE
2514.822	2514.8812368125054	1	A
2514.8812368125054	2515.092	65	BRIGHT
2515.092	2515.339927913768	356	RED
2515.339927913768	2515.782	78	CASHMERE
2515.782	2516.292	420	SWEATER
2516.292	2523.2455553096615	99999	sp
2523.2455553096615	2523.562	46	BARB'S
2523.562	2523.7709519531304	188	GOLD
2523.7709519531304	2524.182	63	BRACELET
2524.182	2524.372	472	WAS
2524.372	2524.446491517285	1	A
2524.446491517285	2525.0517521621596	193	GRADUATION
2525.0517521621596	2525.437571362098	339	PRESENT
2525.437571362098	2535.7005954852966	99999	sp
2535.7005954852966	2535.922	130	DRAW
2535.922	2536.232	145	EVERY
2536.232	2536.442	308	OUTER
2536.442	2536.6707077995525	244	LINE
2536.6707077995525	2537.143727843244	156	FIRST
2537.143727843244	2537.302	436	THEN
2537.302	2537.612	154	FILL
2537.612	2537.752	217	IN
2537.752	2537.882	434	THE
2537.882	2538.522	222	INTERIOR
2538.522	2546.2775187838306	99999	sp
2546.2775187838306	2546.342	434	THE
2546.342	2546.6277495248023	475	WATER
2546.6277495248023	2547.0546058202126	103	CONTAINED
2547.0546058202126	2547.192	448	TOO
2547.192	2547.411920910957	269	MUCH
2547.411920910957	2547.852	90	CHLORINE
2547.852	2548.012	20	AND
2548.012	2548.2846933411556	409	STUNG
2548.2846933411556	2548.4381924631693	208	HIS
2548.4381924631693	2549.0221091849535	149	EYES
2549.0221091849535	2556.8658130075373	99999	sp
2556.8658130075373	2557.190028285506	229	JOHN'S
2557.190028285506	2557.572	66	BROTHER
2557.572	2558.052	363	REPAINTED
2558.052	2558.167081206725	434	THE
2558.167081206725	2558.5860717963496	173	GARAGE
2558.5860717963496	2558.9317874193944	129	DOOR
2558.9317874193944	2565.7280479871924	99999	sp
2565.7280479871924	2566.162	84	CHALLENGE
2566.162	2566.412	132	EACH
2566.412	2566.91220831573	175	GENERAL'S
2566.91220831573	2567.732	221	INTELLIGENCE
2567.732	2574.6527571899255	99999	sp
2574.6527571899255	2575.4194034248326	17	AMBIDEXTROUS
2575.4194034248326	2576.012	327	PICKPOCKETS
2576.012	2576.4934738171246	6	ACCOMPLISH
2576.4934738171246	2576.842	267	MORE
2576.842	2584.1169138301066	99999	sp
2584.1169138301066	2584.1342107656274	1	A
2584.1342107656274	2584.602	271	MUSCULAR
2584.602	2585.152	2	ABDOMEN
2585.152	2585.3411995923616	224	IS
2585.3411995923616	2585.442	189	GOOD
2585.442	2585.522	161	FOR
2585.522	2585.7408926340513	496	YOUR
2585.7408926340513	2586.172	43	BACK
2586.172	2597.300371016031	99999	sp
2597.300371016031	2597.412	438	THEY
2597.412	2597.542	317	OWN
2597.542	2597.6360888100044	1	A
2597.6360888100044	2597.812	52	BIG
2597.812	2598.1180300922597	209	HOUSE
2598.1180300922597	2598.192	217	IN
2598.192	2598.252	434	THE
2598.252	2598.602	361	REMOTE
2598.602	2599.392	109	COUNTRYSIDE
2599.392	2606.6174661219507	99999	sp
2606.6174661219507	2606.684063108006	434	THE
2606.684063108006	2607.042	369	ROSE
2607.042	2607.587822634925	106	CORSAGE
2607.587822634925	2607.962	393	SMELLED
2607.962	2608.422	421	SWEET
2608.422	2615.624297142275	99999	sp
2615.624297142275	2615.852	433	THAT
2615.852	2616.382	326	PICKPOCKET
2616.382	2616.5692116724945	472	WAS
2616.5692116724945	2616.832	80	CAUGHT
2616.832	2616.982	356	RED
2616.982	2617.4643053520736	199	HANDED
2617.4643053520736	2624.3283714470426	99999	sp
2624.3283714470426	2624.394645584177	19	AN
2624.394645584177	2624.6905402861667	9	ADULT
2624.6905402861667	2624.9746572819986	255	MALE
2624.9746572819986	2625.533791667805	42	BABOON'S
2625.533791667805	2625.7505633246824	430	TEETH
2625.7505633246824	2625.812	30	ARE
2625.812	2626.032	285	NOT
2626.032	2626.4346996311137	415	SUITABLE
2626.4346996311137	2626.582	161	FOR
2626.582	2626.822	135	EATING
2626.822	2627.502	376	SHELLFISH
2627.502	2635.6311692429977	99999	sp
2635.6311692429977	2635.758010146256	88888	HERs
2635.758010146256	2636.157624831679	470	WARDROBE
2636.157624831679	2636.653228620643	102	CONSISTS
2636.653228620643	2636.782	294	OF
2636.782	2637.022	298	ONLY
2637.022	2637.434532524967	385	SKIRTS
2637.434532524967	2637.5684615104265	20	AND
2637.5684615104265	2638.242	54	BLOUSES
2638.242	2646.521800969696	99999	sp
2646.521800969696	2646.634751438971	434	THE
2646.634751438971	2646.802	453	TWO
2646.802	2647.167878499451	33	ARTISTS
2647.167878499451	2647.632	147	EXCHANGED
2647.632	2648.412	39	AUTOGRAPHS
2648.412	2655.7021899945535	99999	sp
2655.7021899945535	2656.2219999999998	71	BUTTERSCOTCH
2656.2219999999998	2656.7371460295794	169	FUDGE
2656.7371460295794	2657.022	186	GOES
2657.022	2657.232	481	WELL
2657.232	2657.432	487	WITH
2657.432	2657.702	463	VANILLA
2657.702	2658.0460838254367	212	ICE
2658.0460838254367	2658.342	112	CREAM
2658.342	2666.5105385254446	99999	sp
2666.5105385254446	2666.790822897076	366	RICH
2666.790822897076	2667.162	349	PURCHASED
2667.162	2667.632	374	SEVERAL
2667.632	2667.86787863818	99999	sp
2667.86787863818	2668.332	382	SIGNED
2668.332	2669.182	245	LITHOGRAPHS
2669.182	2678.759456583578	99999	sp
2678.759456583578	2678.932045482366	24	ANY
2678.932045482366	2679.682	105	CONTRIBUTIONS
2679.682	2679.822	485	WILL
2679.822	2679.9878847262703	47	BE
2679.9878847262703	2680.332	195	GREATLY
2680.332	2681.102	28	APPRECIATED
2681.102	2688.6719617244794	99999	sp
2688.6719617244794	2688.786560753275	434	THE
2688.786560753275	2689.231090213423	111	CRANBERRY
2689.231090213423	2689.652	57	BOG
2689.652	2690.2846143211646	99999	sp
2690.2846143211646	2690.492	178	GETS
2690.492	2690.7407965043503	465	VERY
2690.7407965043503	2690.982	340	PRETTY
2690.982	2691.082	217	IN
2691.082	2691.502	40	AUTUMN
2691.502	2699.121367006934	99999	sp
2699.121367006934	2699.342	210	HOW
2699.342	2699.442	128	DO
2699.442	2699.902647132307	318	OYSTERS
2699.902647132307	2700.162	253	MAKE
2700.162	2700.652	320	PEARLS
2700.652	2707.2317883728874	99999	sp
2707.2317883728874	2707.412	257	MAY
2707.412	2707.442	211	I
2707.442	2707.7219999999998	304	ORDER
2707.7219999999998	2707.8149126635003	1	A
2707.8149126635003	2708.262	319	PARFAIT
2708.262	2708.552	10	AFTER
2708.552	2708.622	211	I
2708.622	2708.8417807513597	134	EAT
2708.8417807513597	2709.232	124	DINNER
2709.232	2716.2907938992553	99999	sp
2716.2907938992553	2716.352	224	IS
2716.352	2716.56624578172	375	SHE
2716.56624578172	2716.812	187	GOING
2716.812	2716.9812387133493	487	WITH
2716.9812387133493	2717.242	495	YOU
2717.242	2723.691071633451	99999	sp
2723.691071633451	2723.8323921221186	76	CAN
2723.8323921221186	2723.8919947874538	434	THE
2723.8919947874538	2724.509976043009	11	AGENCY
2724.509976043009	2725.032	315	OVERTHROW
2725.032	2725.372	13	ALIEN
2725.372	2726.082	162	FORCES
2726.082	2733.9374944888414	99999	sp
2733.9374944888414	2733.9719999999998	1	A
2733.9719999999998	2734.512	371	SCREWDRIVER
2734.512	2734.6818941403894	224	IS
2734.6818941403894	2734.826178459776	252	MADE
2734.826178459776	2735.052	166	FROM
2735.052	2735.362	469	VODKA
2735.362	2735.492	20	AND
2735.492	2735.872	303	ORANGE
2735.872	2736.322	230	JUICE
2736.322	2743.667971939913	99999	sp
2743.667971939913	2743.772	210	HOW
2743.772	2743.952	269	MUCH
2743.952	2744.369652866642	16	ALLOWANCE
2744.369652866642	2744.442	128	DO
2744.442	2744.5758846633425	495	YOU
2744.5758846633425	2745.002	177	GET
2745.002	2751.251187818461	99999	sp
2751.251187818461	2751.865836382298	115	CYCLICAL
2751.865836382298	2752.4149070614585	346	PROGRAMS
2752.4149070614585	2752.492	485	WILL
2752.492	2752.782	281	NEVER
2752.782	2753.342	100	COMPILE
2753.342	2760.8276921928623	99999	sp
2760.8276921928623	2760.935387665706	434	THE
2760.935387665706	2761.2741260756347	61	BOSTON
2761.2741260756347	2761.662	45	BALLET
2761.662	2762.142	312	OVERCAME
2762.142	2762.282	435	THEIR
2762.282	2762.622	170	FUNDING
2762.622	2763.302	380	SHORTAGE
2763.302	2770.873566843611	99999	sp
2770.873566843611	2771.1000034788203	145	EVERY
2771.1000034788203	2771.432	74	CAB
2771.432	2771.762	280	NEEDS
2771.762	2772.272	364	REPAINTING
2772.272	2772.802	296	OFTEN
2772.802	2780.05597937735	99999	sp
2780.05597937735	2780.320385570293	203	HELP
2780.320385570293	2780.652	196	GREG
2780.652	2780.744019836337	99999	sp
2780.744019836337	2780.9113179745164	446	TO
2780.9113179745164	2781.082674924186	325	PICK
2781.082674924186	2781.1857521099273	1	A
2781.1857521099273	2781.382	321	PECK
2781.382	2781.4989652449244	294	OF
2781.4989652449244	2782.292	338	POTATOES
2782.292	2790.3194648026433	99999	sp
2790.3194648026433	2790.412	476	WE
2790.412	2790.678765118355	241	LIKE
2790.678765118355	2790.832	55	BLUE
2790.832	2791.192	88	CHEESE
2791.192	2791.392	70	BUT
2791.392	2791.662	466	VICTOR
2791.662	2792.015460003228	242	LIKES
2792.015460003228	2792.342	64	BRIE
2792.342	2800.5078443332754	99999	sp
2800.5078443332754	2800.7219999999998	108	COUNT
2800.7219999999998	2800.782	434	THE
2800.782	2801.112	289	NUMBER
2801.112	2801.207079243857	294	OF
2801.207079243857	2801.712	429	TEASPOONS
2801.712	2801.772	294	OF
2801.772	2802.379243309794	395	SOYSAUCE
2802.379243309794	2802.532	433	THAT
2802.532	2802.672	495	YOU
2802.672	2803.032	7	ADD
2803.032	2811.4916799621824	99999	sp
2811.4916799621824	2811.992	44	BAGPIPES
2811.992	2812.1442564227127	20	AND
2812.1442564227127	2812.6875959519107	59	BONGOS
2812.6875959519107	2812.742	30	ARE
2812.742	2813.2219999999998	273	MUSICAL
2813.2219999999998	2813.912	220	INSTRUMENTS
2813.912	2821.4067382202634	99999	sp
2821.4067382202634	2821.562	210	HOW
2821.562	2821.652	189	GOOD
2821.652	2821.872	224	IS
2821.872	2822.002	496	YOUR
2822.002	2822.7219999999998	138	ENDURANCE
2822.7219999999998	2864.0446755371627	99999	sp
