9.951	10.151	496	YOUR
10.151	10.49	192	GRADES
10.49	10.975	206	HIGHER
10.975	11.087	302	OR
11.087	11.502	251	LOWER
11.502	11.641	432	THAN
11.641	12.389	275	NANCY'S
12.389	18.616	99999	sp
18.616	18.872	375	SHE
18.872	19.171	490	WORE
19.171	19.681	471	WARM
19.681	20.283	158	FLEECY
20.283	20.882	489	WOOLEN
20.882	21.773	311	OVERALLS
21.773	30.392	99999	{NS}
30.392	31.057	99999	sp
31.057	31.42	354	READING
31.42	31.638	217	IN
31.638	31.9	335	POOR
31.9	32.239	240	LIGHT
32.239	32.386	99999	sp
32.386	32.69	181	GIVES
32.69	32.821	495	YOU
32.821	33.642	150	EYESTRAIN
33.642	42.644	99999	{NS}
42.644	43.153	99999	{NS}
43.153	43.451	142	EVEN
43.451	43.694	211	I
43.694	44.421	293	OCCASIONALLY
44.421	44.68	177	GET
44.68	44.752	434	THE
44.752	45.196	265	MONDAY
45.196	45.862	56	BLUES
45.862	54.767	99999	{NS}
54.767	54.984	99999	{NS}
54.984	55.117	99999	{NS}
55.117	55.261	476	WE
55.261	55.381	30	ARE
55.381	55.842	301	OPEN
55.842	56.322	145	EVERY
56.322	56.861	265	MONDAY
56.861	57.58	143	EVENING
57.58	67.052	99999	{NS}
67.052	67.403	99999	sp
67.403	67.591	226	IT'S
67.591	67.891	285	NOT
67.891	68.322	133	EASY
68.322	68.508	446	TO
68.508	69.052	113	CREATE
69.052	69.956	215	ILLUMINATING
69.956	70.963	146	EXAMPLES
70.963	81.001	99999	{NS}
81.001	81.559	99999	sp
81.559	81.881	270	MUM
81.881	82.55	407	STRONGLY
82.55	83.162	126	DISLIKES
83.162	84.291	27	APPETIZERS
84.291	93.951	99999	{NS}
93.951	94.499	99999	{NS}
94.499	94.814	443	THOSE
94.814	94.956	484	WHO
94.956	95.492	427	TEACH
95.492	96.201	462	VALUES
96.201	96.589	156	FIRST
96.589	97.191	4	ABOLISH
97.191	97.827	87	CHEATING
97.827	109.822	99999	{NS}
109.822	109.841	99999	sp
109.841	110.479	99999	{NS}
110.479	110.562	434	THE
110.562	111.156	165	FRIGHTENED
111.156	111.671	89	CHILD
111.671	111.957	472	WAS
111.957	112.36	176	GENTLY
112.36	113.015	410	SUBDUED
113.015	113.149	73	BY
113.149	113.476	208	HIS
113.476	113.703	88888	BIT
113.703	113.894	99999	sp
113.894	114.176	52	BIG
114.176	114.243	99999	sp
114.243	114.744	66	BROTHER
114.744	126.191	99999	{NS}
126.191	126.823	99999	{NS}
126.823	127.1	142	EVEN
127.1	127.183	1	A
127.183	127.644	383	SIMPLE
127.644	128.672	468	VOCABULARY
128.672	129.262	104	CONTAINS
129.262	130.113	422	SYMBOLS
130.113	140.422	99999	{NS}
140.422	141.03	99999	{NS}
141.03	141.19	1	A
141.19	141.562	110	CRAB
141.562	141.664	99999	sp
141.664	142.258	85	CHALLENGED
142.258	142.618	258	ME
142.618	142.718	99999	sp
142.718	142.783	70	BUT
142.783	142.971	1	A
142.971	143.203	350	QUICK
143.203	143.716	402	STAB
143.716	144.392	464	VANQUISHED
144.392	144.75	207	HIM
144.75	145.651	99999	{NS}
145.651	154.642	99999	{NS}
154.642	155.762	99999	{NS}
155.762	156.253	99999	{NS}
156.253	156.986	183	GLUCOSE
156.986	157.149	20	AND
157.149	157.889	167	FRUCTOSE
157.889	158.032	30	ARE
158.032	158.569	276	NATURAL
158.569	159.122	414	SUGARS
159.122	159.502	163	FOUND
159.502	159.705	217	IN
159.705	160.374	168	FRUIT
160.374	171.262	99999	{NS}
171.262	171.853	99999	{NS}
171.853	171.962	30	ARE
171.962	172.172	495	YOU
172.172	172.502	250	LOOKING
172.502	172.656	161	FOR
172.656	173.577	136	EMPLOYMENT
173.577	182.901	99999	{NS}
182.901	183.571	99999	{NS}
183.571	183.96	98	COFFEE
183.96	184.122	224	IS
184.122	184.476	198	GROWN
184.476	184.822	297	ON
184.822	185.373	404	STEEP
185.373	185.472	99999	sp
185.472	185.931	231	JUNGLE
185.931	186.187	241	LIKE
186.187	186.779	390	SLOPES
186.779	187.0	217	IN
187.0	187.57	431	TEMPERATE
187.57	188.272	497	ZONES
188.272	200.012	99999	{NS}
200.012	200.485	99999	{NS}
200.485	200.612	476	WE
200.612	201.102	480	WELCOME
201.102	201.401	256	MANY
201.401	201.645	282	NEW
201.645	202.237	408	STUDENTS
202.237	202.33	99999	sp
202.33	202.651	132	EACH
202.651	203.045	491	YEAR
203.045	212.302	99999	{NS}
212.302	212.442	99999	sp
212.442	213.036	99999	{NS}
213.036	213.366	298	ONLY
213.366	213.573	434	THE
213.573	213.822	51	BEST
213.822	213.915	99999	sp
213.915	214.472	330	PLAYERS
214.472	215.006	139	ENJOY
215.006	215.066	99999	sp
215.066	216.01	336	POPULARITY
216.01	226.112	99999	{NS}
226.112	226.258	99999	{NS}
226.258	226.782	75	CALCIUM
226.782	227.139	254	MAKES
227.139	227.226	99999	sp
227.226	227.663	58	BONES
227.663	227.901	20	AND
227.901	228.183	430	TEETH
228.183	228.91	406	STRONG
228.91	237.832	99999	{NS}
237.832	238.49	99999	{NS}
238.49	238.898	286	NOTHING
238.898	239.132	224	IS
239.132	239.337	34	AS
239.337	240.066	295	OFFENSIVE
240.066	240.347	34	AS
240.347	240.463	99999	sp
240.463	241.305	219	INNOCENCE
241.305	251.332	99999	{NS}
251.332	251.867	99999	{NS}
251.867	252.442	405	STEVE
252.442	252.646	490	WORE
252.646	252.783	1	A
252.783	252.864	99999	sp
252.864	253.254	65	BRIGHT
253.254	253.608	356	RED
253.608	253.685	99999	sp
253.685	254.303	78	CASHMERE
254.303	254.956	420	SWEATER
254.956	264.382	99999	{NS}
264.382	264.916	99999	{NS}
264.916	265.352	46	BARB'S
265.352	265.691	188	GOLD
265.691	266.267	63	BRACELET
266.267	266.466	472	WAS
266.466	266.589	1	A
266.589	267.436	193	GRADUATION
267.436	267.911	339	PRESENT
267.911	278.142	99999	{NS}
278.142	278.701	99999	{NS}
278.701	279.019	130	DRAW
279.019	279.495	145	EVERY
279.495	279.85	308	OUTER
279.85	280.221	244	LINE
280.221	280.882	156	FIRST
280.882	281.067	99999	sp
281.067	281.364	436	THEN
281.364	281.661	154	FILL
281.661	281.892	217	IN
281.892	282.0	434	THE
282.0	282.792	222	INTERIOR
282.792	293.541	99999	{NS}
293.541	294.159	99999	{NS}
294.159	294.232	434	THE
294.232	294.648	475	WATER
294.648	295.282	103	CONTAINED
295.282	295.479	448	TOO
295.479	295.832	269	MUCH
295.832	296.371	90	CHLORINE
296.371	296.603	20	AND
296.603	297.056	409	STUNG
297.056	297.312	208	HIS
297.312	297.881	149	EYES
297.881	307.812	99999	{NS}
307.812	308.374	99999	{NS}
308.374	308.849	229	JOHN'S
308.849	309.161	66	BROTHER
309.161	309.962	363	REPAINTED
309.962	310.14	434	THE
310.14	310.674	173	GARAGE
310.674	311.087	129	DOOR
311.087	320.562	99999	{NS}
320.562	321.146	99999	{NS}
321.146	321.63	84	CHALLENGE
321.63	321.725	99999	sp
321.725	322.091	132	EACH
322.091	322.732	175	GENERAL'S
322.732	323.803	221	INTELLIGENCE
323.803	333.712	99999	{NS}
333.712	334.289	99999	{NS}
334.289	335.222	17	AMBIDEXTROUS
335.222	335.327	99999	sp
335.327	336.098	327	PICKPOCKETS
336.098	336.185	99999	sp
336.185	337.055	6	ACCOMPLISH
337.055	337.54	267	MORE
337.54	349.302	99999	{NS}
349.302	349.432	99999	sp
349.432	349.87	99999	{NS}
349.87	349.928	1	A
349.928	350.606	271	MUSCULAR
350.606	351.275	2	ABDOMEN
351.275	351.565	224	IS
351.565	351.76	189	GOOD
351.76	351.952	161	FOR
351.952	352.175	496	YOUR
352.175	352.695	43	BACK
352.695	361.732	99999	{NS}
361.732	362.18	99999	{NS}
362.18	362.43	438	THEY
362.43	362.661	317	OWN
362.661	362.848	1	A
362.848	363.069	52	BIG
363.069	363.576	209	HOUSE
363.576	363.72	217	IN
363.72	363.804	434	THE
363.804	364.376	361	REMOTE
364.376	365.27	109	COUNTRYSIDE
365.27	375.401	99999	{NS}
375.401	375.867	99999	{NS}
375.867	375.994	434	THE
375.994	376.506	369	ROSE
376.506	377.248	106	CORSAGE
377.248	377.822	393	SMELLED
377.822	378.606	421	SWEET
378.606	388.572	99999	{NS}
388.572	389.011	99999	{NS}
389.011	389.304	433	THAT
389.304	390.04	326	PICKPOCKET
390.04	390.321	472	WAS
390.321	390.695	80	CAUGHT
390.695	390.958	356	RED
390.958	391.671	199	HANDED
391.671	400.661	99999	{NS}
400.661	400.702	99999	sp
400.702	401.179	99999	{NS}
401.179	401.272	19	AN
401.272	401.722	9	ADULT
401.722	401.836	99999	sp
401.836	402.207	255	MALE
402.207	402.838	42	BABOON'S
402.838	403.211	430	TEETH
403.211	403.305	99999	sp
403.305	403.444	30	ARE
403.444	403.705	285	NOT
403.705	404.267	415	SUITABLE
404.267	404.492	161	FOR
404.492	404.929	135	EATING
404.929	405.801	376	SHELLFISH
405.801	417.101	99999	{NS}
417.101	417.192	99999	sp
417.192	417.677	99999	{NS}
417.677	417.867	204	HER
417.867	418.511	470	WARDROBE
418.511	419.049	102	CONSISTS
419.049	419.242	294	OF
419.242	419.58	298	ONLY
419.58	420.187	385	SKIRTS
420.187	420.448	20	AND
420.448	421.16	54	BLOUSES
421.16	432.101	99999	{NS}
432.101	432.418	99999	{NS}
432.418	432.596	434	THE
432.596	432.856	453	TWO
432.856	433.435	33	ARTISTS
433.435	434.349	147	EXCHANGED
434.349	435.293	39	AUTOGRAPHS
435.293	444.212	99999	{NS}
444.212	444.755	99999	{NS}
444.755	445.411	71	BUTTERSCOTCH
445.411	445.926	169	FUDGE
445.926	446.182	186	GOES
446.182	446.508	481	WELL
446.508	446.683	487	WITH
446.683	447.206	463	VANILLA
447.206	447.536	212	ICE
447.536	447.968	112	CREAM
447.968	457.612	99999	{NS}
457.612	458.634	99999	{NS}
458.634	459.035	366	RICH
459.035	459.562	349	PURCHASED
459.562	460.079	374	SEVERAL
460.079	460.661	382	SIGNED
460.661	461.669	245	LITHOGRAPHS
461.669	471.762	99999	{NS}
471.762	472.573	99999	{NS}
472.573	472.847	24	ANY
472.847	473.862	105	CONTRIBUTIONS
473.862	474.106	485	WILL
474.106	474.399	47	BE
474.399	474.922	195	GREATLY
474.922	476.02	28	APPRECIATED
476.02	486.012	99999	{NS}
486.012	486.656	99999	{NS}
486.656	486.818	434	THE
486.818	487.463	111	CRANBERRY
487.463	487.87	57	BOG
487.87	488.225	178	GETS
488.225	488.609	465	VERY
488.609	489.032	340	PRETTY
489.032	489.242	217	IN
489.242	489.777	40	AUTUMN
489.777	500.392	99999	{NS}
500.392	500.861	99999	{NS}
500.861	501.058	210	HOW
501.058	501.266	128	DO
501.266	501.827	318	OYSTERS
501.827	502.04	253	MAKE
502.04	502.1	99999	sp
502.1	502.678	320	PEARLS
502.678	512.501	99999	{NS}
512.501	513.182	99999	{NS}
513.182	513.255	99999	sp
513.255	513.412	257	MAY
513.412	513.621	211	I
513.621	513.995	304	ORDER
513.995	514.197	1	A
514.197	514.792	319	PARFAIT
514.792	515.423	10	AFTER
515.423	515.591	211	I
515.591	515.873	134	EAT
515.873	516.38	124	DINNER
516.38	526.221	99999	{NS}
526.221	526.571	99999	{NS}
526.571	526.675	224	IS
526.675	526.974	375	SHE
526.974	527.312	187	GOING
527.312	527.55	487	WITH
527.55	527.771	495	YOU
527.771	535.022	99999	{NS}
535.022	535.661	99999	{NS}
535.661	535.861	76	CAN
535.861	535.922	434	THE
535.922	536.692	11	AGENCY
536.692	537.412	315	OVERTHROW
537.412	537.962	13	ALIEN
537.962	538.726	162	FORCES
538.726	548.011	99999	{NS}
548.011	548.661	99999	{NS}
548.661	548.744	1	A
548.744	549.552	371	SCREWDRIVER
549.552	549.803	224	IS
549.803	550.042	252	MADE
550.042	550.361	166	FROM
550.361	551.0	469	VODKA
551.0	551.233	20	AND
551.233	551.601	303	ORANGE
551.601	552.111	230	JUICE
552.111	552.392	99999	{NS}
552.392	560.0	99999	{NS}
560.0	561.918	99999	sp
561.918	562.081	210	HOW
562.081	562.396	269	MUCH
562.396	562.96	16	ALLOWANCE
562.96	563.051	128	DO
563.051	563.252	495	YOU
563.252	563.561	177	GET
563.561	563.721	99999	sp
563.721	572.761	99999	{NS}
572.761	573.66	99999	{NS}
573.66	574.373	115	CYCLICAL
574.373	575.031	346	PROGRAMS
575.031	575.154	485	WILL
575.154	575.646	281	NEVER
575.646	576.429	100	COMPILE
576.429	586.062	99999	{NS}
586.062	586.669	99999	{NS}
586.669	586.821	434	THE
586.821	587.348	61	BOSTON
587.348	587.887	45	BALLET
587.887	587.937	99999	sp
587.937	588.642	312	OVERCAME
588.642	588.8389999999999	435	THEIR
588.8389999999999	589.454	170	FUNDING
589.454	590.317	380	SHORTAGE
590.317	600.701	99999	{NS}
600.701	601.38	99999	{NS}
601.38	601.783	145	EVERY
601.783	602.246	74	CAB
602.246	602.671	280	NEEDS
602.671	602.895	88888	RE
602.895	603.222	99999	sp
603.222	604.0889999999999	364	REPAINTING
604.0889999999999	604.148	99999	sp
604.148	604.704	296	OFTEN
604.704	612.712	99999	{NS}
612.712	615.111	99999	{NS}
615.111	615.404	203	HELP
615.404	615.497	99999	sp
615.497	615.797	196	GREG
615.797	615.882	99999	sp
615.882	616.096	446	TO
616.096	616.379	325	PICK
616.379	616.508	1	A
616.508	616.597	99999	sp
616.597	616.943	321	PECK
616.943	617.109	294	OF
617.109	617.175	99999	sp
617.175	617.984	338	POTATOES
617.984	627.431	99999	{NS}
627.431	628.075	99999	{NS}
628.075	628.231	476	WE
628.231	628.639	241	LIKE
628.639	628.896	55	BLUE
628.896	629.357	88	CHEESE
629.357	629.484	99999	sp
629.484	629.687	70	BUT
629.687	630.123	466	VICTOR
630.123	630.454	242	LIKES
630.454	630.579	99999	sp
630.579	630.931	64	BRIE
630.931	641.011	99999	{NS}
641.011	641.597	99999	{NS}
641.597	641.886	108	COUNT
641.886	641.975	434	THE
641.975	642.341	289	NUMBER
642.341	642.56	294	OF
642.56	643.187	429	TEASPOONS
643.187	643.338	294	OF
643.338	644.0550000000001	395	SOYSAUCE
644.0550000000001	644.134	99999	sp
644.134	644.2909999999999	433	THAT
644.2909999999999	644.481	495	YOU
644.481	644.894	7	ADD
644.894	654.712	99999	{NS}
654.712	655.165	99999	{NS}
655.165	655.831	44	BAGPIPES
655.831	656.087	20	AND
656.087	656.751	59	BONGOS
656.751	656.869	30	ARE
656.869	657.49	273	MUSICAL
657.49	658.403	220	INSTRUMENTS
658.403	668.011	99999	{NS}
668.011	668.656	99999	{NS}
668.656	668.944	210	HOW
668.944	669.141	189	GOOD
669.141	669.388	224	IS
669.388	669.554	496	YOUR
669.554	670.441	138	ENDURANCE
670.441	684.412	99999	{NS}
1343.122	1344.722	99999	{NS}
1344.722	1344.892	99999	sp
1344.892	1350.952	99999	{NS}
1350.952	1351.4470000000001	99999	sp
1351.4470000000001	1351.532	30	ARE
1351.532	1351.732	496	YOUR
1351.732	1352.055	192	GRADES
1352.055	1352.539	206	HIGHER
1352.539	1352.644	302	OR
1352.644	1353.013	251	LOWER
1353.013	1353.172	432	THAN
1353.172	1353.94	275	NANCY'S
1353.94	1361.772	99999	{NS}
1361.772	1362.137	99999	{NS}
1362.137	1362.401	375	SHE
1362.401	1362.78	490	WORE
1362.78	1363.19	471	WARM
1363.19	1363.798	158	FLEECY
1363.798	1364.32	489	WOOLEN
1364.32	1365.206	311	OVERALLS
1365.206	1373.792	99999	{NS}
1373.792	1374.274	99999	{NS}
1374.274	1374.612	354	READING
1374.612	1374.829	217	IN
1374.829	1375.083	335	POOR
1375.083	1375.461	240	LIGHT
1375.461	1375.714	181	GIVES
1375.714	1375.872	495	YOU
1375.872	1376.614	150	EYESTRAIN
1376.614	1385.0819999999999	99999	{NS}
1385.0819999999999	1385.55	99999	{NS}
1385.55	1385.862	142	EVEN
1385.862	1386.122	211	I
1386.122	1386.762	293	OCCASIONALLY
1386.762	1387.008	177	GET
1387.008	1387.0819999999999	434	THE
1387.0819999999999	1387.6	265	MONDAY
1387.6	1388.202	56	BLUES
1388.202	1396.182	99999	{NS}
1396.182	1396.546	99999	{NS}
1396.546	1396.687	476	WE
1396.687	1396.8220000000001	30	ARE
1396.8220000000001	1397.274	301	OPEN
1397.274	1397.6770000000001	145	EVERY
1397.6770000000001	1398.089	265	MONDAY
1398.089	1398.779	143	EVENING
1398.779	1401.892	99999	{NS}
1401.892	1402.002	99999	sp
1402.002	1407.155	99999	{NS}
1407.155	1407.373	226	IT'S
1407.373	1407.591	285	NOT
1407.591	1407.974	133	EASY
1407.974	1408.141	446	TO
1408.141	1408.632	113	CREATE
1408.632	1409.399	215	ILLUMINATING
1409.399	1410.296	146	EXAMPLES
1410.296	1418.392	99999	{NS}
1418.392	1419.272	99999	{NS}
1419.272	1419.521	99999	sp
1419.521	1419.8319999999999	270	MUM
1419.8319999999999	1420.5819999999999	407	STRONGLY
1420.5819999999999	1421.149	126	DISLIKES
1421.149	1422.218	27	APPETIZERS
1422.218	1430.712	99999	{NS}
1430.712	1431.258	99999	{NS}
1431.258	1431.5520000000001	443	THOSE
1431.5520000000001	1431.722	484	WHO
1431.722	1432.0230000000001	427	TEACH
1432.0230000000001	1432.612	462	VALUES
1432.612	1432.983	156	FIRST
1432.983	1433.591	4	ABOLISH
1433.591	1434.147	87	CHEATING
1434.147	1442.732	99999	{NS}
1442.732	1443.212	99999	{NS}
1443.212	1443.281	434	THE
1443.281	1443.896	165	FRIGHTENED
1443.896	1444.413	89	CHILD
1444.413	1444.634	472	WAS
1444.634	1445.007	176	GENTLY
1445.007	1445.6399999999999	410	SUBDUED
1445.6399999999999	1445.75	73	BY
1445.75	1445.988	208	HIS
1445.988	1446.085	99999	sp
1446.085	1446.29	52	BIG
1446.29	1446.376	99999	sp
1446.376	1446.866	66	BROTHER
1446.866	1456.781	99999	{NS}
1456.781	1457.274	99999	{NS}
1457.274	1457.516	142	EVEN
1457.516	1457.592	1	A
1457.592	1458.02	383	SIMPLE
1458.02	1459.047	468	VOCABULARY
1459.047	1459.6480000000001	104	CONTAINS
1459.6480000000001	1460.4279999999999	422	SYMBOLS
1460.4279999999999	1468.768	99999	{NS}
1468.768	1468.8229999999999	99999	sp
1468.8229999999999	1469.039	99999	{NS}
1469.039	1469.218	1	A
1469.218	1469.6680000000001	110	CRAB
1469.6680000000001	1470.234	85	CHALLENGED
1470.234	1470.628	258	ME
1470.628	1470.724	70	BUT
1470.724	1470.891	1	A
1470.891	1471.116	350	QUICK
1471.116	1471.641	402	STAB
1471.641	1471.716	99999	sp
1471.716	1472.3020000000001	464	VANQUISHED
1472.3020000000001	1472.636	207	HIM
1472.636	1482.862	99999	{NS}
1482.862	1483.283	99999	{NS}
1483.283	1483.841	183	GLUCOSE
1483.841	1483.999	20	AND
1483.999	1484.702	167	FRUCTOSE
1484.702	1484.862	30	ARE
1484.862	1485.4189999999999	276	NATURAL
1485.4189999999999	1485.952	414	SUGARS
1485.952	1486.267	163	FOUND
1486.267	1486.452	217	IN
1486.452	1487.089	168	FRUIT
1487.089	1496.101	99999	{NS}
1496.101	1496.442	99999	{NS}
1496.442	1496.521	99999	sp
1496.521	1496.632	30	ARE
1496.632	1496.809	495	YOU
1496.809	1497.192	250	LOOKING
1497.192	1497.334	161	FOR
1497.334	1498.004	136	EMPLOYMENT
1498.004	1506.632	99999	{NS}
1506.632	1506.975	99999	{NS}
1506.975	1507.3890000000001	98	COFFEE
1507.3890000000001	1507.628	224	IS
1507.628	1507.892	198	GROWN
1507.892	1508.101	297	ON
1508.101	1508.755	404	STEEP
1508.755	1508.842	99999	sp
1508.842	1509.237	231	JUNGLE
1509.237	1509.531	241	LIKE
1509.531	1510.157	390	SLOPES
1510.157	1510.375	217	IN
1510.375	1510.8319999999999	431	TEMPERATE
1510.8319999999999	1511.526	497	ZONES
1511.526	1521.242	99999	{NS}
1521.242	1521.892	99999	{NS}
1521.892	1522.012	476	WE
1522.012	1522.489	480	WELCOME
1522.489	1522.791	256	MANY
1522.791	1523.018	282	NEW
1523.018	1523.63	408	STUDENTS
1523.63	1523.92	132	EACH
1523.92	1524.351	491	YEAR
1524.351	1527.232	99999	{NS}
1527.232	1527.512	99999	sp
1527.512	1533.372	99999	{NS}
1533.372	1533.526	99999	sp
1533.526	1533.859	298	ONLY
1533.859	1534.049	434	THE
1534.049	1534.373	51	BEST
1534.373	1534.826	330	PLAYERS
1534.826	1535.3890000000001	139	ENJOY
1535.3890000000001	1536.279	336	POPULARITY
1536.279	1544.312	99999	{NS}
1544.312	1544.8229999999999	99999	{NS}
1544.8229999999999	1545.351	75	CALCIUM
1545.351	1545.628	254	MAKES
1545.628	1545.726	99999	sp
1545.726	1546.059	58	BONES
1546.059	1546.32	20	AND
1546.32	1546.718	430	TEETH
1546.718	1547.449	406	STRONG
1547.449	1553.512	99999	{NS}
1553.512	1556.175	99999	{NS}
1556.175	1556.679	286	NOTHING
1556.679	1556.8319999999999	224	IS
1556.8319999999999	1557.034	34	AS
1557.034	1557.672	295	OFFENSIVE
1557.672	1558.039	34	AS
1558.039	1558.875	219	INNOCENCE
1558.875	1567.182	99999	{NS}
1567.182	1569.172	99999	{NS}
1569.172	1569.4	99999	sp
1569.4	1569.873	405	STEVE
1569.873	1570.07	490	WORE
1570.07	1570.2440000000001	1	A
1570.2440000000001	1570.612	65	BRIGHT
1570.612	1571.005	356	RED
1571.005	1571.672	78	CASHMERE
1571.672	1572.328	420	SWEATER
1572.328	1580.5819999999999	99999	{NS}
1580.5819999999999	1581.166	99999	{NS}
1581.166	1581.599	46	BARB'S
1581.599	1581.914	188	GOLD
1581.914	1582.464	63	BRACELET
1582.464	1582.629	472	WAS
1582.629	1582.752	1	A
1582.752	1583.51	193	GRADUATION
1583.51	1584.002	339	PRESENT
1584.002	1584.272	99999	sp
1584.272	1592.742	99999	{NS}
1592.742	1593.041	99999	sp
1593.041	1593.272	99999	{NS}
1593.272	1593.521	130	DRAW
1593.521	1593.932	145	EVERY
1593.932	1594.252	308	OUTER
1594.252	1594.601	244	LINE
1594.601	1595.1970000000001	156	FIRST
1595.1970000000001	1595.301	99999	sp
1595.301	1595.5430000000001	436	THEN
1595.5430000000001	1595.902	154	FILL
1595.902	1596.129	217	IN
1596.129	1596.242	434	THE
1596.242	1596.983	222	INTERIOR
1596.983	1606.382	99999	{NS}
1606.382	1606.853	99999	{NS}
1606.853	1606.932	434	THE
1606.932	1607.366	475	WATER
1607.366	1607.901	103	CONTAINED
1607.901	1607.984	99999	sp
1607.984	1608.142	448	TOO
1608.142	1608.4940000000001	269	MUCH
1608.4940000000001	1609.0819999999999	90	CHLORINE
1609.0819999999999	1609.252	20	AND
1609.252	1609.672	409	STUNG
1609.672	1609.929	208	HIS
1609.929	1610.472	149	EYES
1610.472	1619.901	99999	{NS}
1619.901	1620.4560000000001	99999	{NS}
1620.4560000000001	1620.867	229	JOHN'S
1620.867	1621.141	66	BROTHER
1621.141	1621.876	363	REPAINTED
1621.876	1622.02	434	THE
1622.02	1622.458	173	GARAGE
1622.458	1622.534	99999	sp
1622.534	1622.9479999999999	129	DOOR
1622.9479999999999	1631.929	99999	{NS}
1631.929	1632.132	99999	{NS}
1632.132	1632.638	84	CHALLENGE
1632.638	1633.021	132	EACH
1633.021	1633.636	175	GENERAL'S
1633.636	1634.643	221	INTELLIGENCE
1634.643	1642.8609999999999	99999	{NS}
1642.8609999999999	1643.231	99999	{NS}
1643.231	1643.3229999999999	99999	sp
1643.3229999999999	1644.219	17	AMBIDEXTROUS
1644.219	1644.99	327	PICKPOCKETS
1644.99	1645.705	6	ACCOMPLISH
1645.705	1646.153	267	MORE
1646.153	1654.726	99999	{NS}
1654.726	1654.903	99999	{NS}
1654.903	1654.9650000000001	1	A
1654.9650000000001	1655.6219999999998	271	MUSCULAR
1655.6219999999998	1656.29	2	ABDOMEN
1656.29	1656.542	224	IS
1656.542	1656.741	189	GOOD
1656.741	1656.871	161	FOR
1656.871	1657.091	496	YOUR
1657.091	1657.614	43	BACK
1657.614	1665.392	99999	{NS}
1665.392	1665.839	99999	{NS}
1665.839	1666.0320000000002	438	THEY
1666.0320000000002	1666.277	317	OWN
1666.277	1666.478	1	A
1666.478	1666.712	52	BIG
1666.712	1667.22	209	HOUSE
1667.22	1667.3319999999999	217	IN
1667.3319999999999	1667.4070000000002	434	THE
1667.4070000000002	1667.984	361	REMOTE
1667.984	1668.855	109	COUNTRYSIDE
1668.855	1677.101	99999	{NS}
1677.101	1677.591	99999	{NS}
1677.591	1677.693	434	THE
1677.693	1678.1	369	ROSE
1678.1	1678.692	106	CORSAGE
1678.692	1680.0	393	SMELLED
1680.0	1680.121	99999	sp
1680.121	1687.529	99999	{NS}
1687.529	1687.71	433	THAT
1687.71	1687.795	99999	sp
1687.795	1688.409	326	PICKPOCKET
1688.409	1688.611	472	WAS
1688.611	1688.681	99999	sp
1688.681	1688.995	80	CAUGHT
1688.995	1689.252	356	RED
1689.252	1689.878	199	HANDED
1689.878	1697.341	99999	{NS}
1697.341	1697.88	99999	{NS}
1697.88	1697.984	19	AN
1697.984	1698.52	9	ADULT
1698.52	1698.873	255	MALE
1698.873	1699.463	42	BABOON'S
1699.463	1699.791	430	TEETH
1699.791	1699.866	99999	sp
1699.866	1700.021	30	ARE
1700.021	1700.332	285	NOT
1700.332	1700.788	415	SUITABLE
1700.788	1701.078	161	FOR
1701.078	1701.406	135	EATING
1701.406	1702.211	376	SHELLFISH
1702.211	1712.861	99999	{NS}
1712.861	1713.208	99999	{NS}
1713.208	1713.402	204	HER
1713.402	1713.93	470	WARDROBE
1713.93	1713.973	99999	sp
1713.973	1714.47	102	CONSISTS
1714.47	1714.676	294	OF
1714.676	1715.003	298	ONLY
1715.003	1715.518	385	SKIRTS
1715.518	1715.69	20	AND
1715.69	1716.341	54	BLOUSES
1716.341	1723.411	99999	{NS}
1723.411	1726.517	99999	{NS}
1726.517	1726.682	434	THE
1726.682	1726.932	453	TWO
1726.932	1727.416	33	ARTISTS
1727.416	1727.468	99999	sp
1727.468	1728.21	147	EXCHANGED
1728.21	1729.091	39	AUTOGRAPHS
1729.091	1737.161	99999	{NS}
1737.161	1737.8220000000001	99999	{NS}
1737.8220000000001	1738.541	71	BUTTERSCOTCH
1738.541	1738.986	169	FUDGE
1738.986	1739.29	186	GOES
1739.29	1739.541	481	WELL
1739.541	1739.811	487	WITH
1739.811	1740.349	463	VANILLA
1740.349	1740.715	212	ICE
1740.715	1741.061	112	CREAM
1741.061	1750.221	99999	{NS}
1750.221	1750.982	99999	{NS}
1750.982	1751.301	366	RICH
1751.301	1751.393	99999	sp
1751.393	1751.935	349	PURCHASED
1751.935	1752.444	374	SEVERAL
1752.444	1753.018	382	SIGNED
1753.018	1753.901	245	LITHOGRAPHS
1753.901	1762.061	99999	{NS}
1762.061	1762.111	99999	sp
1762.111	1762.692	99999	{NS}
1762.692	1762.978	24	ANY
1762.978	1763.864	105	CONTRIBUTIONS
1763.864	1764.035	485	WILL
1764.035	1764.204	47	BE
1764.204	1764.598	195	GREATLY
1764.598	1765.526	28	APPRECIATED
1765.526	1773.641	99999	{NS}
1773.641	1774.149	99999	{NS}
1774.149	1774.298	434	THE
1774.298	1774.878	111	CRANBERRY
1774.878	1774.924	99999	sp
1774.924	1775.199	57	BOG
1775.199	1775.267	99999	sp
1775.267	1775.536	178	GETS
1775.536	1775.577	99999	sp
1775.577	1775.86	465	VERY
1775.86	1775.93	99999	sp
1775.93	1776.317	340	PRETTY
1776.317	1776.542	217	IN
1776.542	1777.061	40	AUTUMN
1777.061	1784.921	99999	{NS}
1784.921	1786.306	99999	{NS}
1786.306	1786.515	210	HOW
1786.515	1786.686	128	DO
1786.686	1787.215	318	OYSTERS
1787.215	1787.389	253	MAKE
1787.389	1787.483	99999	sp
1787.483	1788.061	320	PEARLS
1788.061	1795.492	99999	{NS}
1795.492	1795.852	99999	{NS}
1795.852	1795.965	99999	sp
1795.965	1796.151	257	MAY
1796.151	1796.341	211	I
1796.341	1796.661	304	ORDER
1796.661	1796.737	1	A
1796.737	1796.797	99999	sp
1796.797	1797.431	319	PARFAIT
1797.431	1797.905	10	AFTER
1797.905	1798.061	211	I
1798.061	1798.255	134	EAT
1798.255	1798.621	124	DINNER
1798.621	1806.861	99999	{NS}
1806.861	1807.3	99999	{NS}
1807.3	1807.436	224	IS
1807.436	1807.704	375	SHE
1807.704	1807.999	187	GOING
1807.999	1808.2359999999999	487	WITH
1808.2359999999999	1808.442	495	YOU
1808.442	1815.622	99999	{NS}
1815.622	1815.738	99999	{NS}
1815.738	1815.9279999999999	76	CAN
1815.9279999999999	1816.052	434	THE
1816.052	1816.724	11	AGENCY
1816.724	1817.511	315	OVERTHROW
1817.511	1817.542	99999	sp
1817.542	1818.002	13	ALIEN
1818.002	1818.665	162	FORCES
1818.665	1826.7359999999999	99999	{NS}
1826.7359999999999	1826.905	99999	{NS}
1826.905	1826.989	1	A
1826.989	1827.815	371	SCREWDRIVER
1827.815	1827.981	224	IS
1827.981	1828.252	252	MADE
1828.252	1828.547	166	FROM
1828.547	1829.18	469	VODKA
1829.18	1829.358	20	AND
1829.358	1829.702	303	ORANGE
1829.702	1830.155	230	JUICE
1830.155	1835.872	99999	{NS}
1835.872	1838.71	99999	{NS}
1838.71	1838.862	210	HOW
1838.862	1839.171	269	MUCH
1839.171	1839.74	16	ALLOWANCE
1839.74	1839.8319999999999	128	DO
1839.8319999999999	1840.006	495	YOU
1840.006	1840.3319999999999	177	GET
1840.3319999999999	1847.262	99999	{NS}
1847.262	1847.745	99999	{NS}
1847.745	1848.337	115	CYCLICAL
1848.337	1848.42	99999	sp
1848.42	1849.093	346	PROGRAMS
1849.093	1849.231	485	WILL
1849.231	1849.651	281	NEVER
1849.651	1849.713	99999	sp
1849.713	1850.401	100	COMPILE
1850.401	1858.122	99999	{NS}
1858.122	1859.829	99999	{NS}
1859.829	1859.934	434	THE
1859.934	1859.998	99999	sp
1859.998	1860.518	61	BOSTON
1860.518	1861.012	45	BALLET
1861.012	1861.807	312	OVERCAME
1861.807	1861.962	435	THEIR
1861.962	1862.5529999999999	170	FUNDING
1862.5529999999999	1863.35	380	SHORTAGE
1863.35	1872.472	99999	{NS}
1872.472	1872.602	99999	sp
1872.602	1872.976	99999	{NS}
1872.976	1873.29	145	EVERY
1873.29	1873.34	99999	sp
1873.34	1873.787	74	CAB
1873.787	1873.846	99999	sp
1873.846	1874.352	280	NEEDS
1874.352	1875.158	364	REPAINTING
1875.158	1875.751	296	OFTEN
1875.751	1884.042	99999	{NS}
1884.042	1884.425	99999	{NS}
1884.425	1884.734	203	HELP
1884.734	1884.804	99999	sp
1884.804	1885.128	196	GREG
1885.128	1885.213	99999	sp
1885.213	1885.354	446	TO
1885.354	1885.427	99999	sp
1885.427	1885.679	325	PICK
1885.679	1885.85	1	A
1885.85	1886.171	321	PECK
1886.171	1886.325	294	OF
1886.325	1886.409	99999	sp
1886.409	1887.195	338	POTATOES
1887.195	1891.342	99999	{NS}
1891.342	1891.942	99999	sp
1891.942	1894.892	99999	{NS}
1894.892	1895.227	99999	sp
1895.227	1895.392	476	WE
1895.392	1895.665	241	LIKE
1895.665	1895.778	99999	sp
1895.778	1896.068	55	BLUE
1896.068	1896.519	88	CHEESE
1896.519	1896.66	99999	sp
1896.66	1896.852	70	BUT
1896.852	1897.251	466	VICTOR
1897.251	1897.567	242	LIKES
1897.567	1897.681	99999	sp
1897.681	1898.052	64	BRIE
1898.052	1899.972	99999	{NS}
1899.972	1906.482	99999	{NS}
1906.482	1906.98	99999	sp
1906.98	1907.263	108	COUNT
1907.263	1907.336	434	THE
1907.336	1907.632	289	NUMBER
1907.632	1907.789	294	OF
1907.789	1908.282	429	TEASPOONS
1908.282	1908.384	294	OF
1908.384	1909.115	395	SOYSAUCE
1909.115	1909.291	433	THAT
1909.291	1909.512	495	YOU
1909.512	1909.955	7	ADD
1909.955	1915.762	99999	{NS}
1915.762	1918.537	99999	{NS}
1918.537	1919.145	44	BAGPIPES
1919.145	1919.343	20	AND
1919.343	1919.9279999999999	59	BONGOS
1919.9279999999999	1920.062	30	ARE
1920.062	1920.681	273	MUSICAL
1920.681	1921.532	220	INSTRUMENTS
1921.532	1929.882	99999	{NS}
1929.882	1930.151	99999	{NS}
1930.151	1930.316	99999	sp
1930.316	1930.58	210	HOW
1930.58	1930.732	189	GOOD
1930.732	1930.952	224	IS
1930.952	1931.059	496	YOUR
1931.059	1931.815	138	ENDURANCE
1931.815	1940.182	99999	{NS}
2597.492	2597.951	99999	{NS}
2597.951	2598.052	30	ARE
2598.052	2598.303	496	YOUR
2598.303	2598.612	192	GRADES
2598.612	2599.105	206	HIGHER
2599.105	2599.238	302	OR
2599.238	2599.682	251	LOWER
2599.682	2599.812	432	THAN
2599.812	2600.552	275	NANCY'S
2600.552	2608.572	99999	{NS}
2608.572	2608.682	99999	sp
2608.682	2608.995	99999	{NS}
2608.995	2609.252	375	SHE
2609.252	2609.512	490	WORE
2609.512	2609.947	471	WARM
2609.947	2610.548	158	FLEECY
2610.548	2611.081	489	WOOLEN
2611.081	2611.971	311	OVERALLS
2611.971	2614.262	99999	{NS}
2614.262	2614.411	99999	sp
2614.411	2620.352	99999	{NS}
2620.352	2620.762	354	READING
2620.762	2621.031	217	IN
2621.031	2621.276	335	POOR
2621.276	2621.716	240	LIGHT
2621.716	2621.999	181	GIVES
2621.999	2622.182	495	YOU
2622.182	2622.907	150	EYESTRAIN
2622.907	2630.471	99999	{NS}
2630.471	2630.692	99999	{NS}
2630.692	2630.83	99999	sp
2630.83	2631.122	142	EVEN
2631.122	2631.367	211	I
2631.367	2632.058	293	OCCASIONALLY
2632.058	2632.317	177	GET
2632.317	2632.4049999999997	434	THE
2632.4049999999997	2632.931	265	MONDAY
2632.931	2633.495	56	BLUES
2633.495	2639.091	99999	{NS}
2639.091	2639.492	99999	sp
2639.492	2641.255	99999	{NS}
2641.255	2641.385	476	WE
2641.385	2641.512	30	ARE
2641.512	2641.963	301	OPEN
2641.963	2642.382	145	EVERY
2642.382	2642.8940000000002	265	MONDAY
2642.8940000000002	2643.478	143	EVENING
2643.478	2651.022	99999	{NS}
2651.022	2651.529	99999	{NS}
2651.529	2651.7309999999998	226	IT'S
2651.7309999999998	2651.992	285	NOT
2651.992	2652.428	133	EASY
2652.428	2652.624	446	TO
2652.624	2653.161	113	CREATE
2653.161	2653.971	215	ILLUMINATING
2653.971	2654.892	146	EXAMPLES
2654.892	2663.182	99999	{NS}
2663.182	2663.785	99999	{NS}
2663.785	2664.1059999999998	270	MUM
2664.1059999999998	2664.829	407	STRONGLY
2664.829	2665.434	126	DISLIKES
2665.434	2666.5	27	APPETIZERS
2666.5	2674.022	99999	{NS}
2674.022	2674.933	99999	{NS}
2674.933	2675.182	443	THOSE
2675.182	2675.41	484	WHO
2675.41	2675.732	427	TEACH
2675.732	2676.334	462	VALUES
2676.334	2676.411	99999	sp
2676.411	2676.751	156	FIRST
2676.751	2677.524	4	ABOLISH
2677.524	2678.11	87	CHEATING
2678.11	2686.601	99999	{NS}
2686.601	2687.242	99999	{NS}
2687.242	2687.332	434	THE
2687.332	2687.9700000000003	165	FRIGHTENED
2687.9700000000003	2688.511	89	CHILD
2688.511	2688.761	472	WAS
2688.761	2689.128	176	GENTLY
2689.128	2689.794	410	SUBDUED
2689.794	2689.922	73	BY
2689.922	2690.247	208	HIS
2690.247	2690.551	52	BIG
2690.551	2691.042	66	BROTHER
2691.042	2700.382	99999	{NS}
2700.382	2701.007	99999	{NS}
2701.007	2701.283	142	EVEN
2701.283	2701.372	1	A
2701.372	2701.852	383	SIMPLE
2701.852	2702.7799999999997	468	VOCABULARY
2702.7799999999997	2703.362	104	CONTAINS
2703.362	2704.192	422	SYMBOLS
2704.192	2712.172	99999	{NS}
2712.172	2712.631	99999	{NS}
2712.631	2712.837	1	A
2712.837	2713.241	110	CRAB
2713.241	2713.337	99999	sp
2713.337	2713.882	85	CHALLENGED
2713.882	2714.331	258	ME
2714.331	2714.4139999999998	70	BUT
2714.4139999999998	2714.573	1	A
2714.573	2714.829	350	QUICK
2714.829	2715.351	402	STAB
2715.351	2716.004	464	VANQUISHED
2716.004	2716.366	207	HIM
2716.366	2725.192	99999	{NS}
2725.192	2725.762	99999	{NS}
2725.762	2725.908	99999	sp
2725.908	2726.54	183	GLUCOSE
2726.54	2726.672	20	AND
2726.672	2727.4	167	FRUCTOSE
2727.4	2727.522	30	ARE
2727.522	2728.062	276	NATURAL
2728.062	2728.632	414	SUGARS
2728.632	2729.006	163	FOUND
2729.006	2729.199	217	IN
2729.199	2729.826	168	FRUIT
2729.826	2738.862	99999	{NS}
2738.862	2739.229	99999	{NS}
2739.229	2739.362	30	ARE
2739.362	2739.544	495	YOU
2739.544	2739.932	250	LOOKING
2739.932	2740.101	161	FOR
2740.101	2740.77	136	EMPLOYMENT
2740.77	2747.572	99999	{NS}
2747.572	2747.971	99999	{NS}
2747.971	2748.116	99999	sp
2748.116	2748.4719999999998	98	COFFEE
2748.4719999999998	2748.708	224	IS
2748.708	2748.952	198	GROWN
2748.952	2749.132	297	ON
2749.132	2749.696	404	STEEP
2749.696	2749.818	99999	sp
2749.818	2750.206	231	JUNGLE
2750.206	2750.452	241	LIKE
2750.452	2751.005	390	SLOPES
2751.005	2751.21	217	IN
2751.21	2751.732	431	TEMPERATE
2751.732	2752.381	497	ZONES
2752.381	2761.442	99999	{NS}
2761.442	2761.511	99999	sp
2761.511	2762.011	99999	{NS}
2762.011	2762.131	99999	sp
2762.131	2762.261	476	WE
2762.261	2762.698	480	WELCOME
2762.698	2762.9809999999998	256	MANY
2762.9809999999998	2763.215	282	NEW
2763.215	2763.807	408	STUDENTS
2763.807	2763.888	99999	sp
2763.888	2764.221	132	EACH
2764.221	2764.636	491	YEAR
2764.636	2772.692	99999	{NS}
2772.692	2773.27	99999	{NS}
2773.27	2773.61	298	ONLY
2773.61	2773.772	434	THE
2773.772	2774.084	51	BEST
2774.084	2774.622	330	PLAYERS
2774.622	2775.198	139	ENJOY
2775.198	2776.0299999999997	336	POPULARITY
2776.0299999999997	2784.251	99999	{NS}
2784.251	2784.339	99999	{NS}
2784.339	2784.822	75	CALCIUM
2784.822	2785.15	254	MAKES
2785.15	2785.2380000000003	99999	sp
2785.2380000000003	2785.639	58	BONES
2785.639	2785.881	20	AND
2785.881	2786.216	430	TEETH
2786.216	2786.908	406	STRONG
2786.908	2794.652	99999	{NS}
2794.652	2795.179	99999	{NS}
2795.179	2795.648	286	NOTHING
2795.648	2795.819	224	IS
2795.819	2796.001	34	AS
2796.001	2796.6620000000003	295	OFFENSIVE
2796.6620000000003	2796.976	34	AS
2796.976	2797.815	219	INNOCENCE
2797.815	2800.0	99999	{NS}
2800.0	2806.323	99999	{NS}
2806.323	2806.784	405	STEVE
2806.784	2806.982	490	WORE
2806.982	2807.112	1	A
2807.112	2807.151	99999	sp
2807.151	2807.53	65	BRIGHT
2807.53	2807.864	356	RED
2807.864	2807.929	99999	sp
2807.929	2808.541	78	CASHMERE
2808.541	2809.13	420	SWEATER
2809.13	2816.642	99999	{NS}
2816.642	2817.149	99999	{NS}
2817.149	2817.518	46	BARB'S
2817.518	2817.63	99999	sp
2817.63	2817.909	188	GOLD
2817.909	2817.988	99999	sp
2817.988	2818.545	63	BRACELET
2818.545	2818.734	472	WAS
2818.734	2818.86	1	A
2818.86	2819.618	193	GRADUATION
2819.618	2820.074	339	PRESENT
2820.074	2820.322	99999	sp
2820.322	2828.032	99999	{NS}
2828.032	2828.128	99999	sp
2828.128	2828.338	99999	{NS}
2828.338	2828.598	130	DRAW
2828.598	2829.007	145	EVERY
2829.007	2829.356	308	OUTER
2829.356	2829.702	244	LINE
2829.702	2830.301	156	FIRST
2830.301	2830.422	99999	sp
2830.422	2830.664	436	THEN
2830.664	2830.939	154	FILL
2830.939	2831.122	217	IN
2831.122	2831.262	434	THE
2831.262	2831.982	222	INTERIOR
2831.982	2836.892	99999	{NS}
2836.892	2841.117	99999	{NS}
2841.117	2841.214	434	THE
2841.214	2841.565	475	WATER
2841.565	2841.613	99999	sp
2841.613	2842.148	103	CONTAINED
2842.148	2842.226	99999	sp
2842.226	2842.388	448	TOO
2842.388	2842.661	269	MUCH
2842.661	2842.732	99999	sp
2842.732	2843.312	90	CHLORINE
2843.312	2843.439	20	AND
2843.439	2843.831	409	STUNG
2843.831	2844.051	208	HIS
2844.051	2844.542	149	EYES
2844.542	2852.551	99999	{NS}
2852.551	2852.871	99999	sp
2852.871	2853.35	99999	{NS}
2853.35	2853.773	229	JOHN'S
2853.773	2854.074	66	BROTHER
2854.074	2854.822	363	REPAINTED
2854.822	2854.965	434	THE
2854.965	2855.4	173	GARAGE
2855.4	2855.469	99999	sp
2855.469	2855.867	129	DOOR
2855.867	2863.781	99999	{NS}
2863.781	2864.313	99999	{NS}
2864.313	2864.786	84	CHALLENGE
2864.786	2864.883	99999	sp
2864.883	2865.163	132	EACH
2865.163	2865.242	99999	sp
2865.242	2865.864	175	GENERAL'S
2865.864	2866.921	221	INTELLIGENCE
2866.921	2874.401	99999	{NS}
2874.401	2874.761	99999	{NS}
2874.761	2875.633	17	AMBIDEXTROUS
2875.633	2875.743	99999	sp
2875.743	2876.566	327	PICKPOCKETS
2876.566	2877.41	6	ACCOMPLISH
2877.41	2877.798	267	MORE
2877.798	2885.97	99999	{NS}
2885.97	2886.105	99999	{NS}
2886.105	2886.18	1	A
2886.18	2886.858	271	MUSCULAR
2886.858	2887.471	2	ABDOMEN
2887.471	2887.732	224	IS
2887.732	2887.81	99999	sp
2887.81	2887.996	189	GOOD
2887.996	2888.185	161	FOR
2888.185	2888.341	496	YOUR
2888.341	2888.404	99999	sp
2888.404	2888.972	43	BACK
2888.972	2889.151	99999	sp
2889.151	2896.302	99999	{NS}
2896.302	2896.862	99999	{NS}
2896.862	2897.092	438	THEY
2897.092	2897.326	317	OWN
2897.326	2897.4809999999998	1	A
2897.4809999999998	2897.694	52	BIG
2897.694	2898.048	209	HOUSE
2898.048	2898.2309999999998	217	IN
2898.2309999999998	2898.328	434	THE
2898.328	2898.781	361	REMOTE
2898.781	2899.615	109	COUNTRYSIDE
2899.615	2907.917	99999	{NS}
2907.917	2908.1059999999998	99999	{NS}
2908.1059999999998	2908.218	434	THE
2908.218	2908.647	369	ROSE
2908.647	2909.3940000000002	106	CORSAGE
2909.3940000000002	2909.912	393	SMELLED
2909.912	2910.682	421	SWEET
2910.682	2910.862	99999	sp
2910.862	2917.611	99999	{NS}
2917.611	2918.121	99999	{NS}
2918.121	2918.341	433	THAT
2918.341	2918.406	99999	sp
2918.406	2919.075	326	PICKPOCKET
2919.075	2919.274	472	WAS
2919.274	2919.347	99999	sp
2919.347	2919.601	80	CAUGHT
2919.601	2919.699	99999	sp
2919.699	2919.977	356	RED
2919.977	2920.648	199	HANDED
2920.648	2920.891	99999	{NS}
2920.891	2927.802	99999	{NS}
2927.802	2928.286	99999	sp
2928.286	2928.419	19	AN
2928.419	2928.953	9	ADULT
2928.953	2929.302	255	MALE
2929.302	2929.916	42	BABOON'S
2929.916	2930.205	430	TEETH
2930.205	2930.364	30	ARE
2930.364	2930.712	285	NOT
2930.712	2931.203	415	SUITABLE
2931.203	2931.496	161	FOR
2931.496	2931.823	135	EATING
2931.823	2932.672	376	SHELLFISH
2932.672	2939.872	99999	{NS}
2939.872	2942.176	99999	{NS}
2942.176	2942.369	204	HER
2942.369	2942.9809999999998	470	WARDROBE
2942.9809999999998	2943.483	102	CONSISTS
2943.483	2943.625	294	OF
2943.625	2943.673	99999	sp
2943.673	2944.012	298	ONLY
2944.012	2944.5190000000002	385	SKIRTS
2944.5190000000002	2944.574	99999	sp
2944.574	2944.795	20	AND
2944.795	2945.522	54	BLOUSES
2945.522	2953.912	99999	{NS}
2953.912	2954.232	99999	sp
2954.232	2955.063	99999	{NS}
2955.063	2955.219	434	THE
2955.219	2955.455	453	TWO
2955.455	2955.976	33	ARTISTS
2955.976	2956.796	147	EXCHANGED
2956.796	2957.681	39	AUTOGRAPHS
2957.681	2965.042	99999	{NS}
2965.042	2965.545	99999	{NS}
2965.545	2966.254	71	BUTTERSCOTCH
2966.254	2966.285	99999	sp
2966.285	2966.662	169	FUDGE
2966.662	2966.7309999999998	99999	sp
2966.7309999999998	2966.972	186	GOES
2966.972	2967.236	481	WELL
2967.236	2967.432	487	WITH
2967.432	2967.467	99999	sp
2967.467	2967.982	463	VANILLA
2967.982	2968.253	212	ICE
2968.253	2968.313	99999	sp
2968.313	2968.659	112	CREAM
2968.659	2970.382	99999	{NS}
2970.382	2970.602	99999	sp
2970.602	2976.822	99999	{NS}
2976.822	2977.166	366	RICH
2977.166	2977.246	99999	sp
2977.246	2977.764	349	PURCHASED
2977.764	2978.171	374	SEVERAL
2978.171	2978.679	382	SIGNED
2978.679	2979.552	245	LITHOGRAPHS
2979.552	2987.331	99999	{NS}
2987.331	2987.474	99999	{NS}
2987.474	2987.743	24	ANY
2987.743	2988.615	105	CONTRIBUTIONS
2988.615	2988.777	485	WILL
2988.777	2988.892	47	BE
2988.892	2988.976	99999	sp
2988.976	2989.409	195	GREATLY
2989.409	2990.358	28	APPRECIATED
2990.358	2990.672	99999	{NS}
2990.672	2998.43	99999	{NS}
2998.43	2998.521	434	THE
2998.521	2998.579	99999	sp
2998.579	2999.132	111	CRANBERRY
2999.132	2999.167	99999	sp
2999.167	2999.4809999999998	57	BOG
2999.4809999999998	2999.745	178	GETS
2999.745	3000.128	465	VERY
3000.128	3000.509	340	PRETTY
3000.509	3000.717	217	IN
3000.717	3001.173	40	AUTUMN
3001.173	3008.502	99999	{NS}
3008.502	3008.987	99999	{NS}
3008.987	3009.143	210	HOW
3009.143	3009.358	128	DO
3009.358	3009.924	318	OYSTERS
3009.924	3010.141	253	MAKE
3010.141	3010.216	99999	sp
3010.216	3010.782	320	PEARLS
3010.782	3015.681	99999	{NS}
3015.681	3017.462	99999	{NS}
3017.462	3017.601	99999	sp
3017.601	3017.745	257	MAY
3017.745	3017.922	211	I
3017.922	3018.252	304	ORDER
3018.252	3018.326	1	A
3018.326	3018.392	99999	sp
3018.392	3019.044	319	PARFAIT
3019.044	3019.492	10	AFTER
3019.492	3019.632	211	I
3019.632	3019.834	134	EAT
3019.834	3020.187	124	DINNER
3020.187	3027.642	99999	{NS}
3027.642	3027.912	99999	sp
3027.912	3027.977	99999	{NS}
3027.977	3028.116	224	IS
3028.116	3028.359	375	SHE
3028.359	3028.651	187	GOING
3028.651	3028.901	487	WITH
3028.901	3029.132	495	YOU
3029.132	3035.712	99999	{NS}
3035.712	3036.216	99999	{NS}
3036.216	3036.386	76	CAN
3036.386	3036.465	434	THE
3036.465	3037.094	11	AGENCY
3037.094	3037.835	315	OVERTHROW
3037.835	3038.282	13	ALIEN
3038.282	3038.967	162	FORCES
3038.967	3046.672	99999	{NS}
3046.672	3047.082	99999	{NS}
3047.082	3047.18	1	A
3047.18	3047.9139999999998	371	SCREWDRIVER
3047.9139999999998	3048.183	224	IS
3048.183	3048.391	252	MADE
3048.391	3048.678	166	FROM
3048.678	3049.298	469	VODKA
3049.298	3049.458	20	AND
3049.458	3049.841	303	ORANGE
3049.841	3050.272	230	JUICE
3050.272	3058.692	99999	{NS}
3058.692	3059.132	99999	sp
3059.132	3059.554	99999	{NS}
3059.554	3059.68	210	HOW
3059.68	3059.943	269	MUCH
3059.943	3060.416	16	ALLOWANCE
3060.416	3060.469	99999	sp
3060.469	3060.572	128	DO
3060.572	3060.776	495	YOU
3060.776	3061.112	177	GET
3061.112	3061.161	99999	sp
3061.161	3068.892	99999	{NS}
3068.892	3068.922	99999	sp
3068.922	3069.195	99999	{NS}
3069.195	3069.811	115	CYCLICAL
3069.811	3069.882	99999	sp
3069.882	3070.503	346	PROGRAMS
3070.503	3070.559	99999	sp
3070.559	3070.702	485	WILL
3070.702	3071.138	281	NEVER
3071.138	3071.207	99999	sp
3071.207	3071.906	100	COMPILE
3071.906	3079.612	99999	{NS}
3079.612	3080.023	99999	{NS}
3080.023	3080.12	434	THE
3080.12	3080.179	99999	sp
3080.179	3080.691	61	BOSTON
3080.691	3081.205	45	BALLET
3081.205	3081.966	312	OVERCAME
3081.966	3082.104	435	THEIR
3082.104	3082.696	170	FUNDING
3082.696	3083.541	380	SHORTAGE
3083.541	3085.862	99999	{NS}
3085.862	3086.262	99999	sp
3086.262	3091.252	99999	{NS}
3091.252	3091.83	99999	sp
3091.83	3092.1549999999997	145	EVERY
3092.1549999999997	3092.219	99999	sp
3092.219	3092.651	74	CAB
3092.651	3092.696	99999	sp
3092.696	3093.142	280	NEEDS
3093.142	3093.807	364	REPAINTING
3093.807	3094.429	296	OFTEN
3094.429	3101.812	99999	{NS}
3101.812	3102.197	99999	{NS}
3102.197	3102.466	203	HELP
3102.466	3102.532	99999	sp
3102.532	3102.862	196	GREG
3102.862	3102.92	99999	sp
3102.92	3103.049	446	TO
3103.049	3103.124	99999	sp
3103.124	3103.412	325	PICK
3103.412	3103.516	1	A
3103.516	3103.58	99999	sp
3103.58	3103.863	321	PECK
3103.863	3104.023	294	OF
3104.023	3104.094	99999	sp
3104.094	3104.863	338	POTATOES
3104.863	3106.851	99999	{NS}
3106.851	3112.49	99999	{NS}
3112.49	3112.639	476	WE
3112.639	3112.982	241	LIKE
3112.982	3113.228	55	BLUE
3113.228	3113.667	88	CHEESE
3113.667	3113.793	99999	sp
3113.793	3113.985	70	BUT
3113.985	3114.413	466	VICTOR
3114.413	3114.748	242	LIKES
3114.748	3114.852	99999	sp
3114.852	3115.221	64	BRIE
3115.221	3119.062	99999	{NS}
3119.062	3123.674	99999	{NS}
3123.674	3123.949	108	COUNT
3123.949	3124.021	434	THE
3124.021	3124.331	289	NUMBER
3124.331	3124.433	294	OF
3124.433	3124.473	99999	sp
3124.473	3124.978	429	TEASPOONS
3124.978	3125.096	294	OF
3125.096	3125.757	395	SOYSAUCE
3125.757	3125.804	99999	sp
3125.804	3125.9700000000003	433	THAT
3125.9700000000003	3126.218	495	YOU
3126.218	3126.629	7	ADD
3126.629	3134.142	99999	{NS}
3134.142	3134.638	99999	{NS}
3134.638	3135.266	44	BAGPIPES
3135.266	3135.437	20	AND
3135.437	3135.982	59	BONGOS
3135.982	3136.152	30	ARE
3136.152	3136.76	273	MUSICAL
3136.76	3137.661	220	INSTRUMENTS
3137.661	3145.452	99999	{NS}
3145.452	3145.762	99999	sp
3145.762	3146.23	99999	{NS}
3146.23	3146.5	210	HOW
3146.5	3146.667	189	GOOD
3146.667	3146.877	224	IS
3146.877	3146.9809999999998	496	YOUR
3146.9809999999998	3147.812	138	ENDURANCE
3147.812	3155.754	99999	{NS}
