9.951	10.151	496	YOUR
10.151	10.49	192	GRADES
10.49	10.975	206	HIGHER
10.975	11.087	302	OR
11.087	11.502	251	LOWER
11.502	11.641	432	THAN
11.641	12.389	275	NANCY'S
12.389	18.616	99999	sp
18.616	18.872	375	SHE
18.872	19.171	490	WORE
19.171	19.681	471	WARM
19.681	20.283	158	FLEECY
20.283	20.882	489	WOOLEN
20.882	21.773	311	OVERALLS
21.773	30.392	99999	{NS}
30.392	31.057	99999	sp
31.057	31.42	354	READING
31.42	31.638	217	IN
31.638	31.9	335	POOR
31.9	32.239	240	LIGHT
32.239	32.386	99999	sp
32.386	32.69	181	GIVES
32.69	32.821	495	YOU
32.821	33.642	150	EYESTRAIN
33.642	42.644	99999	{NS}
42.644	43.153	99999	{NS}
43.153	43.451	142	EVEN
43.451	43.694	211	I
43.694	44.421	293	OCCASIONALLY
44.421	44.68	177	GET
44.68	44.752	434	THE
44.752	45.196	265	MONDAY
45.196	45.862	56	BLUES
45.862	54.767	99999	{NS}
54.767	54.984	99999	{NS}
54.984	55.117	99999	{NS}
55.117	55.261	476	WE
55.261	55.381	30	ARE
55.381	55.842	301	OPEN
55.842	56.322	145	EVERY
56.322	56.861	265	MONDAY
56.861	57.58	143	EVENING
57.58	67.052	99999	{NS}
67.052	67.403	99999	sp
67.403	67.591	226	IT'S
67.591	67.891	285	NOT
67.891	68.322	133	EASY
68.322	68.508	446	TO
68.508	69.052	113	CREATE
69.052	69.956	215	ILLUMINATING
69.956	70.963	146	EXAMPLES
70.963	81.001	99999	{NS}
81.001	81.559	99999	sp
81.559	81.881	270	MUM
81.881	82.55	407	STRONGLY
82.55	83.162	126	DISLIKES
83.162	84.291	27	APPETIZERS
84.291	93.951	99999	{NS}
93.951	94.499	99999	{NS}
94.499	94.814	443	THOSE
94.814	94.956	484	WHO
94.956	95.492	427	TEACH
95.492	96.201	462	VALUES
96.201	96.589	156	FIRST
96.589	97.191	4	ABOLISH
97.191	97.827	87	CHEATING
97.827	109.822	99999	{NS}
109.822	109.841	99999	sp
109.841	110.479	99999	{NS}
110.479	110.562	434	THE
110.562	111.156	165	FRIGHTENED
111.156	111.671	89	CHILD
111.671	111.957	472	WAS
111.957	112.36	176	GENTLY
112.36	113.015	410	SUBDUED
113.015	113.149	73	BY
113.149	113.476	208	HIS
113.476	113.703	88888	BIT
113.703	113.894	99999	sp
113.894	114.176	52	BIG
114.176	114.243	99999	sp
114.243	114.744	66	BROTHER
114.744	126.191	99999	{NS}
126.191	126.823	99999	{NS}
126.823	127.1	142	EVEN
127.1	127.183	1	A
127.183	127.644	383	SIMPLE
127.644	128.672	468	VOCABULARY
128.672	129.262	104	CONTAINS
129.262	130.113	422	SYMBOLS
130.113	140.422	99999	{NS}
140.422	141.03	99999	{NS}
141.03	141.19	1	A
141.19	141.562	110	CRAB
141.562	141.664	99999	sp
141.664	142.258	85	CHALLENGED
142.258	142.618	258	ME
142.618	142.718	99999	sp
142.718	142.783	70	BUT
142.783	142.971	1	A
142.971	143.203	350	QUICK
143.203	143.716	402	STAB
143.716	144.392	464	VANQUISHED
144.392	144.75	207	HIM
144.75	145.651	99999	{NS}
145.651	154.642	99999	{NS}
154.642	155.762	99999	{NS}
155.762	156.253	99999	{NS}
156.253	156.986	183	GLUCOSE
156.986	157.149	20	AND
157.149	157.889	167	FRUCTOSE
157.889	158.032	30	ARE
158.032	158.569	276	NATURAL
158.569	159.122	414	SUGARS
159.122	159.502	163	FOUND
159.502	159.705	217	IN
159.705	160.374	168	FRUIT
160.374	171.262	99999	{NS}
171.262	171.853	99999	{NS}
171.853	171.962	30	ARE
171.962	172.172	495	YOU
172.172	172.502	250	LOOKING
172.502	172.656	161	FOR
172.656	173.577	136	EMPLOYMENT
173.577	182.901	99999	{NS}
182.901	183.571	99999	{NS}
183.571	183.96	98	COFFEE
183.96	184.122	224	IS
184.122	184.476	198	GROWN
184.476	184.822	297	ON
184.822	185.373	404	STEEP
185.373	185.472	99999	sp
185.472	185.931	231	JUNGLE
185.931	186.187	241	LIKE
186.187	186.779	390	SLOPES
186.779	187.0	217	IN
187.0	187.57	431	TEMPERATE
187.57	188.272	497	ZONES
188.272	200.012	99999	{NS}
200.012	200.485	99999	{NS}
200.485	200.612	476	WE
200.612	201.102	480	WELCOME
201.102	201.401	256	MANY
201.401	201.645	282	NEW
201.645	202.237	408	STUDENTS
202.237	202.33	99999	sp
202.33	202.651	132	EACH
202.651	203.045	491	YEAR
203.045	212.302	99999	{NS}
212.302	212.442	99999	sp
212.442	213.036	99999	{NS}
213.036	213.366	298	ONLY
213.366	213.573	434	THE
213.573	213.822	51	BEST
213.822	213.915	99999	sp
213.915	214.472	330	PLAYERS
214.472	215.006	139	ENJOY
215.006	215.066	99999	sp
215.066	216.01	336	POPULARITY
216.01	226.112	99999	{NS}
226.112	226.258	99999	{NS}
226.258	226.782	75	CALCIUM
226.782	227.139	254	MAKES
227.139	227.226	99999	sp
227.226	227.663	58	BONES
227.663	227.901	20	AND
227.901	228.183	430	TEETH
228.183	228.91	406	STRONG
228.91	237.832	99999	{NS}
237.832	238.49	99999	{NS}
238.49	238.898	286	NOTHING
238.898	239.132	224	IS
239.132	239.337	34	AS
239.337	240.066	295	OFFENSIVE
240.066	240.347	34	AS
240.347	240.463	99999	sp
240.463	241.305	219	INNOCENCE
241.305	251.332	99999	{NS}
251.332	251.867	99999	{NS}
251.867	252.442	405	STEVE
252.442	252.646	490	WORE
252.646	252.783	1	A
252.783	252.864	99999	sp
252.864	253.254	65	BRIGHT
253.254	253.608	356	RED
253.608	253.685	99999	sp
253.685	254.303	78	CASHMERE
254.303	254.956	420	SWEATER
254.956	264.382	99999	{NS}
264.382	264.916	99999	{NS}
264.916	265.352	46	BARB'S
265.352	265.691	188	GOLD
265.691	266.267	63	BRACELET
266.267	266.466	472	WAS
266.466	266.589	1	A
266.589	267.436	193	GRADUATION
267.436	267.911	339	PRESENT
267.911	278.142	99999	{NS}
278.142	278.701	99999	{NS}
278.701	279.019	130	DRAW
279.019	279.495	145	EVERY
279.495	279.85	308	OUTER
279.85	280.221	244	LINE
280.221	280.882	156	FIRST
280.882	281.067	99999	sp
281.067	281.364	436	THEN
281.364	281.661	154	FILL
281.661	281.892	217	IN
281.892	282.0	434	THE
282.0	282.792	222	INTERIOR
282.792	293.541	99999	{NS}
293.541	294.159	99999	{NS}
294.159	294.232	434	THE
294.232	294.648	475	WATER
294.648	295.282	103	CONTAINED
295.282	295.479	448	TOO
295.479	295.832	269	MUCH
295.832	296.371	90	CHLORINE
296.371	296.603	20	AND
296.603	297.056	409	STUNG
297.056	297.312	208	HIS
297.312	297.881	149	EYES
297.881	307.812	99999	{NS}
307.812	308.374	99999	{NS}
308.374	308.849	229	JOHN'S
308.849	309.161	66	BROTHER
309.161	309.962	363	REPAINTED
309.962	310.14	434	THE
310.14	310.674	173	GARAGE
310.674	311.087	129	DOOR
311.087	320.562	99999	{NS}
320.562	321.146	99999	{NS}
321.146	321.63	84	CHALLENGE
321.63	321.725	99999	sp
321.725	322.091	132	EACH
322.091	322.732	175	GENERAL'S
322.732	323.803	221	INTELLIGENCE
323.803	333.712	99999	{NS}
333.712	334.289	99999	{NS}
334.289	335.222	17	AMBIDEXTROUS
335.222	335.327	99999	sp
335.327	336.098	327	PICKPOCKETS
336.098	336.185	99999	sp
336.185	337.055	6	ACCOMPLISH
337.055	337.54	267	MORE
337.54	349.302	99999	{NS}
349.302	349.432	99999	sp
349.432	349.87	99999	{NS}
349.87	349.928	1	A
349.928	350.606	271	MUSCULAR
350.606	351.275	2	ABDOMEN
351.275	351.565	224	IS
351.565	351.76	189	GOOD
351.76	351.952	161	FOR
351.952	352.175	496	YOUR
352.175	352.695	43	BACK
352.695	361.732	99999	{NS}
361.732	362.18	99999	{NS}
362.18	362.43	438	THEY
362.43	362.661	317	OWN
362.661	362.848	1	A
362.848	363.069	52	BIG
363.069	363.576	209	HOUSE
363.576	363.72	217	IN
363.72	363.804	434	THE
363.804	364.376	361	REMOTE
364.376	365.27	109	COUNTRYSIDE
365.27	375.401	99999	{NS}
375.401	375.867	99999	{NS}
375.867	375.994	434	THE
375.994	376.506	369	ROSE
376.506	377.248	106	CORSAGE
377.248	377.822	393	SMELLED
377.822	378.606	421	SWEET
378.606	388.572	99999	{NS}
388.572	389.011	99999	{NS}
389.011	389.304	433	THAT
389.304	390.04	326	PICKPOCKET
390.04	390.321	472	WAS
390.321	390.695	80	CAUGHT
390.695	390.958	356	RED
390.958	391.671	199	HANDED
391.671	400.661	99999	{NS}
400.661	400.702	99999	sp
400.702	401.179	99999	{NS}
401.179	401.272	19	AN
401.272	401.722	9	ADULT
401.722	401.836	99999	sp
401.836	402.207	255	MALE
402.207	402.838	42	BABOON'S
402.838	403.211	430	TEETH
403.211	403.305	99999	sp
403.305	403.444	30	ARE
403.444	403.705	285	NOT
403.705	404.267	415	SUITABLE
404.267	404.492	161	FOR
404.492	404.929	135	EATING
404.929	405.801	376	SHELLFISH
405.801	417.101	99999	{NS}
417.101	417.192	99999	sp
417.192	417.677	99999	{NS}
417.677	417.867	204	HER
417.867	418.511	470	WARDROBE
418.511	419.049	102	CONSISTS
419.049	419.242	294	OF
419.242	419.58	298	ONLY
419.58	420.187	385	SKIRTS
420.187	420.448	20	AND
420.448	421.16	54	BLOUSES
421.16	432.101	99999	{NS}
432.101	432.418	99999	{NS}
432.418	432.596	434	THE
432.596	432.856	453	TWO
432.856	433.435	33	ARTISTS
433.435	434.349	147	EXCHANGED
434.349	435.293	39	AUTOGRAPHS
435.293	444.212	99999	{NS}
444.212	444.755	99999	{NS}
444.755	445.411	71	BUTTERSCOTCH
445.411	445.926	169	FUDGE
445.926	446.182	186	GOES
446.182	446.508	481	WELL
446.508	446.683	487	WITH
446.683	447.206	463	VANILLA
447.206	447.536	212	ICE
447.536	447.968	112	CREAM
447.968	457.612	99999	{NS}
457.612	458.634	99999	{NS}
458.634	459.035	366	RICH
459.035	459.562	349	PURCHASED
459.562	460.079	374	SEVERAL
460.079	460.661	382	SIGNED
460.661	461.669	245	LITHOGRAPHS
461.669	471.762	99999	{NS}
471.762	472.573	99999	{NS}
472.573	472.847	24	ANY
472.847	473.862	105	CONTRIBUTIONS
473.862	474.106	485	WILL
474.106	474.399	47	BE
474.399	474.922	195	GREATLY
474.922	476.02	28	APPRECIATED
476.02	486.012	99999	{NS}
486.012	486.656	99999	{NS}
486.656	486.818	434	THE
486.818	487.463	111	CRANBERRY
487.463	487.87	57	BOG
487.87	488.225	178	GETS
488.225	488.609	465	VERY
488.609	489.032	340	PRETTY
489.032	489.242	217	IN
489.242	489.777	40	AUTUMN
489.777	500.392	99999	{NS}
500.392	500.861	99999	{NS}
500.861	501.058	210	HOW
501.058	501.266	128	DO
501.266	501.827	318	OYSTERS
501.827	502.04	253	MAKE
502.04	502.1	99999	sp
502.1	502.678	320	PEARLS
502.678	512.501	99999	{NS}
512.501	513.182	99999	{NS}
513.182	513.255	99999	sp
513.255	513.412	257	MAY
513.412	513.621	211	I
513.621	513.995	304	ORDER
513.995	514.197	1	A
514.197	514.792	319	PARFAIT
514.792	515.423	10	AFTER
515.423	515.591	211	I
515.591	515.873	134	EAT
515.873	516.38	124	DINNER
516.38	526.221	99999	{NS}
526.221	526.571	99999	{NS}
526.571	526.675	224	IS
526.675	526.974	375	SHE
526.974	527.312	187	GOING
527.312	527.55	487	WITH
527.55	527.771	495	YOU
527.771	535.022	99999	{NS}
535.022	535.661	99999	{NS}
535.661	535.861	76	CAN
535.861	535.922	434	THE
535.922	536.692	11	AGENCY
536.692	537.412	315	OVERTHROW
537.412	537.962	13	ALIEN
537.962	538.726	162	FORCES
538.726	548.011	99999	{NS}
548.011	548.661	99999	{NS}
548.661	548.744	1	A
548.744	549.552	371	SCREWDRIVER
549.552	549.803	224	IS
549.803	550.042	252	MADE
550.042	550.361	166	FROM
550.361	551.0	469	VODKA
551.0	551.233	20	AND
551.233	551.601	303	ORANGE
551.601	552.111	230	JUICE
552.111	552.392	99999	{NS}
552.392	560.0	99999	{NS}
560.0	561.918	99999	sp
561.918	562.081	210	HOW
562.081	562.396	269	MUCH
562.396	562.96	16	ALLOWANCE
562.96	563.051	128	DO
563.051	563.252	495	YOU
563.252	563.561	177	GET
563.561	563.721	99999	sp
563.721	572.761	99999	{NS}
572.761	573.66	99999	{NS}
573.66	574.373	115	CYCLICAL
574.373	575.031	346	PROGRAMS
575.031	575.154	485	WILL
575.154	575.646	281	NEVER
575.646	576.429	100	COMPILE
576.429	586.062	99999	{NS}
586.062	586.669	99999	{NS}
586.669	586.821	434	THE
586.821	587.348	61	BOSTON
587.348	587.887	45	BALLET
587.887	587.937	99999	sp
587.937	588.642	312	OVERCAME
588.642	588.8389999999999	435	THEIR
588.8389999999999	589.454	170	FUNDING
589.454	590.317	380	SHORTAGE
590.317	600.701	99999	{NS}
600.701	601.38	99999	{NS}
601.38	601.783	145	EVERY
601.783	602.246	74	CAB
602.246	602.671	280	NEEDS
602.671	602.895	88888	RE
602.895	603.222	99999	sp
603.222	604.0889999999999	364	REPAINTING
604.0889999999999	604.148	99999	sp
604.148	604.704	296	OFTEN
604.704	612.712	99999	{NS}
612.712	615.111	99999	{NS}
615.111	615.404	203	HELP
615.404	615.497	99999	sp
615.497	615.797	196	GREG
615.797	615.882	99999	sp
615.882	616.096	446	TO
616.096	616.379	325	PICK
616.379	616.508	1	A
616.508	616.597	99999	sp
616.597	616.943	321	PECK
616.943	617.109	294	OF
617.109	617.175	99999	sp
617.175	617.984	338	POTATOES
617.984	627.431	99999	{NS}
627.431	628.075	99999	{NS}
628.075	628.231	476	WE
628.231	628.639	241	LIKE
628.639	628.896	55	BLUE
628.896	629.357	88	CHEESE
629.357	629.484	99999	sp
629.484	629.687	70	BUT
629.687	630.123	466	VICTOR
630.123	630.454	242	LIKES
630.454	630.579	99999	sp
630.579	630.931	64	BRIE
630.931	641.011	99999	{NS}
641.011	641.597	99999	{NS}
641.597	641.886	108	COUNT
641.886	641.975	434	THE
641.975	642.341	289	NUMBER
642.341	642.56	294	OF
642.56	643.187	429	TEASPOONS
643.187	643.338	294	OF
643.338	644.0550000000001	395	SOYSAUCE
644.0550000000001	644.134	99999	sp
644.134	644.2909999999999	433	THAT
644.2909999999999	644.481	495	YOU
644.481	644.894	7	ADD
644.894	654.712	99999	{NS}
654.712	655.165	99999	{NS}
655.165	655.831	44	BAGPIPES
655.831	656.087	20	AND
656.087	656.751	59	BONGOS
656.751	656.869	30	ARE
656.869	657.49	273	MUSICAL
657.49	658.403	220	INSTRUMENTS
658.403	668.011	99999	{NS}
668.011	668.656	99999	{NS}
668.656	668.944	210	HOW
668.944	669.141	189	GOOD
669.141	669.388	224	IS
669.388	669.554	496	YOUR
669.554	670.441	138	ENDURANCE
670.441	684.412	99999	{NS}
684.412	694.692	99999	{NS}
694.692	695.207	99999	{NS}
695.207	695.292	30	ARE
695.292	695.53	496	YOUR
695.53	695.826	192	GRADES
695.826	696.345	206	HIGHER
696.345	696.475	302	OR
696.475	696.989	251	LOWER
696.989	697.1279999999999	432	THAN
697.1279999999999	697.938	275	NANCY'S
697.938	706.552	99999	{NS}
706.552	706.835	99999	{NS}
706.835	707.112	375	SHE
707.112	707.482	490	WORE
707.482	707.9010000000001	471	WARM
707.9010000000001	708.566	158	FLEECY
708.566	709.061	489	WOOLEN
709.061	709.148	99999	sp
709.148	709.996	311	OVERALLS
709.996	719.212	99999	{NS}
719.212	719.823	99999	{NS}
719.823	720.282	354	READING
720.282	720.45	217	IN
720.45	720.508	99999	sp
720.508	720.778	335	POOR
720.778	721.129	240	LIGHT
721.129	721.2429999999999	99999	sp
721.2429999999999	721.517	181	GIVES
721.517	721.692	495	YOU
721.692	722.458	150	EYESTRAIN
722.458	731.792	99999	{NS}
731.792	731.852	99999	sp
731.852	732.547	99999	{NS}
732.547	732.86	142	EVEN
732.86	733.113	211	I
733.113	733.836	293	OCCASIONALLY
733.836	734.031	177	GET
734.031	734.0840000000001	99999	sp
734.0840000000001	734.162	434	THE
734.162	734.67	265	MONDAY
734.67	735.237	56	BLUES
735.237	735.482	99999	{NS}
735.482	746.032	99999	{NS}
746.032	746.213	99999	sp
746.213	746.345	476	WE
746.345	746.492	30	ARE
746.492	746.922	301	OPEN
746.922	746.973	99999	sp
746.973	747.338	145	EVERY
747.338	747.886	265	MONDAY
747.886	748.4639999999999	143	EVENING
748.4639999999999	758.172	99999	{NS}
758.172	758.67	99999	{NS}
758.67	758.907	226	IT'S
758.907	759.1759999999999	285	NOT
759.1759999999999	759.5889999999999	133	EASY
759.5889999999999	759.736	446	TO
759.736	759.798	99999	sp
759.798	760.342	113	CREATE
760.342	761.2470000000001	215	ILLUMINATING
761.2470000000001	762.186	146	EXAMPLES
762.186	770.982	99999	{NS}
770.982	771.322	99999	sp
771.322	771.91	99999	{NS}
771.91	772.252	270	MUM
772.252	772.996	407	STRONGLY
772.996	773.517	126	DISLIKES
773.517	773.594	99999	sp
773.594	774.612	27	APPETIZERS
774.612	784.052	99999	{NS}
784.052	784.8	99999	{NS}
784.8	785.1279999999999	443	THOSE
785.1279999999999	785.326	484	WHO
785.326	785.696	427	TEACH
785.696	786.332	462	VALUES
786.332	786.812	156	FIRST
786.812	787.438	4	ABOLISH
787.438	787.5360000000001	99999	sp
787.5360000000001	788.062	87	CHEATING
788.062	797.392	99999	{NS}
797.392	798.002	99999	{NS}
798.002	798.081	434	THE
798.081	798.587	165	FRIGHTENED
798.587	798.6759999999999	99999	sp
798.6759999999999	799.252	89	CHILD
799.252	799.485	472	WAS
799.485	799.552	99999	sp
799.552	799.988	176	GENTLY
799.988	800.595	410	SUBDUED
800.595	800.677	99999	sp
800.677	800.813	73	BY
800.813	801.125	208	HIS
801.125	801.434	52	BIG
801.434	801.939	66	BROTHER
801.939	810.922	99999	{NS}
810.922	811.282	99999	{NS}
811.282	811.419	99999	sp
811.419	811.719	142	EVEN
811.719	811.807	1	A
811.807	812.308	383	SIMPLE
812.308	813.308	468	VOCABULARY
813.308	813.952	104	CONTAINS
813.952	814.752	422	SYMBOLS
814.752	823.6220000000001	99999	{NS}
823.6220000000001	824.207	99999	{NS}
824.207	824.3969999999999	1	A
824.3969999999999	824.787	110	CRAB
824.787	824.885	99999	sp
824.885	825.4259999999999	85	CHALLENGED
825.4259999999999	825.8009999999999	258	ME
825.8009999999999	826.006	70	BUT
826.006	826.173	1	A
826.173	826.4110000000001	350	QUICK
826.4110000000001	826.924	402	STAB
826.924	826.994	99999	sp
826.994	827.653	464	VANQUISHED
827.653	827.962	207	HIM
827.962	836.3620000000001	99999	{NS}
836.3620000000001	836.642	99999	{NS}
836.642	836.7950000000001	99999	sp
836.7950000000001	837.443	183	GLUCOSE
837.443	837.5219999999999	99999	sp
837.5219999999999	837.6990000000001	20	AND
837.6990000000001	838.481	167	FRUCTOSE
838.481	838.6220000000001	30	ARE
838.6220000000001	839.238	276	NATURAL
839.238	839.748	414	SUGARS
839.748	840.1120000000001	163	FOUND
840.1120000000001	840.313	217	IN
840.313	840.85	168	FRUIT
840.85	850.0219999999999	99999	{NS}
850.0219999999999	850.755	99999	{NS}
850.755	850.8820000000001	30	ARE
850.8820000000001	851.052	495	YOU
851.052	851.453	250	LOOKING
851.453	851.642	161	FOR
851.642	852.601	136	EMPLOYMENT
852.601	861.1510000000001	99999	{NS}
861.1510000000001	861.613	99999	{NS}
861.613	862.02	98	COFFEE
862.02	862.2470000000001	224	IS
862.2470000000001	862.5129999999999	198	GROWN
862.5129999999999	862.735	297	ON
862.735	863.293	404	STEEP
863.293	863.4649999999999	99999	sp
863.4649999999999	863.8720000000001	231	JUNGLE
863.8720000000001	864.142	241	LIKE
864.142	864.775	390	SLOPES
864.775	864.998	217	IN
864.998	865.5219999999999	431	TEMPERATE
865.5219999999999	866.221	497	ZONES
866.221	875.802	99999	{NS}
875.802	876.188	99999	{NS}
876.188	876.312	476	WE
876.312	876.793	480	WELCOME
876.793	877.101	256	MANY
877.101	877.3399999999999	282	NEW
877.3399999999999	877.9590000000001	408	STUDENTS
877.9590000000001	878.023	99999	sp
878.023	878.341	132	EACH
878.341	878.725	491	YEAR
878.725	889.5219999999999	99999	{NS}
889.5219999999999	890.201	99999	{NS}
890.201	890.5360000000001	298	ONLY
890.5360000000001	890.7090000000001	434	THE
890.7090000000001	890.969	51	BEST
890.969	891.04	99999	sp
891.04	891.563	330	PLAYERS
891.563	892.0930000000001	139	ENJOY
892.0930000000001	892.139	99999	sp
892.139	893.0699999999999	336	POPULARITY
893.0699999999999	901.922	99999	{NS}
901.922	902.4449999999999	99999	{NS}
902.4449999999999	902.952	75	CALCIUM
902.952	903.23	254	MAKES
903.23	903.322	99999	sp
903.322	903.733	58	BONES
903.733	903.794	99999	sp
903.794	904.027	20	AND
904.027	904.452	430	TEETH
904.452	905.135	406	STRONG
905.135	914.101	99999	{NS}
914.101	914.537	99999	{NS}
914.537	915.0219999999999	286	NOTHING
915.0219999999999	915.2080000000001	224	IS
915.2080000000001	915.3969999999999	34	AS
915.3969999999999	916.091	295	OFFENSIVE
916.091	916.394	34	AS
916.394	916.477	99999	sp
916.477	917.327	219	INNOCENCE
917.327	927.002	99999	{NS}
927.002	927.091	99999	sp
927.091	927.512	99999	{NS}
927.512	928.079	405	STEVE
928.079	928.268	490	WORE
928.268	928.373	1	A
928.373	928.443	99999	sp
928.443	928.739	65	BRIGHT
928.739	928.818	99999	sp
928.818	929.129	356	RED
929.129	929.2180000000001	99999	sp
929.2180000000001	929.802	78	CASHMERE
929.802	930.335	420	SWEATER
930.335	936.932	99999	{NS}
936.932	939.854	99999	{NS}
939.854	940.274	46	BARB'S
940.274	940.6279999999999	188	GOLD
940.6279999999999	941.148	63	BRACELET
941.148	941.341	472	WAS
941.341	941.4639999999999	1	A
941.4639999999999	942.188	193	GRADUATION
942.188	942.233	99999	sp
942.233	942.732	339	PRESENT
942.732	942.7909999999999	99999	sp
942.7909999999999	951.562	99999	{NS}
951.562	952.21	99999	{NS}
952.21	952.4929999999999	130	DRAW
952.4929999999999	952.979	145	EVERY
952.979	953.315	308	OUTER
953.315	953.672	244	LINE
953.672	954.2629999999999	156	FIRST
954.2629999999999	954.398	99999	sp
954.398	954.672	436	THEN
954.672	954.992	154	FILL
954.992	955.2180000000001	217	IN
955.2180000000001	955.3530000000001	434	THE
955.3530000000001	956.136	222	INTERIOR
956.136	965.1320000000001	99999	{NS}
965.1320000000001	965.7919999999999	99999	{NS}
965.7919999999999	965.8820000000001	434	THE
965.8820000000001	966.2339999999999	475	WATER
966.2339999999999	966.297	99999	sp
966.297	966.9390000000001	103	CONTAINED
966.9390000000001	967.117	448	TOO
967.117	967.457	269	MUCH
967.457	967.962	90	CHLORINE
967.962	968.1800000000001	20	AND
968.1800000000001	968.606	409	STUNG
968.606	968.848	208	HIS
968.848	969.471	149	EYES
969.471	979.101	99999	{NS}
979.101	979.142	99999	sp
979.142	979.658	99999	{NS}
979.658	980.0699999999999	229	JOHN'S
980.0699999999999	980.4110000000001	66	BROTHER
980.4110000000001	981.119	363	REPAINTED
981.119	981.26	434	THE
981.26	981.729	173	GARAGE
981.729	981.794	99999	sp
981.794	982.2180000000001	129	DOOR
982.2180000000001	992.192	99999	{NS}
992.192	992.8620000000001	99999	{NS}
992.8620000000001	993.37	84	CHALLENGE
993.37	993.702	132	EACH
993.702	993.7950000000001	99999	sp
993.7950000000001	994.3820000000001	175	GENERAL'S
994.3820000000001	994.446	99999	sp
994.446	995.502	221	INTELLIGENCE
995.502	1004.922	99999	{NS}
1004.922	1005.4200000000001	99999	{NS}
1005.4200000000001	1006.321	17	AMBIDEXTROUS
1006.321	1006.462	99999	sp
1006.462	1007.252	327	PICKPOCKETS
1007.252	1007.35	99999	sp
1007.35	1008.125	6	ACCOMPLISH
1008.125	1008.191	99999	sp
1008.191	1008.646	267	MORE
1008.646	1017.6510000000001	99999	{NS}
1017.6510000000001	1018.279	99999	{NS}
1018.279	1018.332	1	A
1018.332	1018.97	271	MUSCULAR
1018.97	1019.562	2	ABDOMEN
1019.562	1019.784	224	IS
1019.784	1019.8530000000001	99999	sp
1019.8530000000001	1020.0550000000001	189	GOOD
1020.0550000000001	1020.222	161	FOR
1020.222	1020.393	496	YOUR
1020.393	1020.469	99999	sp
1020.469	1020.996	43	BACK
1020.996	1021.179	99999	sp
1021.179	1030.562	99999	{NS}
1030.562	1030.661	99999	sp
1030.661	1031.1480000000001	99999	{NS}
1031.1480000000001	1031.346	438	THEY
1031.346	1031.587	317	OWN
1031.587	1031.687	1	A
1031.687	1031.766	99999	sp
1031.766	1031.997	52	BIG
1031.997	1032.412	209	HOUSE
1032.412	1032.471	99999	sp
1032.471	1032.603	217	IN
1032.603	1032.701	434	THE
1032.701	1033.161	361	REMOTE
1033.161	1033.262	99999	sp
1033.262	1034.108	109	COUNTRYSIDE
1034.108	1043.0720000000001	99999	{NS}
1043.0720000000001	1043.558	99999	{NS}
1043.558	1043.665	434	THE
1043.665	1044.056	369	ROSE
1044.056	1044.127	99999	sp
1044.127	1044.8319999999999	106	CORSAGE
1044.8319999999999	1044.8980000000001	99999	sp
1044.8980000000001	1045.392	393	SMELLED
1045.392	1046.018	421	SWEET
1046.018	1055.541	99999	{NS}
1055.541	1056.0720000000001	99999	{NS}
1056.0720000000001	1056.344	433	THAT
1056.344	1057.021	326	PICKPOCKET
1057.021	1057.237	472	WAS
1057.237	1057.289	99999	sp
1057.289	1057.55	80	CAUGHT
1057.55	1057.606	99999	sp
1057.606	1057.922	356	RED
1057.922	1058.597	199	HANDED
1058.597	1069.151	99999	{NS}
1069.151	1069.827	99999	{NS}
1069.827	1069.939	19	AN
1069.939	1070.396	9	ADULT
1070.396	1070.4560000000001	99999	sp
1070.4560000000001	1070.825	255	MALE
1070.825	1071.414	42	BABOON'S
1071.414	1071.709	430	TEETH
1071.709	1071.9270000000001	30	ARE
1071.9270000000001	1072.289	285	NOT
1072.289	1072.81	415	SUITABLE
1072.81	1073.0700000000002	161	FOR
1073.0700000000002	1073.46	135	EATING
1073.46	1074.241	376	SHELLFISH
1074.241	1084.042	99999	{NS}
1084.042	1084.4569999999999	99999	{NS}
1084.4569999999999	1084.652	204	HER
1084.652	1085.232	470	WARDROBE
1085.232	1085.752	102	CONSISTS
1085.752	1085.908	294	OF
1085.908	1086.156	298	ONLY
1086.156	1086.616	385	SKIRTS
1086.616	1086.67	99999	sp
1086.67	1086.842	20	AND
1086.842	1087.4650000000001	54	BLOUSES
1087.4650000000001	1096.672	99999	{NS}
1096.672	1097.1660000000002	99999	{NS}
1097.1660000000002	1097.275	434	THE
1097.275	1097.335	99999	sp
1097.335	1097.591	453	TWO
1097.591	1098.046	33	ARTISTS
1098.046	1098.104	99999	sp
1098.104	1098.917	147	EXCHANGED
1098.917	1099.712	39	AUTOGRAPHS
1099.712	1109.642	99999	{NS}
1109.642	1109.702	99999	sp
1109.702	1110.103	99999	{NS}
1110.103	1110.784	71	BUTTERSCOTCH
1110.784	1111.1950000000002	169	FUDGE
1111.1950000000002	1111.263	99999	sp
1111.263	1111.566	186	GOES
1111.566	1111.7930000000001	481	WELL
1111.7930000000001	1112.0140000000001	487	WITH
1112.0140000000001	1112.488	463	VANILLA
1112.488	1112.819	212	ICE
1112.819	1113.1309999999999	112	CREAM
1113.1309999999999	1120.0	99999	{NS}
1120.0	1124.997	99999	{NS}
1124.997	1125.374	366	RICH
1125.374	1125.851	349	PURCHASED
1125.851	1126.267	374	SEVERAL
1126.267	1126.812	382	SIGNED
1126.812	1127.741	245	LITHOGRAPHS
1127.741	1134.701	99999	{NS}
1134.701	1137.512	99999	{NS}
1137.512	1137.666	99999	sp
1137.666	1137.932	24	ANY
1137.932	1138.853	105	CONTRIBUTIONS
1138.853	1139.038	485	WILL
1139.038	1139.22	47	BE
1139.22	1139.682	195	GREATLY
1139.682	1140.632	28	APPRECIATED
1140.632	1149.361	99999	{NS}
1149.361	1149.521	99999	sp
1149.521	1149.988	99999	{NS}
1149.988	1150.124	434	THE
1150.124	1150.712	111	CRANBERRY
1150.712	1151.041	57	BOG
1151.041	1151.302	178	GETS
1151.302	1151.737	465	VERY
1151.737	1152.0720000000001	340	PRETTY
1152.0720000000001	1152.268	217	IN
1152.268	1152.852	40	AUTUMN
1152.852	1162.867	99999	{NS}
1162.867	1162.97	99999	{NS}
1162.97	1163.156	210	HOW
1163.156	1163.307	128	DO
1163.307	1163.861	318	OYSTERS
1163.861	1164.15	253	MAKE
1164.15	1164.753	320	PEARLS
1164.753	1173.291	99999	{NS}
1173.291	1173.913	99999	{NS}
1173.913	1174.083	257	MAY
1174.083	1174.278	211	I
1174.278	1174.649	304	ORDER
1174.649	1174.859	1	A
1174.859	1175.471	319	PARFAIT
1175.471	1175.971	10	AFTER
1175.971	1176.101	211	I
1176.101	1176.329	134	EAT
1176.329	1176.75	124	DINNER
1176.75	1187.831	99999	{NS}
1187.831	1188.344	99999	{NS}
1188.344	1188.441	224	IS
1188.441	1188.679	375	SHE
1188.679	1188.962	187	GOING
1188.962	1189.216	487	WITH
1189.216	1189.412	495	YOU
1189.412	1195.561	99999	{NS}
1195.561	1196.1	99999	{NS}
1196.1	1196.3	76	CAN
1196.3	1196.421	434	THE
1196.421	1196.979	11	AGENCY
1196.979	1197.723	315	OVERTHROW
1197.723	1198.251	13	ALIEN
1198.251	1198.983	162	FORCES
1198.983	1208.407	99999	{NS}
1208.407	1208.484	99999	sp
1208.484	1208.719	99999	{NS}
1208.719	1208.814	1	A
1208.814	1209.552	371	SCREWDRIVER
1209.552	1209.798	224	IS
1209.798	1209.989	252	MADE
1209.989	1210.272	166	FROM
1210.272	1210.92	469	VODKA
1210.92	1211.068	20	AND
1211.068	1211.401	303	ORANGE
1211.401	1211.914	230	JUICE
1211.914	1220.761	99999	{NS}
1220.761	1221.088	99999	{NS}
1221.088	1221.231	210	HOW
1221.231	1221.528	269	MUCH
1221.528	1222.099	16	ALLOWANCE
1222.099	1222.201	128	DO
1222.201	1222.398	495	YOU
1222.398	1222.644	177	GET
1222.644	1231.701	99999	{NS}
1231.701	1232.174	99999	{NS}
1232.174	1232.875	115	CYCLICAL
1232.875	1233.514	346	PROGRAMS
1233.514	1233.635	485	WILL
1233.635	1234.126	281	NEVER
1234.126	1234.917	100	COMPILE
1234.917	1240.901	99999	{NS}
1240.901	1245.91	99999	{NS}
1245.91	1246.073	434	THE
1246.073	1246.537	61	BOSTON
1246.537	1247.0819999999999	45	BALLET
1247.0819999999999	1247.762	312	OVERCAME
1247.762	1247.885	435	THEIR
1247.885	1248.512	170	FUNDING
1248.512	1249.292	380	SHORTAGE
1249.292	1255.492	99999	{NS}
1255.492	1255.692	99999	sp
1255.692	1257.629	99999	{NS}
1257.629	1257.988	145	EVERY
1257.988	1258.449	74	CAB
1258.449	1258.922	280	NEEDS
1258.922	1259.622	364	REPAINTING
1259.622	1260.315	296	OFTEN
1260.315	1268.242	99999	{NS}
1268.242	1268.342	99999	sp
1268.342	1268.74	99999	{NS}
1268.74	1269.121	203	HELP
1269.121	1269.561	196	GREG
1269.561	1269.766	446	TO
1269.766	1270.024	325	PICK
1270.024	1270.234	1	A
1270.234	1270.573	321	PECK
1270.573	1270.83	294	OF
1270.83	1271.642	338	POTATOES
1271.642	1281.151	99999	{NS}
1281.151	1281.519	99999	{NS}
1281.519	1281.664	476	WE
1281.664	1281.944	241	LIKE
1281.944	1282.04	99999	sp
1282.04	1282.287	55	BLUE
1282.287	1282.842	88	CHEESE
1282.842	1283.012	70	BUT
1283.012	1283.395	466	VICTOR
1283.395	1283.698	242	LIKES
1283.698	1283.8220000000001	99999	sp
1283.8220000000001	1284.227	64	BRIE
1284.227	1294.722	99999	{NS}
1294.722	1294.812	99999	sp
1294.812	1294.849	99999	{NS}
1294.849	1295.112	108	COUNT
1295.112	1295.212	434	THE
1295.212	1295.552	289	NUMBER
1295.552	1295.725	294	OF
1295.725	1296.225	429	TEASPOONS
1296.225	1296.302	294	OF
1296.302	1297.055	395	SOYSAUCE
1297.055	1297.172	433	THAT
1297.172	1297.469	495	YOU
1297.469	1297.932	7	ADD
1297.932	1306.842	99999	{NS}
1306.842	1307.336	99999	{NS}
1307.336	1307.942	44	BAGPIPES
1307.942	1308.1100000000001	20	AND
1308.1100000000001	1308.657	59	BONGOS
1308.657	1308.812	30	ARE
1308.812	1309.392	273	MUSICAL
1309.392	1310.309	220	INSTRUMENTS
1310.309	1317.722	99999	{NS}
1317.722	1319.251	99999	{NS}
1319.251	1319.547	210	HOW
1319.547	1319.692	189	GOOD
1319.692	1319.912	224	IS
1319.912	1319.993	496	YOUR
1319.993	1320.798	138	ENDURANCE
1320.798	1343.122	99999	{NS}
1343.122	1344.722	99999	{NS}
1344.722	1344.892	99999	sp
1344.892	1350.952	99999	{NS}
1350.952	1351.4470000000001	99999	sp
1351.4470000000001	1351.532	30	ARE
1351.532	1351.732	496	YOUR
1351.732	1352.055	192	GRADES
1352.055	1352.539	206	HIGHER
1352.539	1352.644	302	OR
1352.644	1353.013	251	LOWER
1353.013	1353.172	432	THAN
1353.172	1353.94	275	NANCY'S
1353.94	1361.772	99999	{NS}
1361.772	1362.137	99999	{NS}
1362.137	1362.401	375	SHE
1362.401	1362.78	490	WORE
1362.78	1363.19	471	WARM
1363.19	1363.798	158	FLEECY
1363.798	1364.32	489	WOOLEN
1364.32	1365.206	311	OVERALLS
1365.206	1373.792	99999	{NS}
1373.792	1374.274	99999	{NS}
1374.274	1374.612	354	READING
1374.612	1374.829	217	IN
1374.829	1375.083	335	POOR
1375.083	1375.461	240	LIGHT
1375.461	1375.714	181	GIVES
1375.714	1375.872	495	YOU
1375.872	1376.614	150	EYESTRAIN
1376.614	1385.0819999999999	99999	{NS}
1385.0819999999999	1385.55	99999	{NS}
1385.55	1385.862	142	EVEN
1385.862	1386.122	211	I
1386.122	1386.762	293	OCCASIONALLY
1386.762	1387.008	177	GET
1387.008	1387.0819999999999	434	THE
1387.0819999999999	1387.6	265	MONDAY
1387.6	1388.202	56	BLUES
1388.202	1396.182	99999	{NS}
1396.182	1396.546	99999	{NS}
1396.546	1396.687	476	WE
1396.687	1396.8220000000001	30	ARE
1396.8220000000001	1397.274	301	OPEN
1397.274	1397.6770000000001	145	EVERY
1397.6770000000001	1398.089	265	MONDAY
1398.089	1398.779	143	EVENING
1398.779	1401.892	99999	{NS}
1401.892	1402.002	99999	sp
1402.002	1407.155	99999	{NS}
1407.155	1407.373	226	IT'S
1407.373	1407.591	285	NOT
1407.591	1407.974	133	EASY
1407.974	1408.141	446	TO
1408.141	1408.632	113	CREATE
1408.632	1409.399	215	ILLUMINATING
1409.399	1410.296	146	EXAMPLES
1410.296	1418.392	99999	{NS}
1418.392	1419.272	99999	{NS}
1419.272	1419.521	99999	sp
1419.521	1419.8319999999999	270	MUM
1419.8319999999999	1420.5819999999999	407	STRONGLY
1420.5819999999999	1421.149	126	DISLIKES
1421.149	1422.218	27	APPETIZERS
1422.218	1430.712	99999	{NS}
1430.712	1431.258	99999	{NS}
1431.258	1431.5520000000001	443	THOSE
1431.5520000000001	1431.722	484	WHO
1431.722	1432.0230000000001	427	TEACH
1432.0230000000001	1432.612	462	VALUES
1432.612	1432.983	156	FIRST
1432.983	1433.591	4	ABOLISH
1433.591	1434.147	87	CHEATING
1434.147	1442.732	99999	{NS}
1442.732	1443.212	99999	{NS}
1443.212	1443.281	434	THE
1443.281	1443.896	165	FRIGHTENED
1443.896	1444.413	89	CHILD
1444.413	1444.634	472	WAS
1444.634	1445.007	176	GENTLY
1445.007	1445.6399999999999	410	SUBDUED
1445.6399999999999	1445.75	73	BY
1445.75	1445.988	208	HIS
1445.988	1446.085	99999	sp
1446.085	1446.29	52	BIG
1446.29	1446.376	99999	sp
1446.376	1446.866	66	BROTHER
1446.866	1456.781	99999	{NS}
1456.781	1457.274	99999	{NS}
1457.274	1457.516	142	EVEN
1457.516	1457.592	1	A
1457.592	1458.02	383	SIMPLE
1458.02	1459.047	468	VOCABULARY
1459.047	1459.6480000000001	104	CONTAINS
1459.6480000000001	1460.4279999999999	422	SYMBOLS
1460.4279999999999	1468.768	99999	{NS}
1468.768	1468.8229999999999	99999	sp
1468.8229999999999	1469.039	99999	{NS}
1469.039	1469.218	1	A
1469.218	1469.6680000000001	110	CRAB
1469.6680000000001	1470.234	85	CHALLENGED
1470.234	1470.628	258	ME
1470.628	1470.724	70	BUT
1470.724	1470.891	1	A
1470.891	1471.116	350	QUICK
1471.116	1471.641	402	STAB
1471.641	1471.716	99999	sp
1471.716	1472.3020000000001	464	VANQUISHED
1472.3020000000001	1472.636	207	HIM
1472.636	1482.862	99999	{NS}
1482.862	1483.283	99999	{NS}
1483.283	1483.841	183	GLUCOSE
1483.841	1483.999	20	AND
1483.999	1484.702	167	FRUCTOSE
1484.702	1484.862	30	ARE
1484.862	1485.4189999999999	276	NATURAL
1485.4189999999999	1485.952	414	SUGARS
1485.952	1486.267	163	FOUND
1486.267	1486.452	217	IN
1486.452	1487.089	168	FRUIT
1487.089	1496.101	99999	{NS}
1496.101	1496.442	99999	{NS}
1496.442	1496.521	99999	sp
1496.521	1496.632	30	ARE
1496.632	1496.809	495	YOU
1496.809	1497.192	250	LOOKING
1497.192	1497.334	161	FOR
1497.334	1498.004	136	EMPLOYMENT
1498.004	1506.632	99999	{NS}
1506.632	1506.975	99999	{NS}
1506.975	1507.3890000000001	98	COFFEE
1507.3890000000001	1507.628	224	IS
1507.628	1507.892	198	GROWN
1507.892	1508.101	297	ON
1508.101	1508.755	404	STEEP
1508.755	1508.842	99999	sp
1508.842	1509.237	231	JUNGLE
1509.237	1509.531	241	LIKE
1509.531	1510.157	390	SLOPES
1510.157	1510.375	217	IN
1510.375	1510.8319999999999	431	TEMPERATE
1510.8319999999999	1511.526	497	ZONES
1511.526	1521.242	99999	{NS}
1521.242	1521.892	99999	{NS}
1521.892	1522.012	476	WE
1522.012	1522.489	480	WELCOME
1522.489	1522.791	256	MANY
1522.791	1523.018	282	NEW
1523.018	1523.63	408	STUDENTS
1523.63	1523.92	132	EACH
1523.92	1524.351	491	YEAR
1524.351	1527.232	99999	{NS}
1527.232	1527.512	99999	sp
1527.512	1533.372	99999	{NS}
1533.372	1533.526	99999	sp
1533.526	1533.859	298	ONLY
1533.859	1534.049	434	THE
1534.049	1534.373	51	BEST
1534.373	1534.826	330	PLAYERS
1534.826	1535.3890000000001	139	ENJOY
1535.3890000000001	1536.279	336	POPULARITY
1536.279	1544.312	99999	{NS}
1544.312	1544.8229999999999	99999	{NS}
1544.8229999999999	1545.351	75	CALCIUM
1545.351	1545.628	254	MAKES
1545.628	1545.726	99999	sp
1545.726	1546.059	58	BONES
1546.059	1546.32	20	AND
1546.32	1546.718	430	TEETH
1546.718	1547.449	406	STRONG
1547.449	1553.512	99999	{NS}
1553.512	1556.175	99999	{NS}
1556.175	1556.679	286	NOTHING
1556.679	1556.8319999999999	224	IS
1556.8319999999999	1557.034	34	AS
1557.034	1557.672	295	OFFENSIVE
1557.672	1558.039	34	AS
1558.039	1558.875	219	INNOCENCE
1558.875	1567.182	99999	{NS}
1567.182	1569.172	99999	{NS}
1569.172	1569.4	99999	sp
1569.4	1569.873	405	STEVE
1569.873	1570.07	490	WORE
1570.07	1570.2440000000001	1	A
1570.2440000000001	1570.612	65	BRIGHT
1570.612	1571.005	356	RED
1571.005	1571.672	78	CASHMERE
1571.672	1572.328	420	SWEATER
1572.328	1580.5819999999999	99999	{NS}
1580.5819999999999	1581.166	99999	{NS}
1581.166	1581.599	46	BARB'S
1581.599	1581.914	188	GOLD
1581.914	1582.464	63	BRACELET
1582.464	1582.629	472	WAS
1582.629	1582.752	1	A
1582.752	1583.51	193	GRADUATION
1583.51	1584.002	339	PRESENT
1584.002	1584.272	99999	sp
1584.272	1592.742	99999	{NS}
1592.742	1593.041	99999	sp
1593.041	1593.272	99999	{NS}
1593.272	1593.521	130	DRAW
1593.521	1593.932	145	EVERY
1593.932	1594.252	308	OUTER
1594.252	1594.601	244	LINE
1594.601	1595.1970000000001	156	FIRST
1595.1970000000001	1595.301	99999	sp
1595.301	1595.5430000000001	436	THEN
1595.5430000000001	1595.902	154	FILL
1595.902	1596.129	217	IN
1596.129	1596.242	434	THE
1596.242	1596.983	222	INTERIOR
1596.983	1606.382	99999	{NS}
1606.382	1606.853	99999	{NS}
1606.853	1606.932	434	THE
1606.932	1607.366	475	WATER
1607.366	1607.901	103	CONTAINED
1607.901	1607.984	99999	sp
1607.984	1608.142	448	TOO
1608.142	1608.4940000000001	269	MUCH
1608.4940000000001	1609.0819999999999	90	CHLORINE
1609.0819999999999	1609.252	20	AND
1609.252	1609.672	409	STUNG
1609.672	1609.929	208	HIS
1609.929	1610.472	149	EYES
1610.472	1619.901	99999	{NS}
1619.901	1620.4560000000001	99999	{NS}
1620.4560000000001	1620.867	229	JOHN'S
1620.867	1621.141	66	BROTHER
1621.141	1621.876	363	REPAINTED
1621.876	1622.02	434	THE
1622.02	1622.458	173	GARAGE
1622.458	1622.534	99999	sp
1622.534	1622.9479999999999	129	DOOR
1622.9479999999999	1631.929	99999	{NS}
1631.929	1632.132	99999	{NS}
1632.132	1632.638	84	CHALLENGE
1632.638	1633.021	132	EACH
1633.021	1633.636	175	GENERAL'S
1633.636	1634.643	221	INTELLIGENCE
1634.643	1642.8609999999999	99999	{NS}
1642.8609999999999	1643.231	99999	{NS}
1643.231	1643.3229999999999	99999	sp
1643.3229999999999	1644.219	17	AMBIDEXTROUS
1644.219	1644.99	327	PICKPOCKETS
1644.99	1645.705	6	ACCOMPLISH
1645.705	1646.153	267	MORE
1646.153	1654.726	99999	{NS}
1654.726	1654.903	99999	{NS}
1654.903	1654.9650000000001	1	A
1654.9650000000001	1655.6219999999998	271	MUSCULAR
1655.6219999999998	1656.29	2	ABDOMEN
1656.29	1656.542	224	IS
1656.542	1656.741	189	GOOD
1656.741	1656.871	161	FOR
1656.871	1657.091	496	YOUR
1657.091	1657.614	43	BACK
1657.614	1665.392	99999	{NS}
1665.392	1665.839	99999	{NS}
1665.839	1666.0320000000002	438	THEY
1666.0320000000002	1666.277	317	OWN
1666.277	1666.478	1	A
1666.478	1666.712	52	BIG
1666.712	1667.22	209	HOUSE
1667.22	1667.3319999999999	217	IN
1667.3319999999999	1667.4070000000002	434	THE
1667.4070000000002	1667.984	361	REMOTE
1667.984	1668.855	109	COUNTRYSIDE
1668.855	1677.101	99999	{NS}
1677.101	1677.591	99999	{NS}
1677.591	1677.693	434	THE
1677.693	1678.1	369	ROSE
1678.1	1678.692	106	CORSAGE
1678.692	1680.0	393	SMELLED
1680.0	1680.121	99999	sp
1680.121	1687.529	99999	{NS}
1687.529	1687.71	433	THAT
1687.71	1687.795	99999	sp
1687.795	1688.409	326	PICKPOCKET
1688.409	1688.611	472	WAS
1688.611	1688.681	99999	sp
1688.681	1688.995	80	CAUGHT
1688.995	1689.252	356	RED
1689.252	1689.878	199	HANDED
1689.878	1697.341	99999	{NS}
1697.341	1697.88	99999	{NS}
1697.88	1697.984	19	AN
1697.984	1698.52	9	ADULT
1698.52	1698.873	255	MALE
1698.873	1699.463	42	BABOON'S
1699.463	1699.791	430	TEETH
1699.791	1699.866	99999	sp
1699.866	1700.021	30	ARE
1700.021	1700.332	285	NOT
1700.332	1700.788	415	SUITABLE
1700.788	1701.078	161	FOR
1701.078	1701.406	135	EATING
1701.406	1702.211	376	SHELLFISH
1702.211	1712.861	99999	{NS}
1712.861	1713.208	99999	{NS}
1713.208	1713.402	204	HER
1713.402	1713.93	470	WARDROBE
1713.93	1713.973	99999	sp
1713.973	1714.47	102	CONSISTS
1714.47	1714.676	294	OF
1714.676	1715.003	298	ONLY
1715.003	1715.518	385	SKIRTS
1715.518	1715.69	20	AND
1715.69	1716.341	54	BLOUSES
1716.341	1723.411	99999	{NS}
1723.411	1726.517	99999	{NS}
1726.517	1726.682	434	THE
1726.682	1726.932	453	TWO
1726.932	1727.416	33	ARTISTS
1727.416	1727.468	99999	sp
1727.468	1728.21	147	EXCHANGED
1728.21	1729.091	39	AUTOGRAPHS
1729.091	1737.161	99999	{NS}
1737.161	1737.8220000000001	99999	{NS}
1737.8220000000001	1738.541	71	BUTTERSCOTCH
1738.541	1738.986	169	FUDGE
1738.986	1739.29	186	GOES
1739.29	1739.541	481	WELL
1739.541	1739.811	487	WITH
1739.811	1740.349	463	VANILLA
1740.349	1740.715	212	ICE
1740.715	1741.061	112	CREAM
1741.061	1750.221	99999	{NS}
1750.221	1750.982	99999	{NS}
1750.982	1751.301	366	RICH
1751.301	1751.393	99999	sp
1751.393	1751.935	349	PURCHASED
1751.935	1752.444	374	SEVERAL
1752.444	1753.018	382	SIGNED
1753.018	1753.901	245	LITHOGRAPHS
1753.901	1762.061	99999	{NS}
1762.061	1762.111	99999	sp
1762.111	1762.692	99999	{NS}
1762.692	1762.978	24	ANY
1762.978	1763.864	105	CONTRIBUTIONS
1763.864	1764.035	485	WILL
1764.035	1764.204	47	BE
1764.204	1764.598	195	GREATLY
1764.598	1765.526	28	APPRECIATED
1765.526	1773.641	99999	{NS}
1773.641	1774.149	99999	{NS}
1774.149	1774.298	434	THE
1774.298	1774.878	111	CRANBERRY
1774.878	1774.924	99999	sp
1774.924	1775.199	57	BOG
1775.199	1775.267	99999	sp
1775.267	1775.536	178	GETS
1775.536	1775.577	99999	sp
1775.577	1775.86	465	VERY
1775.86	1775.93	99999	sp
1775.93	1776.317	340	PRETTY
1776.317	1776.542	217	IN
1776.542	1777.061	40	AUTUMN
1777.061	1784.921	99999	{NS}
1784.921	1786.306	99999	{NS}
1786.306	1786.515	210	HOW
1786.515	1786.686	128	DO
1786.686	1787.215	318	OYSTERS
1787.215	1787.389	253	MAKE
1787.389	1787.483	99999	sp
1787.483	1788.061	320	PEARLS
1788.061	1795.492	99999	{NS}
1795.492	1795.852	99999	{NS}
1795.852	1795.965	99999	sp
1795.965	1796.151	257	MAY
1796.151	1796.341	211	I
1796.341	1796.661	304	ORDER
1796.661	1796.737	1	A
1796.737	1796.797	99999	sp
1796.797	1797.431	319	PARFAIT
1797.431	1797.905	10	AFTER
1797.905	1798.061	211	I
1798.061	1798.255	134	EAT
1798.255	1798.621	124	DINNER
1798.621	1806.861	99999	{NS}
1806.861	1807.3	99999	{NS}
1807.3	1807.436	224	IS
1807.436	1807.704	375	SHE
1807.704	1807.999	187	GOING
1807.999	1808.2359999999999	487	WITH
1808.2359999999999	1808.442	495	YOU
1808.442	1815.622	99999	{NS}
1815.622	1815.738	99999	{NS}
1815.738	1815.9279999999999	76	CAN
1815.9279999999999	1816.052	434	THE
1816.052	1816.724	11	AGENCY
1816.724	1817.511	315	OVERTHROW
1817.511	1817.542	99999	sp
1817.542	1818.002	13	ALIEN
1818.002	1818.665	162	FORCES
1818.665	1826.7359999999999	99999	{NS}
1826.7359999999999	1826.905	99999	{NS}
1826.905	1826.989	1	A
1826.989	1827.815	371	SCREWDRIVER
1827.815	1827.981	224	IS
1827.981	1828.252	252	MADE
1828.252	1828.547	166	FROM
1828.547	1829.18	469	VODKA
1829.18	1829.358	20	AND
1829.358	1829.702	303	ORANGE
1829.702	1830.155	230	JUICE
1830.155	1835.872	99999	{NS}
1835.872	1838.71	99999	{NS}
1838.71	1838.862	210	HOW
1838.862	1839.171	269	MUCH
1839.171	1839.74	16	ALLOWANCE
1839.74	1839.8319999999999	128	DO
1839.8319999999999	1840.006	495	YOU
1840.006	1840.3319999999999	177	GET
1840.3319999999999	1847.262	99999	{NS}
1847.262	1847.745	99999	{NS}
1847.745	1848.337	115	CYCLICAL
1848.337	1848.42	99999	sp
1848.42	1849.093	346	PROGRAMS
1849.093	1849.231	485	WILL
1849.231	1849.651	281	NEVER
1849.651	1849.713	99999	sp
1849.713	1850.401	100	COMPILE
1850.401	1858.122	99999	{NS}
1858.122	1859.829	99999	{NS}
1859.829	1859.934	434	THE
1859.934	1859.998	99999	sp
1859.998	1860.518	61	BOSTON
1860.518	1861.012	45	BALLET
1861.012	1861.807	312	OVERCAME
1861.807	1861.962	435	THEIR
1861.962	1862.5529999999999	170	FUNDING
1862.5529999999999	1863.35	380	SHORTAGE
1863.35	1872.472	99999	{NS}
1872.472	1872.602	99999	sp
1872.602	1872.976	99999	{NS}
1872.976	1873.29	145	EVERY
1873.29	1873.34	99999	sp
1873.34	1873.787	74	CAB
1873.787	1873.846	99999	sp
1873.846	1874.352	280	NEEDS
1874.352	1875.158	364	REPAINTING
1875.158	1875.751	296	OFTEN
1875.751	1884.042	99999	{NS}
1884.042	1884.425	99999	{NS}
1884.425	1884.734	203	HELP
1884.734	1884.804	99999	sp
1884.804	1885.128	196	GREG
1885.128	1885.213	99999	sp
1885.213	1885.354	446	TO
1885.354	1885.427	99999	sp
1885.427	1885.679	325	PICK
1885.679	1885.85	1	A
1885.85	1886.171	321	PECK
1886.171	1886.325	294	OF
1886.325	1886.409	99999	sp
1886.409	1887.195	338	POTATOES
1887.195	1891.342	99999	{NS}
1891.342	1891.942	99999	sp
1891.942	1894.892	99999	{NS}
1894.892	1895.227	99999	sp
1895.227	1895.392	476	WE
1895.392	1895.665	241	LIKE
1895.665	1895.778	99999	sp
1895.778	1896.068	55	BLUE
1896.068	1896.519	88	CHEESE
1896.519	1896.66	99999	sp
1896.66	1896.852	70	BUT
1896.852	1897.251	466	VICTOR
1897.251	1897.567	242	LIKES
1897.567	1897.681	99999	sp
1897.681	1898.052	64	BRIE
1898.052	1899.972	99999	{NS}
1899.972	1906.482	99999	{NS}
1906.482	1906.98	99999	sp
1906.98	1907.263	108	COUNT
1907.263	1907.336	434	THE
1907.336	1907.632	289	NUMBER
1907.632	1907.789	294	OF
1907.789	1908.282	429	TEASPOONS
1908.282	1908.384	294	OF
1908.384	1909.115	395	SOYSAUCE
1909.115	1909.291	433	THAT
1909.291	1909.512	495	YOU
1909.512	1909.955	7	ADD
1909.955	1915.762	99999	{NS}
1915.762	1918.537	99999	{NS}
1918.537	1919.145	44	BAGPIPES
1919.145	1919.343	20	AND
1919.343	1919.9279999999999	59	BONGOS
1919.9279999999999	1920.062	30	ARE
1920.062	1920.681	273	MUSICAL
1920.681	1921.532	220	INSTRUMENTS
1921.532	1929.882	99999	{NS}
1929.882	1930.151	99999	{NS}
1930.151	1930.316	99999	sp
1930.316	1930.58	210	HOW
1930.58	1930.732	189	GOOD
1930.732	1930.952	224	IS
1930.952	1931.059	496	YOUR
1931.059	1931.815	138	ENDURANCE
1931.815	1940.182	99999	{NS}
1940.182	1963.362	99999	{NS}
1963.362	1971.462	99999	{NS}
1971.462	1971.9769999999999	99999	sp
1971.9769999999999	1972.091	30	ARE
1972.091	1972.37	496	YOUR
1972.37	1972.714	192	GRADES
1972.714	1973.232	206	HIGHER
1973.232	1973.35	302	OR
1973.35	1973.712	251	LOWER
1973.712	1973.878	432	THAN
1973.878	1974.672	275	NANCY'S
1974.672	1983.122	99999	{NS}
1983.122	1983.5430000000001	99999	{NS}
1983.5430000000001	1983.772	375	SHE
1983.772	1984.0520000000001	490	WORE
1984.0520000000001	1984.462	471	WARM
1984.462	1985.093	158	FLEECY
1985.093	1985.533	489	WOOLEN
1985.533	1986.432	311	OVERALLS
1986.432	1994.5720000000001	99999	{NS}
1994.5720000000001	1995.026	99999	{NS}
1995.026	1995.395	354	READING
1995.395	1995.636	217	IN
1995.636	1995.902	335	POOR
1995.902	1996.179	240	LIGHT
1996.179	1996.255	99999	sp
1996.255	1996.5059999999999	181	GIVES
1996.5059999999999	1996.6779999999999	495	YOU
1996.6779999999999	1997.399	150	EYESTRAIN
1997.399	1997.601	99999	sp
1997.601	2005.732	99999	{NS}
2005.732	2006.204	99999	{NS}
2006.204	2006.5	142	EVEN
2006.5	2006.77	211	I
2006.77	2007.518	293	OCCASIONALLY
2007.518	2007.786	177	GET
2007.786	2007.87	434	THE
2007.87	2008.34	265	MONDAY
2008.34	2008.3899999999999	99999	sp
2008.3899999999999	2008.982	56	BLUES
2008.982	2019.922	99999	{NS}
2019.922	2020.257	99999	{NS}
2020.257	2020.412	476	WE
2020.412	2020.5720000000001	30	ARE
2020.5720000000001	2020.992	301	OPEN
2020.992	2021.056	99999	sp
2021.056	2021.442	145	EVERY
2021.442	2021.961	265	MONDAY
2021.961	2022.587	143	EVENING
2022.587	2024.911	99999	{NS}
2024.911	2025.132	99999	sp
2025.132	2031.579	99999	{NS}
2031.579	2031.788	226	IT'S
2031.788	2032.074	285	NOT
2032.074	2032.491	133	EASY
2032.491	2032.671	446	TO
2032.671	2033.185	113	CREATE
2033.185	2034.0059999999999	215	ILLUMINATING
2034.0059999999999	2034.0520000000001	99999	sp
2034.0520000000001	2034.942	146	EXAMPLES
2034.942	2042.562	99999	{NS}
2042.562	2043.146	99999	{NS}
2043.146	2043.432	270	MUM
2043.432	2044.212	407	STRONGLY
2044.212	2044.801	126	DISLIKES
2044.801	2045.8220000000001	27	APPETIZERS
2045.8220000000001	2051.911	99999	{NS}
2051.911	2053.912	99999	{NS}
2053.912	2054.203	443	THOSE
2054.203	2054.3469999999998	484	WHO
2054.3469999999998	2054.4030000000002	99999	sp
2054.4030000000002	2054.742	427	TEACH
2054.742	2055.374	462	VALUES
2055.374	2055.693	156	FIRST
2055.693	2056.277	4	ABOLISH
2056.277	2056.349	99999	sp
2056.349	2056.892	87	CHEATING
2056.892	2064.492	99999	{NS}
2064.492	2065.048	99999	{NS}
2065.048	2065.132	434	THE
2065.132	2065.6530000000002	165	FRIGHTENED
2065.6530000000002	2065.737	99999	sp
2065.737	2066.227	89	CHILD
2066.227	2066.43	472	WAS
2066.43	2066.499	99999	sp
2066.499	2066.887	176	GENTLY
2066.887	2067.5280000000002	410	SUBDUED
2067.5280000000002	2067.651	73	BY
2067.651	2067.8469999999998	208	HIS
2067.8469999999998	2067.946	99999	sp
2067.946	2068.247	52	BIG
2068.247	2068.686	66	BROTHER
2068.686	2076.862	99999	{NS}
2076.862	2076.982	99999	sp
2076.982	2077.471	99999	{NS}
2077.471	2077.721	142	EVEN
2077.721	2077.809	1	A
2077.809	2078.265	383	SIMPLE
2078.265	2079.173	468	VOCABULARY
2079.173	2079.805	104	CONTAINS
2079.805	2080.591	422	SYMBOLS
2080.591	2088.882	99999	{NS}
2088.882	2088.945	99999	sp
2088.945	2089.262	99999	{NS}
2089.262	2089.4049999999997	1	A
2089.4049999999997	2089.862	110	CRAB
2089.862	2090.428	85	CHALLENGED
2090.428	2090.743	258	ME
2090.743	2090.899	99999	sp
2090.899	2090.991	70	BUT
2090.991	2091.071	1	A
2091.071	2091.141	99999	sp
2091.141	2091.385	350	QUICK
2091.385	2091.819	402	STAB
2091.819	2091.886	99999	sp
2091.886	2092.496	464	VANQUISHED
2092.496	2092.814	207	HIM
2092.814	2099.942	99999	{NS}
2099.942	2100.083	99999	{NS}
2100.083	2100.665	183	GLUCOSE
2100.665	2100.904	20	AND
2100.904	2101.609	167	FRUCTOSE
2101.609	2101.762	30	ARE
2101.762	2102.299	276	NATURAL
2102.299	2102.812	414	SUGARS
2102.812	2103.175	163	FOUND
2103.175	2103.388	217	IN
2103.388	2103.956	168	FRUIT
2103.956	2112.892	99999	{NS}
2112.892	2112.96	99999	sp
2112.96	2113.103	99999	{NS}
2113.103	2113.2	30	ARE
2113.2	2113.371	495	YOU
2113.371	2113.802	250	LOOKING
2113.802	2114.008	161	FOR
2114.008	2114.98	136	EMPLOYMENT
2114.98	2122.471	99999	{NS}
2122.471	2122.682	99999	sp
2122.682	2122.982	99999	{NS}
2122.982	2123.1	99999	sp
2123.1	2123.57	98	COFFEE
2123.57	2123.853	224	IS
2123.853	2124.118	198	GROWN
2124.118	2124.322	297	ON
2124.322	2124.892	404	STEEP
2124.892	2125.037	99999	sp
2125.037	2125.429	231	JUNGLE
2125.429	2125.692	241	LIKE
2125.692	2126.203	390	SLOPES
2126.203	2126.442	217	IN
2126.442	2126.908	431	TEMPERATE
2126.908	2127.623	497	ZONES
2127.623	2137.031	99999	{NS}
2137.031	2137.473	99999	{NS}
2137.473	2137.625	476	WE
2137.625	2138.075	480	WELCOME
2138.075	2138.392	256	MANY
2138.392	2138.621	282	NEW
2138.621	2139.179	408	STUDENTS
2139.179	2139.284	99999	sp
2139.284	2139.582	132	EACH
2139.582	2140.033	491	YEAR
2140.033	2149.791	99999	{NS}
2149.791	2150.506	99999	{NS}
2150.506	2150.867	298	ONLY
2150.867	2150.988	434	THE
2150.988	2151.051	99999	sp
2151.051	2151.369	51	BEST
2151.369	2151.859	330	PLAYERS
2151.859	2152.358	139	ENJOY
2152.358	2152.431	99999	sp
2152.431	2153.281	336	POPULARITY
2153.281	2161.492	99999	{NS}
2161.492	2162.138	99999	{NS}
2162.138	2162.642	75	CALCIUM
2162.642	2162.943	254	MAKES
2162.943	2163.032	99999	sp
2163.032	2163.419	58	BONES
2163.419	2163.612	20	AND
2163.612	2163.8940000000002	430	TEETH
2163.8940000000002	2164.564	406	STRONG
2164.564	2174.482	99999	{NS}
2174.482	2174.975	99999	{NS}
2174.975	2175.375	286	NOTHING
2175.375	2175.598	224	IS
2175.598	2175.7799999999997	34	AS
2175.7799999999997	2176.415	295	OFFENSIVE
2176.415	2176.707	34	AS
2176.707	2177.554	219	INNOCENCE
2177.554	2186.072	99999	{NS}
2186.072	2186.419	99999	{NS}
2186.419	2186.895	405	STEVE
2186.895	2187.091	490	WORE
2187.091	2187.208	1	A
2187.208	2187.293	99999	sp
2187.293	2187.576	65	BRIGHT
2187.576	2187.943	356	RED
2187.943	2188.005	99999	sp
2188.005	2188.642	78	CASHMERE
2188.642	2189.253	420	SWEATER
2189.253	2197.582	99999	{NS}
2197.582	2198.134	99999	{NS}
2198.134	2198.503	46	BARB'S
2198.503	2198.568	99999	sp
2198.568	2198.881	188	GOLD
2198.881	2199.377	63	BRACELET
2199.377	2199.5370000000003	472	WAS
2199.5370000000003	2199.665	1	A
2199.665	2200.358	193	GRADUATION
2200.358	2200.398	99999	sp
2200.398	2200.851	339	PRESENT
2200.851	2209.741	99999	{NS}
2209.741	2210.196	99999	{NS}
2210.196	2210.434	130	DRAW
2210.434	2210.861	145	EVERY
2210.861	2211.182	308	OUTER
2211.182	2211.534	244	LINE
2211.534	2211.567	99999	sp
2211.567	2212.129	156	FIRST
2212.129	2212.307	99999	sp
2212.307	2212.577	436	THEN
2212.577	2212.915	154	FILL
2212.915	2213.1459999999997	217	IN
2213.1459999999997	2213.261	434	THE
2213.261	2213.956	222	INTERIOR
2213.956	2221.642	99999	{NS}
2221.642	2222.117	99999	{NS}
2222.117	2222.202	434	THE
2222.202	2222.585	475	WATER
2222.585	2223.058	88888	CONTAIN
2223.058	2223.177	99999	sp
2223.177	2223.322	448	TOO
2223.322	2223.609	269	MUCH
2223.609	2223.678	99999	sp
2223.678	2224.221	90	CHLORINE
2224.221	2224.416	20	AND
2224.416	2224.7889999999998	409	STUNG
2224.7889999999998	2225.011	208	HIS
2225.011	2225.542	149	EYES
2225.542	2234.832	99999	{NS}
2234.832	2235.135	99999	{NS}
2235.135	2235.4790000000003	229	JOHN'S
2235.4790000000003	2235.543	99999	sp
2235.543	2235.855	66	BROTHER
2235.855	2236.591	363	REPAINTED
2236.591	2236.71	434	THE
2236.71	2237.192	173	GARAGE
2237.192	2237.259	99999	sp
2237.259	2237.625	129	DOOR
2237.625	2240.0	99999	{NS}
2240.0	2246.532	99999	{NS}
2246.532	2246.813	99999	sp
2246.813	2247.37	84	CHALLENGE
2247.37	2247.745	132	EACH
2247.745	2248.351	175	GENERAL'S
2248.351	2249.471	221	INTELLIGENCE
2249.471	2257.292	99999	{NS}
2257.292	2257.74	99999	{NS}
2257.74	2258.628	17	AMBIDEXTROUS
2258.628	2258.749	99999	sp
2258.749	2259.555	327	PICKPOCKETS
2259.555	2260.298	6	ACCOMPLISH
2260.298	2260.738	267	MORE
2260.738	2268.872	99999	{NS}
2268.872	2268.912	99999	sp
2268.912	2269.635	99999	{NS}
2269.635	2269.692	1	A
2269.692	2270.326	271	MUSCULAR
2270.326	2270.922	2	ABDOMEN
2270.922	2271.226	224	IS
2271.226	2271.432	189	GOOD
2271.432	2271.582	161	FOR
2271.582	2271.815	496	YOUR
2271.815	2272.33	43	BACK
2272.33	2272.44	99999	sp
2272.44	2281.091	99999	{NS}
2281.091	2281.201	99999	sp
2281.201	2281.575	99999	{NS}
2281.575	2281.781	438	THEY
2281.781	2282.009	317	OWN
2282.009	2282.195	1	A
2282.195	2282.395	52	BIG
2282.395	2282.908	209	HOUSE
2282.908	2283.05	217	IN
2283.05	2283.13	434	THE
2283.13	2283.632	361	REMOTE
2283.632	2284.47	109	COUNTRYSIDE
2284.47	2293.007	99999	{NS}
2293.007	2293.119	434	THE
2293.119	2293.547	369	ROSE
2293.547	2294.257	106	CORSAGE
2294.257	2294.671	393	SMELLED
2294.671	2295.376	421	SWEET
2295.376	2303.371	99999	{NS}
2303.371	2303.791	99999	{NS}
2303.791	2303.855	99999	sp
2303.855	2304.087	433	THAT
2304.087	2304.691	326	PICKPOCKET
2304.691	2304.988	472	WAS
2304.988	2305.281	80	CAUGHT
2305.281	2305.561	356	RED
2305.561	2306.258	199	HANDED
2306.258	2315.382	99999	{NS}
2315.382	2316.01	99999	sp
2316.01	2316.103	19	AN
2316.103	2316.659	9	ADULT
2316.659	2316.984	255	MALE
2316.984	2317.563	42	BABOON'S
2317.563	2317.929	430	TEETH
2317.929	2318.041	30	ARE
2318.041	2318.39	285	NOT
2318.39	2318.864	415	SUITABLE
2318.864	2319.151	161	FOR
2319.151	2319.447	135	EATING
2319.447	2320.2309999999998	376	SHELLFISH
2320.2309999999998	2328.572	99999	{NS}
2328.572	2328.822	99999	sp
2328.822	2328.9809999999998	204	HER
2328.9809999999998	2329.59	470	WARDROBE
2329.59	2330.064	102	CONSISTS
2330.064	2330.181	294	OF
2330.181	2330.466	298	ONLY
2330.466	2330.918	385	SKIRTS
2330.918	2331.098	20	AND
2331.098	2331.713	54	BLOUSES
2331.713	2340.831	99999	{NS}
2340.831	2341.219	99999	{NS}
2341.219	2341.395	434	THE
2341.395	2341.681	453	TWO
2341.681	2342.249	33	ARTISTS
2342.249	2343.006	147	EXCHANGED
2343.006	2343.891	39	AUTOGRAPHS
2343.891	2349.191	99999	{NS}
2349.191	2352.532	99999	{NS}
2352.532	2353.286	71	BUTTERSCOTCH
2353.286	2353.673	169	FUDGE
2353.673	2353.957	186	GOES
2353.957	2354.195	481	WELL
2354.195	2354.431	487	WITH
2354.431	2354.916	463	VANILLA
2354.916	2355.227	212	ICE
2355.227	2355.58	112	CREAM
2355.58	2364.331	99999	{NS}
2364.331	2364.797	99999	{NS}
2364.797	2365.136	366	RICH
2365.136	2365.541	349	PURCHASED
2365.541	2366.02	374	SEVERAL
2366.02	2366.557	382	SIGNED
2366.557	2367.457	245	LITHOGRAPHS
2367.457	2375.868	99999	{NS}
2375.868	2376.128	24	ANY
2376.128	2377.139	105	CONTRIBUTIONS
2377.139	2377.352	485	WILL
2377.352	2377.54	47	BE
2377.54	2378.015	195	GREATLY
2378.015	2378.944	28	APPRECIATED
2378.944	2387.692	99999	{NS}
2387.692	2387.993	99999	sp
2387.993	2388.137	434	THE
2388.137	2388.721	111	CRANBERRY
2388.721	2389.089	57	BOG
2389.089	2389.396	178	GETS
2389.396	2389.795	465	VERY
2389.795	2390.181	340	PRETTY
2390.181	2390.404	217	IN
2390.404	2390.948	40	AUTUMN
2390.948	2399.462	99999	{NS}
2399.462	2399.962	99999	sp
2399.962	2400.226	210	HOW
2400.226	2400.385	128	DO
2400.385	2400.995	318	OYSTERS
2400.995	2401.281	253	MAKE
2401.281	2401.882	320	PEARLS
2401.882	2409.342	99999	{NS}
2409.342	2409.654	99999	sp
2409.654	2409.796	257	MAY
2409.796	2410.006	211	I
2410.006	2410.302	304	ORDER
2410.302	2410.444	1	A
2410.444	2411.075	319	PARFAIT
2411.075	2411.508	10	AFTER
2411.508	2411.642	211	I
2411.642	2411.849	134	EAT
2411.849	2412.258	124	DINNER
2412.258	2420.733	99999	{NS}
2420.733	2420.862	224	IS
2420.862	2421.157	375	SHE
2421.157	2421.431	187	GOING
2421.431	2421.714	487	WITH
2421.714	2421.954	495	YOU
2421.954	2430.176	99999	{NS}
2430.176	2430.376	76	CAN
2430.376	2430.492	434	THE
2430.492	2431.169	11	AGENCY
2431.169	2431.858	315	OVERTHROW
2431.858	2432.302	13	ALIEN
2432.302	2432.987	162	FORCES
2432.987	2441.622	99999	{NS}
2441.622	2441.665	99999	{NS}
2441.665	2441.749	1	A
2441.749	2442.4809999999998	371	SCREWDRIVER
2442.4809999999998	2442.78	224	IS
2442.78	2442.98	252	MADE
2442.98	2443.262	166	FROM
2443.262	2443.812	469	VODKA
2443.812	2444.042	20	AND
2444.042	2444.401	303	ORANGE
2444.401	2444.875	230	JUICE
2444.875	2453.022	99999	{NS}
2453.022	2453.362	99999	{NS}
2453.362	2453.493	210	HOW
2453.493	2453.782	269	MUCH
2453.782	2454.307	16	ALLOWANCE
2454.307	2454.402	128	DO
2454.402	2454.61	495	YOU
2454.61	2454.873	177	GET
2454.873	2455.012	99999	sp
2455.012	2463.132	99999	{NS}
2463.132	2463.564	99999	{NS}
2463.564	2464.274	115	CYCLICAL
2464.274	2464.949	346	PROGRAMS
2464.949	2465.047	485	WILL
2465.047	2465.524	281	NEVER
2465.524	2466.258	100	COMPILE
2466.258	2475.352	99999	{NS}
2475.352	2475.382	99999	sp
2475.382	2475.952	99999	{NS}
2475.952	2476.109	434	THE
2476.109	2476.61	61	BOSTON
2476.61	2477.134	45	BALLET
2477.134	2477.901	312	OVERCAME
2477.901	2478.04	435	THEIR
2478.04	2478.592	170	FUNDING
2478.592	2479.412	380	SHORTAGE
2479.412	2486.382	99999	{NS}
2486.382	2486.974	99999	{NS}
2486.974	2487.345	145	EVERY
2487.345	2487.842	74	CAB
2487.842	2488.241	280	NEEDS
2488.241	2489.002	364	REPAINTING
2489.002	2489.713	296	OFTEN
2489.713	2496.601	99999	{NS}
2496.601	2496.816	99999	sp
2496.816	2497.1	203	HELP
2497.1	2497.174	99999	sp
2497.174	2497.469	196	GREG
2497.469	2497.526	99999	sp
2497.526	2497.732	446	TO
2497.732	2497.996	325	PICK
2497.996	2498.1639999999998	1	A
2498.1639999999998	2498.442	321	PECK
2498.442	2498.577	294	OF
2498.577	2498.65	99999	sp
2498.65	2499.382	338	POTATOES
2499.382	2508.661	99999	{NS}
2508.661	2509.032	99999	sp
2509.032	2509.196	476	WE
2509.196	2509.565	241	LIKE
2509.565	2509.799	55	BLUE
2509.799	2510.185	88	CHEESE
2510.185	2510.281	99999	sp
2510.281	2510.459	70	BUT
2510.459	2510.852	466	VICTOR
2510.852	2511.151	242	LIKES
2511.151	2511.253	99999	sp
2511.253	2511.633	64	BRIE
2511.633	2520.882	99999	{NS}
2520.882	2520.989	99999	sp
2520.989	2521.254	108	COUNT
2521.254	2521.3450000000003	434	THE
2521.3450000000003	2521.642	289	NUMBER
2521.642	2521.804	294	OF
2521.804	2522.332	429	TEASPOONS
2522.332	2522.442	294	OF
2522.442	2523.126	395	SOYSAUCE
2523.126	2523.252	433	THAT
2523.252	2523.524	495	YOU
2523.524	2523.952	7	ADD
2523.952	2532.371	99999	{NS}
2532.371	2532.544	99999	{NS}
2532.544	2533.182	44	BAGPIPES
2533.182	2533.352	20	AND
2533.352	2533.873	59	BONGOS
2533.873	2534.022	30	ARE
2534.022	2534.622	273	MUSICAL
2534.622	2535.541	220	INSTRUMENTS
2535.541	2543.151	99999	{NS}
2543.151	2543.474	99999	sp
2543.474	2543.755	210	HOW
2543.755	2543.932	189	GOOD
2543.932	2544.122	224	IS
2544.122	2544.242	496	YOUR
2544.242	2545.094	138	ENDURANCE
2545.094	2597.492	99999	{NS}
2597.492	2597.951	99999	{NS}
2597.951	2598.052	30	ARE
2598.052	2598.303	496	YOUR
2598.303	2598.612	192	GRADES
2598.612	2599.105	206	HIGHER
2599.105	2599.238	302	OR
2599.238	2599.682	251	LOWER
2599.682	2599.812	432	THAN
2599.812	2600.552	275	NANCY'S
2600.552	2608.572	99999	{NS}
2608.572	2608.682	99999	sp
2608.682	2608.995	99999	{NS}
2608.995	2609.252	375	SHE
2609.252	2609.512	490	WORE
2609.512	2609.947	471	WARM
2609.947	2610.548	158	FLEECY
2610.548	2611.081	489	WOOLEN
2611.081	2611.971	311	OVERALLS
2611.971	2614.262	99999	{NS}
2614.262	2614.411	99999	sp
2614.411	2620.352	99999	{NS}
2620.352	2620.762	354	READING
2620.762	2621.031	217	IN
2621.031	2621.276	335	POOR
2621.276	2621.716	240	LIGHT
2621.716	2621.999	181	GIVES
2621.999	2622.182	495	YOU
2622.182	2622.907	150	EYESTRAIN
2622.907	2630.471	99999	{NS}
2630.471	2630.692	99999	{NS}
2630.692	2630.83	99999	sp
2630.83	2631.122	142	EVEN
2631.122	2631.367	211	I
2631.367	2632.058	293	OCCASIONALLY
2632.058	2632.317	177	GET
2632.317	2632.4049999999997	434	THE
2632.4049999999997	2632.931	265	MONDAY
2632.931	2633.495	56	BLUES
2633.495	2639.091	99999	{NS}
2639.091	2639.492	99999	sp
2639.492	2641.255	99999	{NS}
2641.255	2641.385	476	WE
2641.385	2641.512	30	ARE
2641.512	2641.963	301	OPEN
2641.963	2642.382	145	EVERY
2642.382	2642.8940000000002	265	MONDAY
2642.8940000000002	2643.478	143	EVENING
2643.478	2651.022	99999	{NS}
2651.022	2651.529	99999	{NS}
2651.529	2651.7309999999998	226	IT'S
2651.7309999999998	2651.992	285	NOT
2651.992	2652.428	133	EASY
2652.428	2652.624	446	TO
2652.624	2653.161	113	CREATE
2653.161	2653.971	215	ILLUMINATING
2653.971	2654.892	146	EXAMPLES
2654.892	2663.182	99999	{NS}
2663.182	2663.785	99999	{NS}
2663.785	2664.1059999999998	270	MUM
2664.1059999999998	2664.829	407	STRONGLY
2664.829	2665.434	126	DISLIKES
2665.434	2666.5	27	APPETIZERS
2666.5	2674.022	99999	{NS}
2674.022	2674.933	99999	{NS}
2674.933	2675.182	443	THOSE
2675.182	2675.41	484	WHO
2675.41	2675.732	427	TEACH
2675.732	2676.334	462	VALUES
2676.334	2676.411	99999	sp
2676.411	2676.751	156	FIRST
2676.751	2677.524	4	ABOLISH
2677.524	2678.11	87	CHEATING
2678.11	2686.601	99999	{NS}
2686.601	2687.242	99999	{NS}
2687.242	2687.332	434	THE
2687.332	2687.9700000000003	165	FRIGHTENED
2687.9700000000003	2688.511	89	CHILD
2688.511	2688.761	472	WAS
2688.761	2689.128	176	GENTLY
2689.128	2689.794	410	SUBDUED
2689.794	2689.922	73	BY
2689.922	2690.247	208	HIS
2690.247	2690.551	52	BIG
2690.551	2691.042	66	BROTHER
2691.042	2700.382	99999	{NS}
2700.382	2701.007	99999	{NS}
2701.007	2701.283	142	EVEN
2701.283	2701.372	1	A
2701.372	2701.852	383	SIMPLE
2701.852	2702.7799999999997	468	VOCABULARY
2702.7799999999997	2703.362	104	CONTAINS
2703.362	2704.192	422	SYMBOLS
2704.192	2712.172	99999	{NS}
2712.172	2712.631	99999	{NS}
2712.631	2712.837	1	A
2712.837	2713.241	110	CRAB
2713.241	2713.337	99999	sp
2713.337	2713.882	85	CHALLENGED
2713.882	2714.331	258	ME
2714.331	2714.4139999999998	70	BUT
2714.4139999999998	2714.573	1	A
2714.573	2714.829	350	QUICK
2714.829	2715.351	402	STAB
2715.351	2716.004	464	VANQUISHED
2716.004	2716.366	207	HIM
2716.366	2725.192	99999	{NS}
2725.192	2725.762	99999	{NS}
2725.762	2725.908	99999	sp
2725.908	2726.54	183	GLUCOSE
2726.54	2726.672	20	AND
2726.672	2727.4	167	FRUCTOSE
2727.4	2727.522	30	ARE
2727.522	2728.062	276	NATURAL
2728.062	2728.632	414	SUGARS
2728.632	2729.006	163	FOUND
2729.006	2729.199	217	IN
2729.199	2729.826	168	FRUIT
2729.826	2738.862	99999	{NS}
2738.862	2739.229	99999	{NS}
2739.229	2739.362	30	ARE
2739.362	2739.544	495	YOU
2739.544	2739.932	250	LOOKING
2739.932	2740.101	161	FOR
2740.101	2740.77	136	EMPLOYMENT
2740.77	2747.572	99999	{NS}
2747.572	2747.971	99999	{NS}
2747.971	2748.116	99999	sp
2748.116	2748.4719999999998	98	COFFEE
2748.4719999999998	2748.708	224	IS
2748.708	2748.952	198	GROWN
2748.952	2749.132	297	ON
2749.132	2749.696	404	STEEP
2749.696	2749.818	99999	sp
2749.818	2750.206	231	JUNGLE
2750.206	2750.452	241	LIKE
2750.452	2751.005	390	SLOPES
2751.005	2751.21	217	IN
2751.21	2751.732	431	TEMPERATE
2751.732	2752.381	497	ZONES
2752.381	2761.442	99999	{NS}
2761.442	2761.511	99999	sp
2761.511	2762.011	99999	{NS}
2762.011	2762.131	99999	sp
2762.131	2762.261	476	WE
2762.261	2762.698	480	WELCOME
2762.698	2762.9809999999998	256	MANY
2762.9809999999998	2763.215	282	NEW
2763.215	2763.807	408	STUDENTS
2763.807	2763.888	99999	sp
2763.888	2764.221	132	EACH
2764.221	2764.636	491	YEAR
2764.636	2772.692	99999	{NS}
2772.692	2773.27	99999	{NS}
2773.27	2773.61	298	ONLY
2773.61	2773.772	434	THE
2773.772	2774.084	51	BEST
2774.084	2774.622	330	PLAYERS
2774.622	2775.198	139	ENJOY
2775.198	2776.0299999999997	336	POPULARITY
2776.0299999999997	2784.251	99999	{NS}
2784.251	2784.339	99999	{NS}
2784.339	2784.822	75	CALCIUM
2784.822	2785.15	254	MAKES
2785.15	2785.2380000000003	99999	sp
2785.2380000000003	2785.639	58	BONES
2785.639	2785.881	20	AND
2785.881	2786.216	430	TEETH
2786.216	2786.908	406	STRONG
2786.908	2794.652	99999	{NS}
2794.652	2795.179	99999	{NS}
2795.179	2795.648	286	NOTHING
2795.648	2795.819	224	IS
2795.819	2796.001	34	AS
2796.001	2796.6620000000003	295	OFFENSIVE
2796.6620000000003	2796.976	34	AS
2796.976	2797.815	219	INNOCENCE
2797.815	2800.0	99999	{NS}
2800.0	2806.323	99999	{NS}
2806.323	2806.784	405	STEVE
2806.784	2806.982	490	WORE
2806.982	2807.112	1	A
2807.112	2807.151	99999	sp
2807.151	2807.53	65	BRIGHT
2807.53	2807.864	356	RED
2807.864	2807.929	99999	sp
2807.929	2808.541	78	CASHMERE
2808.541	2809.13	420	SWEATER
2809.13	2816.642	99999	{NS}
2816.642	2817.149	99999	{NS}
2817.149	2817.518	46	BARB'S
2817.518	2817.63	99999	sp
2817.63	2817.909	188	GOLD
2817.909	2817.988	99999	sp
2817.988	2818.545	63	BRACELET
2818.545	2818.734	472	WAS
2818.734	2818.86	1	A
2818.86	2819.618	193	GRADUATION
2819.618	2820.074	339	PRESENT
2820.074	2820.322	99999	sp
2820.322	2828.032	99999	{NS}
2828.032	2828.128	99999	sp
2828.128	2828.338	99999	{NS}
2828.338	2828.598	130	DRAW
2828.598	2829.007	145	EVERY
2829.007	2829.356	308	OUTER
2829.356	2829.702	244	LINE
2829.702	2830.301	156	FIRST
2830.301	2830.422	99999	sp
2830.422	2830.664	436	THEN
2830.664	2830.939	154	FILL
2830.939	2831.122	217	IN
2831.122	2831.262	434	THE
2831.262	2831.982	222	INTERIOR
2831.982	2836.892	99999	{NS}
2836.892	2841.117	99999	{NS}
2841.117	2841.214	434	THE
2841.214	2841.565	475	WATER
2841.565	2841.613	99999	sp
2841.613	2842.148	103	CONTAINED
2842.148	2842.226	99999	sp
2842.226	2842.388	448	TOO
2842.388	2842.661	269	MUCH
2842.661	2842.732	99999	sp
2842.732	2843.312	90	CHLORINE
2843.312	2843.439	20	AND
2843.439	2843.831	409	STUNG
2843.831	2844.051	208	HIS
2844.051	2844.542	149	EYES
2844.542	2852.551	99999	{NS}
2852.551	2852.871	99999	sp
2852.871	2853.35	99999	{NS}
2853.35	2853.773	229	JOHN'S
2853.773	2854.074	66	BROTHER
2854.074	2854.822	363	REPAINTED
2854.822	2854.965	434	THE
2854.965	2855.4	173	GARAGE
2855.4	2855.469	99999	sp
2855.469	2855.867	129	DOOR
2855.867	2863.781	99999	{NS}
2863.781	2864.313	99999	{NS}
2864.313	2864.786	84	CHALLENGE
2864.786	2864.883	99999	sp
2864.883	2865.163	132	EACH
2865.163	2865.242	99999	sp
2865.242	2865.864	175	GENERAL'S
2865.864	2866.921	221	INTELLIGENCE
2866.921	2874.401	99999	{NS}
2874.401	2874.761	99999	{NS}
2874.761	2875.633	17	AMBIDEXTROUS
2875.633	2875.743	99999	sp
2875.743	2876.566	327	PICKPOCKETS
2876.566	2877.41	6	ACCOMPLISH
2877.41	2877.798	267	MORE
2877.798	2885.97	99999	{NS}
2885.97	2886.105	99999	{NS}
2886.105	2886.18	1	A
2886.18	2886.858	271	MUSCULAR
2886.858	2887.471	2	ABDOMEN
2887.471	2887.732	224	IS
2887.732	2887.81	99999	sp
2887.81	2887.996	189	GOOD
2887.996	2888.185	161	FOR
2888.185	2888.341	496	YOUR
2888.341	2888.404	99999	sp
2888.404	2888.972	43	BACK
2888.972	2889.151	99999	sp
2889.151	2896.302	99999	{NS}
2896.302	2896.862	99999	{NS}
2896.862	2897.092	438	THEY
2897.092	2897.326	317	OWN
2897.326	2897.4809999999998	1	A
2897.4809999999998	2897.694	52	BIG
2897.694	2898.048	209	HOUSE
2898.048	2898.2309999999998	217	IN
2898.2309999999998	2898.328	434	THE
2898.328	2898.781	361	REMOTE
2898.781	2899.615	109	COUNTRYSIDE
2899.615	2907.917	99999	{NS}
2907.917	2908.1059999999998	99999	{NS}
2908.1059999999998	2908.218	434	THE
2908.218	2908.647	369	ROSE
2908.647	2909.3940000000002	106	CORSAGE
2909.3940000000002	2909.912	393	SMELLED
2909.912	2910.682	421	SWEET
2910.682	2910.862	99999	sp
2910.862	2917.611	99999	{NS}
2917.611	2918.121	99999	{NS}
2918.121	2918.341	433	THAT
2918.341	2918.406	99999	sp
2918.406	2919.075	326	PICKPOCKET
2919.075	2919.274	472	WAS
2919.274	2919.347	99999	sp
2919.347	2919.601	80	CAUGHT
2919.601	2919.699	99999	sp
2919.699	2919.977	356	RED
2919.977	2920.648	199	HANDED
2920.648	2920.891	99999	{NS}
2920.891	2927.802	99999	{NS}
2927.802	2928.286	99999	sp
2928.286	2928.419	19	AN
2928.419	2928.953	9	ADULT
2928.953	2929.302	255	MALE
2929.302	2929.916	42	BABOON'S
2929.916	2930.205	430	TEETH
2930.205	2930.364	30	ARE
2930.364	2930.712	285	NOT
2930.712	2931.203	415	SUITABLE
2931.203	2931.496	161	FOR
2931.496	2931.823	135	EATING
2931.823	2932.672	376	SHELLFISH
2932.672	2939.872	99999	{NS}
2939.872	2942.176	99999	{NS}
2942.176	2942.369	204	HER
2942.369	2942.9809999999998	470	WARDROBE
2942.9809999999998	2943.483	102	CONSISTS
2943.483	2943.625	294	OF
2943.625	2943.673	99999	sp
2943.673	2944.012	298	ONLY
2944.012	2944.5190000000002	385	SKIRTS
2944.5190000000002	2944.574	99999	sp
2944.574	2944.795	20	AND
2944.795	2945.522	54	BLOUSES
2945.522	2953.912	99999	{NS}
2953.912	2954.232	99999	sp
2954.232	2955.063	99999	{NS}
2955.063	2955.219	434	THE
2955.219	2955.455	453	TWO
2955.455	2955.976	33	ARTISTS
2955.976	2956.796	147	EXCHANGED
2956.796	2957.681	39	AUTOGRAPHS
2957.681	2965.042	99999	{NS}
2965.042	2965.545	99999	{NS}
2965.545	2966.254	71	BUTTERSCOTCH
2966.254	2966.285	99999	sp
2966.285	2966.662	169	FUDGE
2966.662	2966.7309999999998	99999	sp
2966.7309999999998	2966.972	186	GOES
2966.972	2967.236	481	WELL
2967.236	2967.432	487	WITH
2967.432	2967.467	99999	sp
2967.467	2967.982	463	VANILLA
2967.982	2968.253	212	ICE
2968.253	2968.313	99999	sp
2968.313	2968.659	112	CREAM
2968.659	2970.382	99999	{NS}
2970.382	2970.602	99999	sp
2970.602	2976.822	99999	{NS}
2976.822	2977.166	366	RICH
2977.166	2977.246	99999	sp
2977.246	2977.764	349	PURCHASED
2977.764	2978.171	374	SEVERAL
2978.171	2978.679	382	SIGNED
2978.679	2979.552	245	LITHOGRAPHS
2979.552	2987.331	99999	{NS}
2987.331	2987.474	99999	{NS}
2987.474	2987.743	24	ANY
2987.743	2988.615	105	CONTRIBUTIONS
2988.615	2988.777	485	WILL
2988.777	2988.892	47	BE
2988.892	2988.976	99999	sp
2988.976	2989.409	195	GREATLY
2989.409	2990.358	28	APPRECIATED
2990.358	2990.672	99999	{NS}
2990.672	2998.43	99999	{NS}
2998.43	2998.521	434	THE
2998.521	2998.579	99999	sp
2998.579	2999.132	111	CRANBERRY
2999.132	2999.167	99999	sp
2999.167	2999.4809999999998	57	BOG
2999.4809999999998	2999.745	178	GETS
2999.745	3000.128	465	VERY
3000.128	3000.509	340	PRETTY
3000.509	3000.717	217	IN
3000.717	3001.173	40	AUTUMN
3001.173	3008.502	99999	{NS}
3008.502	3008.987	99999	{NS}
3008.987	3009.143	210	HOW
3009.143	3009.358	128	DO
3009.358	3009.924	318	OYSTERS
3009.924	3010.141	253	MAKE
3010.141	3010.216	99999	sp
3010.216	3010.782	320	PEARLS
3010.782	3015.681	99999	{NS}
3015.681	3017.462	99999	{NS}
3017.462	3017.601	99999	sp
3017.601	3017.745	257	MAY
3017.745	3017.922	211	I
3017.922	3018.252	304	ORDER
3018.252	3018.326	1	A
3018.326	3018.392	99999	sp
3018.392	3019.044	319	PARFAIT
3019.044	3019.492	10	AFTER
3019.492	3019.632	211	I
3019.632	3019.834	134	EAT
3019.834	3020.187	124	DINNER
3020.187	3027.642	99999	{NS}
3027.642	3027.912	99999	sp
3027.912	3027.977	99999	{NS}
3027.977	3028.116	224	IS
3028.116	3028.359	375	SHE
3028.359	3028.651	187	GOING
3028.651	3028.901	487	WITH
3028.901	3029.132	495	YOU
3029.132	3035.712	99999	{NS}
3035.712	3036.216	99999	{NS}
3036.216	3036.386	76	CAN
3036.386	3036.465	434	THE
3036.465	3037.094	11	AGENCY
3037.094	3037.835	315	OVERTHROW
3037.835	3038.282	13	ALIEN
3038.282	3038.967	162	FORCES
3038.967	3046.672	99999	{NS}
3046.672	3047.082	99999	{NS}
3047.082	3047.18	1	A
3047.18	3047.9139999999998	371	SCREWDRIVER
3047.9139999999998	3048.183	224	IS
3048.183	3048.391	252	MADE
3048.391	3048.678	166	FROM
3048.678	3049.298	469	VODKA
3049.298	3049.458	20	AND
3049.458	3049.841	303	ORANGE
3049.841	3050.272	230	JUICE
3050.272	3058.692	99999	{NS}
3058.692	3059.132	99999	sp
3059.132	3059.554	99999	{NS}
3059.554	3059.68	210	HOW
3059.68	3059.943	269	MUCH
3059.943	3060.416	16	ALLOWANCE
3060.416	3060.469	99999	sp
3060.469	3060.572	128	DO
3060.572	3060.776	495	YOU
3060.776	3061.112	177	GET
3061.112	3061.161	99999	sp
3061.161	3068.892	99999	{NS}
3068.892	3068.922	99999	sp
3068.922	3069.195	99999	{NS}
3069.195	3069.811	115	CYCLICAL
3069.811	3069.882	99999	sp
3069.882	3070.503	346	PROGRAMS
3070.503	3070.559	99999	sp
3070.559	3070.702	485	WILL
3070.702	3071.138	281	NEVER
3071.138	3071.207	99999	sp
3071.207	3071.906	100	COMPILE
3071.906	3079.612	99999	{NS}
3079.612	3080.023	99999	{NS}
3080.023	3080.12	434	THE
3080.12	3080.179	99999	sp
3080.179	3080.691	61	BOSTON
3080.691	3081.205	45	BALLET
3081.205	3081.966	312	OVERCAME
3081.966	3082.104	435	THEIR
3082.104	3082.696	170	FUNDING
3082.696	3083.541	380	SHORTAGE
3083.541	3085.862	99999	{NS}
3085.862	3086.262	99999	sp
3086.262	3091.252	99999	{NS}
3091.252	3091.83	99999	sp
3091.83	3092.1549999999997	145	EVERY
3092.1549999999997	3092.219	99999	sp
3092.219	3092.651	74	CAB
3092.651	3092.696	99999	sp
3092.696	3093.142	280	NEEDS
3093.142	3093.807	364	REPAINTING
3093.807	3094.429	296	OFTEN
3094.429	3101.812	99999	{NS}
3101.812	3102.197	99999	{NS}
3102.197	3102.466	203	HELP
3102.466	3102.532	99999	sp
3102.532	3102.862	196	GREG
3102.862	3102.92	99999	sp
3102.92	3103.049	446	TO
3103.049	3103.124	99999	sp
3103.124	3103.412	325	PICK
3103.412	3103.516	1	A
3103.516	3103.58	99999	sp
3103.58	3103.863	321	PECK
3103.863	3104.023	294	OF
3104.023	3104.094	99999	sp
3104.094	3104.863	338	POTATOES
3104.863	3106.851	99999	{NS}
3106.851	3112.49	99999	{NS}
3112.49	3112.639	476	WE
3112.639	3112.982	241	LIKE
3112.982	3113.228	55	BLUE
3113.228	3113.667	88	CHEESE
3113.667	3113.793	99999	sp
3113.793	3113.985	70	BUT
3113.985	3114.413	466	VICTOR
3114.413	3114.748	242	LIKES
3114.748	3114.852	99999	sp
3114.852	3115.221	64	BRIE
3115.221	3119.062	99999	{NS}
3119.062	3123.674	99999	{NS}
3123.674	3123.949	108	COUNT
3123.949	3124.021	434	THE
3124.021	3124.331	289	NUMBER
3124.331	3124.433	294	OF
3124.433	3124.473	99999	sp
3124.473	3124.978	429	TEASPOONS
3124.978	3125.096	294	OF
3125.096	3125.757	395	SOYSAUCE
3125.757	3125.804	99999	sp
3125.804	3125.9700000000003	433	THAT
3125.9700000000003	3126.218	495	YOU
3126.218	3126.629	7	ADD
3126.629	3134.142	99999	{NS}
3134.142	3134.638	99999	{NS}
3134.638	3135.266	44	BAGPIPES
3135.266	3135.437	20	AND
3135.437	3135.982	59	BONGOS
3135.982	3136.152	30	ARE
3136.152	3136.76	273	MUSICAL
3136.76	3137.661	220	INSTRUMENTS
3137.661	3145.452	99999	{NS}
3145.452	3145.762	99999	sp
3145.762	3146.23	99999	{NS}
3146.23	3146.5	210	HOW
3146.5	3146.667	189	GOOD
3146.667	3146.877	224	IS
3146.877	3146.9809999999998	496	YOUR
3146.9809999999998	3147.812	138	ENDURANCE
3147.812	3155.754	99999	{NS}
3155.754	3155.815	99999	sp
3155.815	3155.965	99999	{NS}
3155.965	3156.072	30	ARE
3156.072	3156.315	496	YOUR
3156.315	3156.635	192	GRADES
3156.635	3157.128	206	HIGHER
3157.128	3157.257	302	OR
3157.257	3157.695	251	LOWER
3157.695	3157.829	432	THAN
3157.829	3158.583	275	NANCY'S
3158.583	3164.862	99999	{NS}
3164.862	3164.932	99999	sp
3164.932	3166.813	99999	{NS}
3166.813	3167.081	375	SHE
3167.081	3167.401	490	WORE
3167.401	3167.877	471	WARM
3167.877	3168.619	158	FLEECY
3168.619	3168.688	99999	sp
3168.688	3169.108	489	WOOLEN
3169.108	3169.168	99999	sp
3169.168	3170.002	311	OVERALLS
3170.002	3176.762	99999	{NS}
3176.762	3177.562	99999	sp
3177.562	3177.841	99999	{NS}
3177.841	3177.9809999999998	99999	sp
3177.9809999999998	3178.314	354	READING
3178.314	3178.527	217	IN
3178.527	3178.753	335	POOR
3178.753	3179.075	240	LIGHT
3179.075	3179.154	99999	sp
3179.154	3179.432	181	GIVES
3179.432	3179.6059999999998	495	YOU
3179.6059999999998	3180.329	150	EYESTRAIN
3180.329	3187.942	99999	{NS}
3187.942	3188.661	99999	{NS}
3188.661	3188.968	142	EVEN
3188.968	3189.157	211	I
3189.157	3189.858	293	OCCASIONALLY
3189.858	3190.059	177	GET
3190.059	3190.12	99999	sp
3190.12	3190.192	434	THE
3190.192	3190.736	265	MONDAY
3190.736	3191.362	56	BLUES
3191.362	3200.661	99999	{NS}
3200.661	3200.9719999999998	99999	{NS}
3200.9719999999998	3201.0950000000003	476	WE
3201.0950000000003	3201.212	30	ARE
3201.212	3201.624	301	OPEN
3201.624	3201.684	99999	sp
3201.684	3202.092	145	EVERY
3202.092	3202.651	265	MONDAY
3202.651	3202.694	99999	sp
3202.694	3203.301	143	EVENING
3203.301	3210.892	99999	{NS}
3210.892	3211.323	99999	{NS}
3211.323	3211.552	226	IT'S
3211.552	3211.822	285	NOT
3211.822	3212.234	133	EASY
3212.234	3212.391	446	TO
3212.391	3212.441	99999	sp
3212.441	3212.893	113	CREATE
3212.893	3213.742	215	ILLUMINATING
3213.742	3214.742	146	EXAMPLES
3214.742	3220.772	99999	{NS}
3220.772	3222.692	99999	{NS}
3222.692	3223.013	270	MUM
3223.013	3223.751	407	STRONGLY
3223.751	3223.812	99999	sp
3223.812	3224.361	126	DISLIKES
3224.361	3225.411	27	APPETIZERS
3225.411	3233.172	99999	{NS}
3233.172	3233.568	99999	{NS}
3233.568	3233.837	443	THOSE
3233.837	3233.992	484	WHO
3233.992	3234.048	99999	sp
3234.048	3234.372	427	TEACH
3234.372	3234.99	462	VALUES
3234.99	3235.103	99999	sp
3235.103	3235.438	156	FIRST
3235.438	3236.114	4	ABOLISH
3236.114	3236.192	99999	sp
3236.192	3236.7309999999998	87	CHEATING
3236.7309999999998	3244.091	99999	{NS}
3244.091	3244.341	99999	sp
3244.341	3244.88	99999	{NS}
3244.88	3244.984	434	THE
3244.984	3245.491	165	FRIGHTENED
3245.491	3245.566	99999	sp
3245.566	3245.987	89	CHILD
3245.987	3246.202	472	WAS
3246.202	3246.26	99999	sp
3246.26	3246.632	176	GENTLY
3246.632	3247.197	410	SUBDUED
3247.197	3247.237	99999	sp
3247.237	3247.372	73	BY
3247.372	3247.576	208	HIS
3247.576	3247.67	99999	sp
3247.67	3247.88	52	BIG
3247.88	3247.9610000000002	99999	sp
3247.9610000000002	3248.396	66	BROTHER
3248.396	3256.232	99999	{NS}
3256.232	3256.341	99999	sp
3256.341	3256.757	99999	{NS}
3256.757	3256.986	142	EVEN
3256.986	3257.071	1	A
3257.071	3257.492	383	SIMPLE
3257.492	3258.358	468	VOCABULARY
3258.358	3258.988	104	CONTAINS
3258.988	3259.725	422	SYMBOLS
3259.725	3259.971	99999	sp
3259.971	3267.862	99999	{NS}
3267.862	3267.906	99999	{NS}
3267.906	3267.99	1	A
3267.99	3268.066	99999	sp
3268.066	3268.388	110	CRAB
3268.388	3268.454	99999	sp
3268.454	3268.996	85	CHALLENGED
3268.996	3269.025	99999	sp
3269.025	3269.322	258	ME
3269.322	3269.418	99999	sp
3269.418	3269.501	70	BUT
3269.501	3269.59	1	A
3269.59	3269.662	99999	sp
3269.662	3269.906	350	QUICK
3269.906	3270.353	402	STAB
3270.353	3270.419	99999	sp
3270.419	3271.102	464	VANQUISHED
3271.102	3271.369	207	HIM
3271.369	3278.452	99999	{NS}
3278.452	3278.919	99999	{NS}
3278.919	3279.478	183	GLUCOSE
3279.478	3279.659	20	AND
3279.659	3280.308	167	FRUCTOSE
3280.308	3280.498	30	ARE
3280.498	3281.033	276	NATURAL
3281.033	3281.594	414	SUGARS
3281.594	3281.991	163	FOUND
3281.991	3282.152	217	IN
3282.152	3282.752	168	FRUIT
3282.752	3288.932	99999	{NS}
3288.932	3289.091	99999	sp
3289.091	3290.835	99999	{NS}
3290.835	3290.959	30	ARE
3290.959	3291.099	495	YOU
3291.099	3291.506	250	LOOKING
3291.506	3291.732	161	FOR
3291.732	3292.442	136	EMPLOYMENT
3292.442	3300.442	99999	{NS}
3300.442	3300.572	99999	{NS}
3300.572	3300.755	99999	sp
3300.755	3301.148	98	COFFEE
3301.148	3301.355	224	IS
3301.355	3301.402	99999	sp
3301.402	3301.656	198	GROWN
3301.656	3301.851	297	ON
3301.851	3302.404	404	STEEP
3302.404	3302.5299999999997	99999	sp
3302.5299999999997	3302.921	231	JUNGLE
3302.921	3303.174	241	LIKE
3303.174	3303.691	390	SLOPES
3303.691	3303.938	217	IN
3303.938	3304.41	431	TEMPERATE
3304.41	3305.048	497	ZONES
3305.048	3305.281	99999	{NS}
3305.281	3313.2690000000002	99999	{NS}
3313.2690000000002	3313.381	476	WE
3313.381	3313.841	480	WELCOME
3313.841	3314.145	256	MANY
3314.145	3314.377	282	NEW
3314.377	3314.971	408	STUDENTS
3314.971	3315.0190000000002	99999	sp
3315.0190000000002	3315.332	132	EACH
3315.332	3315.631	491	YEAR
3315.631	3324.6620000000003	99999	{NS}
3324.6620000000003	3325.272	99999	{NS}
3325.272	3325.352	99999	sp
3325.352	3325.683	298	ONLY
3325.683	3325.848	434	THE
3325.848	3326.082	51	BEST
3326.082	3326.148	99999	sp
3326.148	3326.5789999999997	330	PLAYERS
3326.5789999999997	3327.058	139	ENJOY
3327.058	3327.111	99999	sp
3327.111	3327.9719999999998	336	POPULARITY
3327.9719999999998	3335.922	99999	{NS}
3335.922	3336.447	99999	{NS}
3336.447	3336.947	75	CALCIUM
3336.947	3337.228	254	MAKES
3337.228	3337.327	99999	sp
3337.327	3337.673	58	BONES
3337.673	3337.937	20	AND
3337.937	3338.277	430	TEETH
3338.277	3338.942	406	STRONG
3338.942	3344.832	99999	{NS}
3344.832	3346.9	99999	{NS}
3346.9	3347.323	286	NOTHING
3347.323	3347.532	224	IS
3347.532	3347.725	34	AS
3347.725	3348.381	295	OFFENSIVE
3348.381	3348.696	34	AS
3348.696	3348.745	99999	sp
3348.745	3349.522	219	INNOCENCE
3349.522	3358.062	99999	{NS}
3358.062	3358.339	99999	{NS}
3358.339	3358.848	405	STEVE
3358.848	3360.0	490	WORE
3360.0	3360.582	78	CASHMERE
3360.582	3369.343	99999	{NS}
3369.343	3369.783	46	BARB'S
3369.783	3370.091	188	GOLD
3370.091	3370.582	63	BRACELET
3370.582	3370.744	472	WAS
3370.744	3370.888	1	A
3370.888	3371.61	193	GRADUATION
3371.61	3372.091	339	PRESENT
3372.091	3380.914	99999	sp
3380.914	3381.184	130	DRAW
3381.184	3381.646	145	EVERY
3381.646	3381.956	308	OUTER
3381.956	3382.282	244	LINE
3382.282	3382.911	156	FIRST
3382.911	3383.019	99999	sp
3383.019	3383.296	436	THEN
3383.296	3383.635	154	FILL
3383.635	3383.821	217	IN
3383.821	3383.922	434	THE
3383.922	3384.711	222	INTERIOR
3384.711	3392.479	99999	sp
3392.479	3392.541	434	THE
3392.541	3392.943	475	WATER
3392.943	3393.595	103	CONTAINED
3393.595	3393.751	448	TOO
3393.751	3394.111	269	MUCH
3394.111	3394.661	90	CHLORINE
3394.661	3394.853	20	AND
3394.853	3395.252	409	STUNG
3395.252	3395.483	208	HIS
3395.483	3396.061	149	EYES
3396.061	3403.849	99999	sp
3403.849	3404.251	229	JOHN'S
3404.251	3404.537	66	BROTHER
3404.537	3405.323	363	REPAINTED
3405.323	3405.467	434	THE
3405.467	3406.025	173	GARAGE
3406.025	3406.447	129	DOOR
3406.447	3415.53	99999	sp
3415.53	3416.029	84	CHALLENGE
3416.029	3416.369	132	EACH
3416.369	3416.957	175	GENERAL'S
3416.957	3418.061	221	INTELLIGENCE
3418.061	3425.876	99999	sp
3425.876	3426.867	17	AMBIDEXTROUS
3426.867	3427.624	327	PICKPOCKETS
3427.624	3428.362	6	ACCOMPLISH
3428.362	3428.834	267	MORE
3428.834	3437.189	99999	sp
3437.189	3437.2309999999998	1	A
3437.2309999999998	3437.861	271	MUSCULAR
3437.861	3438.453	2	ABDOMEN
3438.453	3438.795	224	IS
3438.795	3438.986	189	GOOD
3438.986	3439.179	161	FOR
3439.179	3439.397	496	YOUR
3439.397	3439.982	43	BACK
3439.982	3448.951	99999	sp
3448.951	3449.162	438	THEY
3449.162	3449.389	317	OWN
3449.389	3449.555	1	A
3449.555	3449.776	52	BIG
3449.776	3450.295	209	HOUSE
3450.295	3450.445	217	IN
3450.445	3450.529	434	THE
3450.529	3451.056	361	REMOTE
3451.056	3451.934	109	COUNTRYSIDE
3451.934	3452.841	99999	sp
3452.841	3459.811	99999	sp
3459.811	3459.937	434	THE
3459.937	3460.42	369	ROSE
3460.42	3461.188	106	CORSAGE
3461.188	3461.681	393	SMELLED
3461.681	3462.371	421	SWEET
3462.371	3470.637	99999	sp
3470.637	3470.896	433	THAT
3470.896	3471.602	326	PICKPOCKET
3471.602	3471.876	472	WAS
3471.876	3472.22	80	CAUGHT
3472.22	3472.487	356	RED
3472.487	3473.245	199	HANDED
3473.245	3482.478	99999	sp
3482.478	3482.613	19	AN
3482.613	3483.135	9	ADULT
3483.135	3483.502	255	MALE
3483.502	3484.107	42	BABOON'S
3484.107	3484.5190000000002	430	TEETH
3484.5190000000002	3484.641	30	ARE
3484.641	3485.022	285	NOT
3485.022	3485.548	415	SUITABLE
3485.548	3485.845	161	FOR
3485.845	3486.181	135	EATING
3486.181	3487.06	376	SHELLFISH
3487.06	3495.625	99999	sp
3495.625	3495.802	204	HER
3495.802	3496.43	470	WARDROBE
3496.43	3496.965	102	CONSISTS
3496.965	3497.15	294	OF
3497.15	3497.479	298	ONLY
3497.479	3497.922	385	SKIRTS
3497.922	3498.127	20	AND
3498.127	3498.844	54	BLOUSES
3498.844	3507.301	99999	sp
3507.301	3507.467	434	THE
3507.467	3507.701	453	TWO
3507.701	3508.185	33	ARTISTS
3508.185	3508.987	147	EXCHANGED
3508.987	3510.012	39	AUTOGRAPHS
3510.012	3518.276	99999	sp
3518.276	3518.931	71	BUTTERSCOTCH
3518.931	3519.456	169	FUDGE
3519.456	3519.765	186	GOES
3519.765	3519.986	481	WELL
3519.986	3520.212	487	WITH
3520.212	3520.703	463	VANILLA
3520.703	3521.041	212	ICE
3521.041	3521.391	112	CREAM
3521.391	3531.548	99999	sp
3531.548	3531.906	366	RICH
3531.906	3532.027	99999	sp
3532.027	3532.549	349	PURCHASED
3532.549	3532.988	374	SEVERAL
3532.988	3533.536	382	SIGNED
3533.536	3534.417	245	LITHOGRAPHS
3534.417	3543.821	99999	sp
3543.821	3544.076	24	ANY
3544.076	3544.972	105	CONTRIBUTIONS
3544.972	3545.205	485	WILL
3545.205	3545.417	47	BE
3545.417	3545.922	195	GREATLY
3545.922	3546.997	28	APPRECIATED
3546.997	3556.158	99999	sp
3556.158	3556.306	434	THE
3556.306	3556.926	111	CRANBERRY
3556.926	3557.301	57	BOG
3557.301	3557.572	178	GETS
3557.572	3557.986	465	VERY
3557.986	3558.409	340	PRETTY
3558.409	3558.598	217	IN
3558.598	3559.132	40	AUTUMN
3559.132	3568.54	99999	sp
3568.54	3568.712	210	HOW
3568.712	3568.901	128	DO
3568.901	3569.431	318	OYSTERS
3569.431	3569.747	253	MAKE
3569.747	3570.452	320	PEARLS
3570.452	3578.426	99999	sp
3578.426	3578.548	257	MAY
3578.548	3578.766	211	I
3578.766	3579.059	304	ORDER
3579.059	3579.202	1	A
3579.202	3579.829	319	PARFAIT
3579.829	3580.281	10	AFTER
3580.281	3580.392	211	I
3580.392	3580.612	134	EAT
3580.612	3581.057	124	DINNER
3581.057	3589.6059999999998	99999	sp
3589.6059999999998	3589.74	224	IS
3589.74	3589.986	375	SHE
3589.986	3590.262	187	GOING
3590.262	3590.501	487	WITH
3590.501	3590.785	495	YOU
3590.785	3599.875	99999	sp
3599.875	3600.056	76	CAN
3600.056	3600.127	434	THE
3600.127	3600.768	11	AGENCY
3600.768	3601.552	315	OVERTHROW
3601.552	3601.992	13	ALIEN
3601.992	3602.759	162	FORCES
3602.759	3612.671	99999	sp
3612.671	3612.777	1	A
3612.777	3613.457	371	SCREWDRIVER
3613.457	3613.693	224	IS
3613.693	3613.882	252	MADE
3613.882	3614.188	166	FROM
3614.188	3614.815	469	VODKA
3614.815	3614.948	20	AND
3614.948	3615.302	303	ORANGE
3615.302	3615.807	230	JUICE
3615.807	3625.585	99999	sp
3625.585	3625.702	210	HOW
3625.702	3625.982	269	MUCH
3625.982	3626.496	16	ALLOWANCE
3626.496	3626.5860000000002	128	DO
3626.5860000000002	3626.798	495	YOU
3626.798	3627.045	177	GET
3627.045	3635.959	99999	sp
3635.959	3636.643	115	CYCLICAL
3636.643	3637.296	346	PROGRAMS
3637.296	3637.404	485	WILL
3637.404	3637.88	281	NEVER
3637.88	3638.6530000000002	100	COMPILE
3638.6530000000002	3648.551	99999	sp
3648.551	3648.694	434	THE
3648.694	3649.169	61	BOSTON
3649.169	3649.7110000000002	45	BALLET
3649.7110000000002	3650.418	312	OVERCAME
3650.418	3650.553	435	THEIR
3650.553	3651.133	170	FUNDING
3651.133	3651.952	380	SHORTAGE
3651.952	3660.271	99999	sp
3660.271	3660.627	145	EVERY
3660.627	3661.101	74	CAB
3661.101	3661.558	280	NEEDS
3661.558	3662.338	364	REPAINTING
3662.338	3662.951	296	OFTEN
3662.951	3671.147	99999	sp
3671.147	3671.522	203	HELP
3671.522	3671.5860000000002	99999	sp
3671.5860000000002	3671.919	196	GREG
3671.919	3672.128	446	TO
3672.128	3672.372	325	PICK
3672.372	3672.515	1	A
3672.515	3672.792	321	PECK
3672.792	3672.9700000000003	294	OF
3672.9700000000003	3673.037	99999	sp
3673.037	3673.88	338	POTATOES
3673.88	3683.534	99999	sp
3683.534	3683.697	476	WE
3683.697	3683.953	241	LIKE
3683.953	3684.0389999999998	99999	sp
3684.0389999999998	3684.283	55	BLUE
3684.283	3684.81	88	CHEESE
3684.81	3685.013	70	BUT
3685.013	3685.408	466	VICTOR
3685.408	3685.726	242	LIKES
3685.726	3685.854	99999	sp
3685.854	3686.328	64	BRIE
3686.328	3696.768	99999	sp
3696.768	3697.055	108	COUNT
3697.055	3697.133	434	THE
3697.133	3697.442	289	NUMBER
3697.442	3697.624	294	OF
3697.624	3698.172	429	TEASPOONS
3698.172	3698.307	294	OF
3698.307	3699.032	395	SOYSAUCE
3699.032	3699.161	433	THAT
3699.161	3699.411	495	YOU
3699.411	3699.832	7	ADD
3699.832	3708.9719999999998	99999	sp
3708.9719999999998	3709.601	44	BAGPIPES
3709.601	3709.795	20	AND
3709.795	3710.379	59	BONGOS
3710.379	3710.508	30	ARE
3710.508	3711.124	273	MUSICAL
3711.124	3712.122	220	INSTRUMENTS
3712.122	3720.985	99999	sp
3720.985	3721.258	210	HOW
3721.258	3721.452	189	GOOD
3721.452	3721.684	224	IS
3721.684	3721.762	496	YOUR
3721.762	3722.601	138	ENDURANCE
3722.601	3736.542	99999	sp
