32.069125	32.287125	375	SHE
32.287125	32.637125	490	WORE
32.637125	33.194125	471	WARM
33.194125	33.901125	158	FLEECY
33.901125	34.267125	489	WOOLEN
34.267125	35.047125	311	OVERALLS
35.047125	42.8035	99999	sp
42.8035	43.139500000000005	354	READING
43.139500000000005	43.3945	217	IN
43.3945	43.691500000000005	335	POOR
43.691500000000005	44.035500000000006	240	LIGHT
44.035500000000006	44.307500000000005	181	GIVES
44.307500000000005	44.4395	495	YOU
44.4395	45.029500000000006	150	EYESTRAIN
45.029500000000006	52.555125	99999	sp
52.555125	52.818124999999995	142	EVEN
52.818124999999995	53.068124999999995	211	I
53.068124999999995	53.61212499999999	293	OCCASIONALLY
53.61212499999999	53.824124999999995	177	GET
53.824124999999995	53.86812499999999	434	THE
53.86812499999999	54.22512499999999	265	MONDAY
54.22512499999999	54.738125	56	BLUES
54.738125	62.557125	99999	sp
62.557125	62.716125	476	WE
62.716125	62.886125	30	ARE
62.886125	63.386125	301	OPEN
63.386125	63.856125	145	EVERY
63.856125	64.30612500000001	265	MONDAY
64.30612500000001	64.896125	143	EVENING
64.896125	73.89825	99999	sp
73.89825	74.16025	226	IT'S
74.16025	74.38225000000001	285	NOT
74.38225000000001	74.76025000000001	133	EASY
74.76025000000001	74.89925000000001	446	TO
74.89925000000001	75.16025	113	CREATE
75.16025	75.90025000000001	215	ILLUMINATING
75.90025000000001	76.71025000000002	146	EXAMPLES
76.71025000000002	85.7180625	99999	sp
85.7180625	86.10906250000001	270	MUM
86.10906250000001	86.6620625	407	STRONGLY
86.6620625	87.0700625	126	DISLIKES
87.0700625	87.9490625	27	APPETIZERS
87.9490625	97.516875	99999	sp
97.516875	97.92287499999999	443	THOSE
97.92287499999999	98.177875	484	WHO
98.177875	98.492875	427	TEACH
98.492875	99.138875	462	VALUES
99.138875	99.543875	156	FIRST
99.543875	100.058875	4	ABOLISH
100.058875	100.462875	87	CHEATING
100.462875	110.4701875	99999	sp
110.4701875	110.5551875	434	THE
110.5551875	110.9661875	165	FRIGHTENED
110.9661875	111.3751875	89	CHILD
111.3751875	111.6791875	472	WAS
111.6791875	111.9851875	176	GENTLY
111.9851875	112.5301875	410	SUBDUED
112.5301875	112.7161875	73	BY
112.7161875	112.9801875	208	HIS
112.9801875	113.4121875	52	BIG
113.4121875	113.7961875	66	BROTHER
113.7961875	124.73725	99999	sp
124.73725	125.12425	142	EVEN
125.12425	125.26225	1	A
125.26225	125.76425	383	SIMPLE
125.76425	126.51925	468	VOCABULARY
126.51925	126.96825	104	CONTAINS
126.96825	127.70425	88888	SYLLABLES
127.70425	127.99325	99999	sp
127.99325	128.23025	88888	ER
128.23025	128.87425000000002	422	SYMBOLS
128.87425000000002	140.0768125	99999	sp
140.0768125	140.1928125	1	A
140.1928125	140.5248125	110	CRAB
140.5248125	141.0498125	85	CHALLENGED
141.0498125	141.3698125	258	ME
141.3698125	141.6098125	99999	sp
141.6098125	141.6368125	70	BUT
141.6368125	141.7918125	211	I
141.7918125	142.34981249999998	88888	QUICKLY
142.34981249999998	142.6478125	99999	sp
142.6478125	142.70681249999998	70	BUT
142.70681249999998	142.86781249999999	1	A
142.86781249999999	143.0898125	350	QUICK
143.0898125	143.50981249999998	402	STAB
143.50981249999998	144.0548125	464	VANQUISHED
144.0548125	144.1898125	207	HIM
144.1898125	154.36	99999	sp
154.36	154.80800000000002	183	GLUCOSE
154.80800000000002	155.04400000000004	20	AND
155.04400000000004	155.71400000000003	167	FRUCTOSE
155.71400000000003	155.95700000000002	30	ARE
155.95700000000002	156.41400000000002	276	NATURAL
156.41400000000002	156.96400000000003	414	SUGARS
156.96400000000003	157.21500000000003	99999	sp
157.21500000000003	157.52400000000003	163	FOUND
157.52400000000003	157.64400000000003	217	IN
157.64400000000003	157.96400000000003	168	FRUIT
157.96400000000003	166.494125	99999	sp
166.494125	166.567125	30	ARE
166.567125	166.787125	495	YOU
166.787125	167.097125	250	LOOKING
167.097125	167.357125	161	FOR
167.357125	167.897125	136	EMPLOYMENT
167.897125	177.2210625	99999	sp
177.2210625	177.5790625	98	COFFEE
177.5790625	177.7930625	224	IS
177.7930625	177.99906249999998	198	GROWN
177.99906249999998	178.15906249999998	297	ON
178.15906249999998	178.64806249999998	404	STEEP
178.64806249999998	179.0090625	231	JUNGLE
179.0090625	179.2090625	241	LIKE
179.2090625	179.62906249999997	390	SLOPES
179.62906249999997	179.8480625	217	IN
179.8480625	180.3480625	431	TEMPERATE
180.3480625	180.9290625	497	ZONES
180.9290625	188.8278125	99999	sp
188.8278125	188.9588125	476	WE
188.9588125	189.4288125	480	WELCOME
189.4288125	189.7088125	256	MANY
189.7088125	189.8588125	282	NEW
189.8588125	190.26481249999998	408	STUDENTS
190.26481249999998	190.4938125	132	EACH
190.4938125	190.8088125	491	YEAR
190.8088125	200.070625	99999	sp
200.070625	200.413625	298	ONLY
200.413625	200.605625	434	THE
200.605625	200.956625	51	BEST
200.956625	201.383625	330	PLAYERS
201.383625	201.770625	139	ENJOY
201.770625	202.543625	336	POPULARITY
202.543625	210.3065	99999	sp
210.3065	210.81150000000002	75	CALCIUM
210.81150000000002	211.12750000000003	254	MAKES
211.12750000000003	211.44150000000002	58	BONES
211.44150000000002	211.57250000000002	20	AND
211.57250000000002	211.78250000000003	430	TEETH
211.78250000000003	212.26250000000002	406	STRONG
212.26250000000002	220.6484375	99999	sp
220.6484375	221.0824375	286	NOTHING
221.0824375	221.2624375	224	IS
221.2624375	221.5524375	34	AS
221.5524375	222.0424375	295	OFFENSIVE
222.0424375	222.2704375	34	AS
222.2704375	222.9724375	219	INNOCENCE
222.9724375	231.0376875	99999	sp
231.0376875	231.4826875	405	STEVE
231.4826875	231.6786875	490	WORE
231.6786875	231.8286875	1	A
231.8286875	232.1366875	65	BRIGHT
232.1366875	232.4586875	356	RED
232.4586875	232.71168749999998	99999	sp
232.71168749999998	233.2086875	78	CASHMERE
233.2086875	233.6986875	420	SWEATER
233.6986875	242.525375	99999	sp
242.525375	242.881375	46	BARB'S
242.881375	243.14637499999998	188	GOLD
243.14637499999998	243.59237499999998	63	BRACELET
243.59237499999998	243.788375	472	WAS
243.788375	243.87237499999998	1	A
243.87237499999998	244.862375	193	GRADUATION
244.862375	245.423375	339	PRESENT
245.423375	254.6305625	99999	sp
254.6305625	254.8875625	130	DRAW
254.8875625	255.28756249999998	145	EVERY
255.28756249999998	255.62756249999998	308	OUTER
255.62756249999998	255.9165625	244	LINE
255.9165625	256.49756249999996	156	FIRST
256.49756249999996	256.6575625	436	THEN
256.6575625	256.9275625	154	FILL
256.9275625	257.0785625	217	IN
257.0785625	257.1665625	434	THE
257.1665625	257.7975625	222	INTERIOR
257.7975625	266.505125	99999	sp
266.505125	266.57612500000005	434	THE
266.57612500000005	267.06612500000006	475	WATER
267.06612500000006	267.57612500000005	103	CONTAINED
267.57612500000005	267.73512500000004	448	TOO
267.73512500000004	267.96712500000007	269	MUCH
267.96712500000007	268.47512500000005	90	CHLORINE
268.47512500000005	268.63612500000005	20	AND
268.63612500000005	269.00612500000005	409	STUNG
269.00612500000005	269.23512500000004	208	HIS
269.23512500000004	269.73512500000004	149	EYES
269.73512500000004	278.399714542391	99999	sp
278.399714542391	278.838714542391	229	JOHN'S
278.838714542391	279.12171454239103	66	BROTHER
279.12171454239103	279.68871454239104	363	REPAINTED
279.68871454239104	279.78471454239104	434	THE
279.78471454239104	280.435714542391	173	GARAGE
280.435714542391	289.744625	99999	sp
289.744625	290.224625	84	CHALLENGE
290.224625	290.593625	132	EACH
290.593625	291.617625	175	GENERAL'S
291.617625	292.434625	221	INTELLIGENCE
292.434625	302.932125	99999	sp
302.932125	303.89912499999997	17	AMBIDEXTROUS
303.89912499999997	305.32612499999993	327	PICKPOCKETS
305.32612499999993	305.971125	6	ACCOMPLISH
305.971125	306.27312499999994	267	MORE
306.27312499999994	315.0241875	99999	sp
315.0241875	315.2661875	1	A
315.2661875	316.1361875	271	MUSCULAR
316.1361875	316.6961875	2	ABDOMEN
316.6961875	316.9401875	224	IS
316.9401875	317.0761875	189	GOOD
317.0761875	317.2061875	161	FOR
317.2061875	317.3811875	496	YOUR
317.3811875	317.7761875	43	BACK
317.7761875	326.302625	99999	sp
326.302625	326.480625	438	THEY
326.480625	326.720625	317	OWN
326.720625	326.847625	1	A
326.847625	327.040625	52	BIG
327.040625	327.431625	209	HOUSE
327.431625	327.674625	217	IN
327.674625	327.780625	434	THE
327.780625	328.191625	361	REMOTE
328.191625	328.94962499999997	109	COUNTRYSIDE
328.94962499999997	335.99025	99999	sp
335.99025	336.06025	434	THE
336.06025	336.61025	369	ROSE
336.61025	337.13025	106	CORSAGE
337.13025	337.51025	393	SMELLED
337.51025	337.88025	421	SWEET
337.88025	346.2385625	99999	sp
346.2385625	346.4715625	433	THAT
346.4715625	347.0205625	326	PICKPOCKET
347.0205625	347.5125625	472	WAS
347.5125625	347.8065625	80	CAUGHT
347.8065625	347.9925625	356	RED
347.9925625	348.6595625	199	HANDED
348.6595625	358.066	99999	sp
358.066	358.14399999999995	19	AN
358.14399999999995	358.57599999999996	9	ADULT
358.57599999999996	358.92799999999994	255	MALE
358.92799999999994	359.44599999999997	42	BABOON'S
359.44599999999997	359.76199999999994	430	TEETH
359.76199999999994	359.85099999999994	30	ARE
359.85099999999994	360.092	285	NOT
360.092	360.53399999999993	415	SUITABLE
360.53399999999993	360.79299999999995	161	FOR
360.79299999999995	361.10799999999995	135	EATING
361.10799999999995	361.756	376	SHELLFISH
361.756	370.6856875	99999	sp
370.6856875	370.9156875	204	HER
370.9156875	371.5276875	470	WARDROBE
371.5276875	372.0666875	102	CONSISTS
372.0666875	372.39968749999997	294	OF
372.39968749999997	372.7256875	298	ONLY
372.7256875	373.1656875	385	SKIRTS
373.1656875	373.42368749999997	20	AND
373.42368749999997	374.1366875	54	BLOUSES
374.1366875	382.7696875	99999	sp
382.7696875	382.9916875	434	THE
382.9916875	383.2146875	453	TWO
383.2146875	383.7366875	33	ARTISTS
383.7366875	384.4836875	147	EXCHANGED
384.4836875	385.2536875	39	AUTOGRAPHS
385.2536875	394.368125	99999	sp
394.368125	395.045125	71	BUTTERSCOTCH
395.045125	395.486125	169	FUDGE
395.486125	395.785125	186	GOES
395.785125	396.085125	481	WELL
396.085125	396.295125	487	WITH
396.295125	396.645125	463	VANILLA
396.645125	396.997125	212	ICE
396.997125	397.275125	112	CREAM
397.275125	407.290875	99999	sp
407.290875	407.671875	366	RICH
407.671875	408.477875	349	PURCHASED
408.477875	409.140875	374	SEVERAL
409.140875	409.724875	382	SIGNED
409.724875	409.98787500000003	99999	sp
409.98787500000003	410.884875	245	LITHOGRAPHS
410.884875	418.7655625	99999	sp
418.7655625	418.9475625	24	ANY
418.9475625	419.8675625	105	CONTRIBUTIONS
419.8675625	420.0285625	485	WILL
420.0285625	420.1925625	47	BE
420.1925625	420.5575625	195	GREATLY
420.5575625	421.3805625	28	APPRECIATED
421.3805625	429.8025625	99999	sp
429.8025625	429.9605625	434	THE
429.9605625	430.5225625	111	CRANBERRY
430.5225625	430.9475625	57	BOG
430.9475625	431.2125625	178	GETS
431.2125625	431.5355625	465	VERY
431.5355625	431.7915625	340	PRETTY
431.7915625	431.9225625	217	IN
431.9225625	432.2915625	40	AUTUMN
432.2915625	440.3641875	99999	sp
440.3641875	440.58918750000004	210	HOW
440.58918750000004	440.74018750000005	128	DO
440.74018750000005	441.25018750000004	318	OYSTERS
441.25018750000004	441.4551875	253	MAKE
441.4551875	442.00018750000004	320	PEARLS
442.00018750000004	449.738125	99999	sp
449.738125	449.99712500000004	257	MAY
449.99712500000004	450.17712500000005	211	I
450.17712500000005	450.548125	304	ORDER
450.548125	450.630125	1	A
450.630125	451.00812500000006	319	PARFAIT
451.00812500000006	451.30712500000004	10	AFTER
451.30712500000004	451.40812500000004	211	I
451.40812500000004	451.66812500000003	134	EAT
451.66812500000003	452.02812500000005	124	DINNER
452.02812500000005	459.0464375	99999	sp
459.0464375	459.15143750000004	224	IS
459.15143750000004	459.3834375	375	SHE
459.3834375	459.69043750000003	187	GOING
459.69043750000003	459.91843750000004	487	WITH
459.91843750000004	460.08143750000005	495	YOU
460.08143750000005	468.06725	99999	sp
468.06725	468.26425	76	CAN
468.26425	468.33425	434	THE
468.33425	468.98325	11	AGENCY
468.98325	469.64425	315	OVERTHROW
469.64425	470.01425	13	ALIEN
470.01425	470.64425	162	FORCES
470.64425	479.3057840882747	99999	sp
479.3057840882747	479.36278408827474	1	A
479.36278408827474	480.08178408827473	371	SCREWDRIVER
480.08178408827473	480.29278408827474	224	IS
480.29278408827474	480.5217840882747	252	MADE
480.5217840882747	480.7527840882747	166	FROM
480.7527840882747	481.3727840882747	469	VODKA
481.3727840882747	481.65078408827475	99999	sp
481.65078408827475	481.80278408827473	20	AND
481.80278408827473	482.07178408827474	303	ORANGE
482.07178408827474	482.59278408827475	230	JUICE
482.59278408827475	489.956	99999	sp
489.956	490.091	210	HOW
490.091	490.362	269	MUCH
490.362	490.823	16	ALLOWANCE
490.823	490.911	128	DO
490.911	491.102	495	YOU
491.102	491.332	177	GET
491.332	503.45764135026536	99999	sp
503.45764135026536	504.48664135026536	88888	CYCLE
504.48664135026536	505.50164135026534	99999	sp
505.50164135026534	505.91764135026534	88888	CYCLE
505.91764135026534	507.28764135026535	346	PROGRAMS
507.28764135026535	507.46764135026535	485	WILL
507.46764135026535	507.81464135026533	281	NEVER
507.81464135026533	508.30664135026535	100	COMPILE
508.30664135026535	517.875875	99999	sp
517.875875	518.0688749999999	434	THE
518.0688749999999	518.695875	61	BOSTON
518.695875	519.307875	45	BALLET
519.307875	519.8618749999999	312	OVERCAME
519.8618749999999	520.0458749999999	435	THEIR
520.0458749999999	520.441875	170	FUNDING
520.441875	521.061875	380	SHORTAGE
521.061875	529.8506875	99999	sp
529.8506875	530.1616875	145	EVERY
530.1616875	530.4626875	74	CAB
530.4626875	530.7886875	280	NEEDS
530.7886875	531.2936875	364	REPAINTING
531.2936875	531.8626875	296	OFTEN
531.8626875	540.00175	99999	sp
540.00175	540.34675	203	HELP
540.34675	540.87375	196	GREG
540.87375	541.05875	446	TO
541.05875	541.44275	325	PICK
541.44275	541.6007500000001	99999	sp
541.6007500000001	541.75775	1	A
541.75775	542.0527500000001	321	PECK
542.0527500000001	542.26575	294	OF
542.26575	542.93275	338	POTATOES
542.93275	550.9735625	99999	sp
550.9735625	551.0935625	476	WE
551.0935625	551.3585625	241	LIKE
551.3585625	551.5675625	55	BLUE
551.5675625	551.9835625	88	CHEESE
551.9835625	552.1235624999999	70	BUT
552.1235624999999	552.4935624999999	466	VICTOR
552.4935624999999	552.8345625	242	LIKES
552.8345625	553.1645625	64	BRIE
553.1645625	561.8245625	99999	sp
561.8245625	562.0685625	108	COUNT
562.0685625	562.1495625	434	THE
562.1495625	562.5585625	289	NUMBER
562.5585625	562.7035625	294	OF
562.7035625	563.3085625	429	TEASPOONS
563.3085625	563.3995625	294	OF
563.3995625	563.9995625	395	SOYSAUCE
563.9995625	564.1295625	433	THAT
564.1295625	564.2885625	495	YOU
564.2885625	564.6935625	7	ADD
564.6935625	572.988125	99999	sp
572.988125	573.514125	44	BAGPIPES
573.514125	573.740125	20	AND
573.740125	574.184125	59	BONGOS
574.184125	574.284125	30	ARE
574.284125	574.723125	273	MUSICAL
574.723125	575.414125	220	INSTRUMENTS
575.414125	582.1664375	99999	sp
582.1664375	582.4164375	210	HOW
582.4164375	582.6174375	189	GOOD
582.6174375	582.7864375	224	IS
582.7864375	582.9774375000001	496	YOUR
582.9774375000001	583.6464375	138	ENDURANCE
583.6464375	612.1138125	99999	sp
612.1138125	612.1988125	434	THE
612.1988125	612.6098125	165	FRIGHTENED
612.6098125	613.0188125	89	CHILD
613.0188125	613.3228124999999	472	WAS
613.3228124999999	613.6288125	176	GENTLY
613.6288125	614.1738124999999	410	SUBDUED
614.1738124999999	614.3598125	73	BY
614.3598125	614.6238125	208	HIS
614.6238125	615.0558125	52	BIG
615.0558125	615.4398125	66	BROTHER
615.4398125	624.5959375	99999	sp
624.5959375	624.7739375	438	THEY
624.7739375	625.0139375	317	OWN
625.0139375	625.1409375000001	1	A
625.1409375000001	625.3339375	52	BIG
625.3339375	625.7249375	209	HOUSE
625.7249375	625.9679375000001	217	IN
625.9679375000001	626.0739375	434	THE
626.0739375	626.4849375	361	REMOTE
626.4849375	627.2429374999999	109	COUNTRYSIDE
627.2429374999999	635.080875	99999	sp
635.080875	635.215875	210	HOW
635.215875	635.486875	269	MUCH
635.486875	635.947875	16	ALLOWANCE
635.947875	636.035875	128	DO
636.035875	636.226875	495	YOU
636.226875	636.456875	177	GET
636.456875	645.0114375	99999	sp
645.0114375	645.1314375000001	476	WE
645.1314375000001	645.3964375	241	LIKE
645.3964375	645.6054375000001	55	BLUE
645.6054375000001	646.0214375	88	CHEESE
646.0214375	646.1614375	70	BUT
646.1614375	646.5314375	466	VICTOR
646.5314375	646.8724375	242	LIKES
646.8724375	647.2024375000001	64	BRIE
647.2024375000001	655.34075	99999	sp
655.34075	655.6027499999999	226	IT'S
655.6027499999999	655.82475	285	NOT
655.82475	656.2027499999999	133	EASY
656.2027499999999	656.3417499999999	446	TO
656.3417499999999	656.6027499999999	113	CREATE
656.6027499999999	657.3427499999999	215	ILLUMINATING
657.3427499999999	658.15275	146	EXAMPLES
658.15275	666.8285625	99999	sp
666.8285625	667.1395624999999	145	EVERY
667.1395624999999	667.4405624999999	74	CAB
667.4405624999999	667.7665625	280	NEEDS
667.7665625	668.2715625	364	REPAINTING
668.2715625	668.8405624999999	296	OFTEN
668.8405624999999	676.277375	99999	sp
676.277375	676.470375	434	THE
676.470375	677.097375	61	BOSTON
677.097375	677.709375	45	BALLET
677.709375	678.263375	312	OVERCAME
678.263375	678.447375	435	THEIR
678.447375	678.843375	170	FUNDING
678.843375	679.463375	380	SHORTAGE
679.463375	687.59575	99999	sp
687.59575	687.9767499999999	366	RICH
687.9767499999999	688.7827499999999	349	PURCHASED
688.7827499999999	689.4457499999999	374	SEVERAL
689.4457499999999	690.0297499999999	382	SIGNED
690.0297499999999	690.29275	99999	sp
690.29275	691.18975	245	LITHOGRAPHS
691.18975	699.956625	99999	sp
699.956625	700.178625	434	THE
700.178625	700.4016250000001	453	TWO
700.4016250000001	700.9236250000001	33	ARTISTS
700.9236250000001	701.670625	147	EXCHANGED
701.670625	702.4406250000001	39	AUTOGRAPHS
702.4406250000001	711.756	99999	sp
711.756	712.204	183	GLUCOSE
712.204	712.4399999999999	20	AND
712.4399999999999	713.1099999999999	167	FRUCTOSE
713.1099999999999	713.353	30	ARE
713.353	713.81	276	NATURAL
713.81	714.3599999999999	414	SUGARS
714.3599999999999	714.611	99999	sp
714.611	714.92	163	FOUND
714.92	715.04	217	IN
715.04	715.3599999999999	168	FRUIT
715.3599999999999	723.2853125	99999	sp
723.2853125	723.6303125000001	203	HELP
723.6303125000001	724.1573125	196	GREG
724.1573125	724.3423125	446	TO
724.3423125	724.7263125000001	325	PICK
724.7263125000001	724.8843125000001	99999	sp
724.8843125000001	725.0413125	1	A
725.0413125	725.3363125000001	321	PECK
725.3363125000001	725.5493125	294	OF
725.5493125	726.2163125000001	338	POTATOES
726.2163125000001	734.7273125	99999	sp
734.7273125	735.1183125	270	MUM
735.1183125	735.6713125000001	407	STRONGLY
735.6713125000001	736.0793125	126	DISLIKES
736.0793125	736.9583125	27	APPETIZERS
736.9583125	743.2499375	99999	sp
743.2499375	743.5089375	257	MAY
743.5089375	743.6889375000001	211	I
743.6889375000001	744.0599374999999	304	ORDER
744.0599374999999	744.1419375	1	A
744.1419375	744.5199375	319	PARFAIT
744.5199375	744.8189375	10	AFTER
744.8189375	744.9199375000001	211	I
744.9199375000001	745.1799375	134	EAT
745.1799375	745.5399375	124	DINNER
745.5399375	754.253125	99999	sp
754.253125	754.497125	108	COUNT
754.497125	754.578125	434	THE
754.578125	754.987125	289	NUMBER
754.987125	755.132125	294	OF
755.132125	755.737125	429	TEASPOONS
755.737125	755.828125	294	OF
755.828125	756.428125	395	SOYSAUCE
756.428125	756.558125	433	THAT
756.558125	756.717125	495	YOU
756.717125	757.122125	7	ADD
757.122125	764.491964542391	99999	sp
764.491964542391	764.9309645423909	229	JOHN'S
764.9309645423909	765.2139645423911	66	BROTHER
765.2139645423911	765.7809645423911	363	REPAINTED
765.7809645423911	765.8769645423911	434	THE
765.8769645423911	766.5279645423909	173	GARAGE
766.5279645423909	774.2576875	99999	sp
774.2576875	774.5936875	354	READING
774.5936875	774.8486875	217	IN
774.8486875	775.1456875	335	POOR
775.1456875	775.4896875	240	LIGHT
775.4896875	775.7616875	181	GIVES
775.7616875	775.8936874999999	495	YOU
775.8936874999999	776.4836875	150	EYESTRAIN
776.4836875	784.4713125	99999	sp
784.4713125	784.9513125	84	CHALLENGE
784.9513125	785.3203125	132	EACH
785.3203125	786.3443124999999	175	GENERAL'S
786.3443124999999	787.1613124999999	221	INTELLIGENCE
787.1613124999999	794.7194375	99999	sp
794.7194375	795.3964375	71	BUTTERSCOTCH
795.3964375	795.8374375000001	169	FUDGE
795.8374375000001	796.1364375	186	GOES
796.1364375	796.4364375	481	WELL
796.4364375	796.6464375	487	WITH
796.6464375	796.9964375	463	VANILLA
796.9964375	797.3484375	212	ICE
797.3484375	797.6264375000001	112	CREAM
797.6264375000001	804.8440625	99999	sp
804.8440625	805.0410625	76	CAN
805.0410625	805.1110624999999	434	THE
805.1110624999999	805.7600625	11	AGENCY
805.7600625	806.4210625	315	OVERTHROW
806.4210625	806.7910625	13	ALIEN
806.7910625	807.4210625	162	FORCES
807.4210625	816.1880788502654	99999	sp
816.1880788502654	817.2170788502654	88888	CYCLE
817.2170788502654	818.2320788502655	99999	sp
818.2320788502655	818.6480788502654	88888	CYCLE
818.6480788502654	820.0180788502654	346	PROGRAMS
820.0180788502654	820.1980788502653	485	WILL
820.1980788502653	820.5450788502653	281	NEVER
820.5450788502653	821.0370788502654	100	COMPILE
821.0370788502654	830.215625	99999	sp
830.215625	830.3316250000001	1	A
830.3316250000001	830.6636250000001	110	CRAB
830.6636250000001	831.1886250000001	85	CHALLENGED
831.1886250000001	831.5086250000002	258	ME
831.5086250000002	831.7486250000002	99999	sp
831.7486250000002	831.7756250000001	70	BUT
831.7756250000001	831.9306250000001	211	I
831.9306250000001	832.4886250000001	88888	QUICKLY
832.4886250000001	832.7866250000001	99999	sp
832.7866250000001	832.8456250000002	70	BUT
832.8456250000002	833.0066250000001	1	A
833.0066250000001	833.2286250000001	350	QUICK
833.2286250000001	833.648625	402	STAB
833.648625	834.1936250000001	464	VANQUISHED
834.1936250000001	834.3286250000001	207	HIM
834.3286250000001	843.523375	99999	sp
843.523375	844.490375	17	AMBIDEXTROUS
844.490375	845.917375	327	PICKPOCKETS
845.917375	846.562375	6	ACCOMPLISH
846.562375	846.8643749999999	267	MORE
846.8643749999999	854.2244375	99999	sp
854.2244375	854.6304375	443	THOSE
854.6304375	854.8854375000001	484	WHO
854.8854375000001	855.2004375	427	TEACH
855.2004375	855.8464375000001	462	VALUES
855.8464375000001	856.2514375000001	156	FIRST
856.2514375000001	856.7664375	4	ABOLISH
856.7664375	857.1704375	87	CHEATING
857.1704375	864.44225	99999	sp
864.44225	864.51225	434	THE
864.51225	865.06225	369	ROSE
865.06225	865.5822499999999	106	CORSAGE
865.5822499999999	865.9622499999999	393	SMELLED
865.9622499999999	866.3322499999999	421	SWEET
866.3322499999999	873.8345625	99999	sp
873.8345625	874.3605625	44	BAGPIPES
874.3605625	874.5865625	20	AND
874.5865625	875.0305625	59	BONGOS
875.0305625	875.1305625	30	ARE
875.1305625	875.5695625	273	MUSICAL
875.5695625	876.2605625	220	INSTRUMENTS
876.2605625	883.8824375	99999	sp
883.8824375	883.9554375	30	ARE
883.9554375	884.1754375	495	YOU
884.1754375	884.4854375	250	LOOKING
884.4854375	884.7454375	161	FOR
884.7454375	885.2854375	136	EMPLOYMENT
885.2854375	893.5044375	99999	sp
893.5044375	893.5824375	19	AN
893.5824375	894.0144375	9	ADULT
894.0144375	894.3664375	255	MALE
894.3664375	894.8844375	42	BABOON'S
894.8844375	895.2004374999999	430	TEETH
895.2004374999999	895.2894375	30	ARE
895.2894375	895.5304375000001	285	NOT
895.5304375000001	895.9724375	415	SUITABLE
895.9724375	896.2314375	161	FOR
896.2314375	896.5464374999999	135	EATING
896.5464374999999	897.1944375	376	SHELLFISH
897.1944375	904.250625	99999	sp
904.250625	904.468625	375	SHE
904.468625	904.818625	490	WORE
904.818625	905.375625	471	WARM
905.375625	906.082625	158	FLEECY
906.082625	906.448625	489	WOOLEN
906.448625	907.228625	311	OVERALLS
907.228625	913.84175	99999	sp
913.84175	914.28675	405	STEVE
914.28675	914.48275	490	WORE
914.48275	914.63275	1	A
914.63275	914.94075	65	BRIGHT
914.94075	915.26275	356	RED
915.26275	915.51575	99999	sp
915.51575	916.01275	78	CASHMERE
916.01275	916.50275	420	SWEATER
916.50275	924.853375	99999	sp
924.853375	925.0953750000001	1	A
925.0953750000001	925.965375	271	MUSCULAR
925.965375	926.525375	2	ABDOMEN
926.525375	926.7693750000001	224	IS
926.7693750000001	926.905375	189	GOOD
926.905375	927.035375	161	FOR
927.035375	927.2103750000001	496	YOUR
927.2103750000001	927.6053750000001	43	BACK
927.6053750000001	935.854875	99999	sp
935.854875	936.288875	286	NOTHING
936.288875	936.468875	224	IS
936.468875	936.758875	34	AS
936.758875	937.248875	295	OFFENSIVE
937.248875	937.476875	34	AS
937.476875	938.178875	219	INNOCENCE
938.178875	946.4713125	99999	sp
946.4713125	946.7213125	210	HOW
946.7213125	946.9223125	189	GOOD
946.9223125	947.0913125	224	IS
947.0913125	947.2823125	496	YOUR
947.2823125	947.9513125	138	ENDURANCE
947.9513125	955.258875	99999	sp
955.258875	955.5218749999999	142	EVEN
955.5218749999999	955.7718749999999	211	I
955.7718749999999	956.3158749999999	293	OCCASIONALLY
956.3158749999999	956.527875	177	GET
956.527875	956.571875	434	THE
956.571875	956.928875	265	MONDAY
956.928875	957.441875	56	BLUES
957.441875	965.1703125	99999	sp
965.1703125	965.5283125000001	98	COFFEE
965.5283125000001	965.7423125	224	IS
965.7423125	965.9483125	198	GROWN
965.9483125	966.1083125	297	ON
966.1083125	966.5973125	404	STEEP
966.5973125	966.9583125	231	JUNGLE
966.9583125	967.1583125000001	241	LIKE
967.1583125000001	967.5783125	390	SLOPES
967.5783125	967.7973125000001	217	IN
967.7973125000001	968.2973125000001	431	TEMPERATE
968.2973125000001	968.8783125	497	ZONES
968.8783125	976.4466875	99999	sp
976.4466875	976.8336875000001	142	EVEN
976.8336875000001	976.9716875	1	A
976.9716875	977.4736875000001	383	SIMPLE
977.4736875000001	978.2286875000001	468	VOCABULARY
978.2286875000001	978.6776875	104	CONTAINS
978.6776875	979.4136875	88888	SYLLABLES
979.4136875	979.7026875000001	99999	sp
979.7026875000001	979.9396875000001	88888	ER
979.9396875000001	980.5836875000001	422	SYMBOLS
980.5836875000001	987.9320625	99999	sp
987.9320625	988.0030625	434	THE
988.0030625	988.4930625000001	475	WATER
988.4930625000001	989.0030625	103	CONTAINED
989.0030625	989.1620625	448	TOO
989.1620625	989.3940625	269	MUCH
989.3940625	989.9020625	90	CHLORINE
989.9020625	990.0630625000001	20	AND
990.0630625000001	990.4330625	409	STUNG
990.4330625	990.6620625	208	HIS
990.6620625	991.1620625	149	EYES
991.1620625	998.1309375	99999	sp
998.1309375	998.3879374999999	130	DRAW
998.3879374999999	998.7879375	145	EVERY
998.7879375	999.1279374999999	308	OUTER
999.1279374999999	999.4169374999999	244	LINE
999.4169374999999	999.9979374999999	156	FIRST
999.9979374999999	1000.1579374999999	436	THEN
1000.1579374999999	1000.4279375	154	FILL
1000.4279375	1000.5789374999999	217	IN
1000.5789374999999	1000.6669374999999	434	THE
1000.6669374999999	1001.2979375	222	INTERIOR
1001.2979375	1008.275	99999	sp
1008.275	1008.505	204	HER
1008.505	1009.117	470	WARDROBE
1009.117	1009.656	102	CONSISTS
1009.656	1009.989	294	OF
1009.989	1010.315	298	ONLY
1010.315	1010.755	385	SKIRTS
1010.755	1011.0129999999999	20	AND
1011.0129999999999	1011.726	54	BLOUSES
1011.726	1018.0400965882748	99999	sp
1018.0400965882748	1018.0970965882748	1	A
1018.0970965882748	1018.8160965882747	371	SCREWDRIVER
1018.8160965882747	1019.0270965882747	224	IS
1019.0270965882747	1019.2560965882747	252	MADE
1019.2560965882747	1019.4870965882747	166	FROM
1019.4870965882747	1020.1070965882748	469	VODKA
1020.1070965882748	1020.3850965882748	99999	sp
1020.3850965882748	1020.5370965882747	20	AND
1020.5370965882747	1020.8060965882747	303	ORANGE
1020.8060965882747	1021.3270965882748	230	JUICE
1021.3270965882748	1029.11225	99999	sp
1029.11225	1029.3452499999999	433	THAT
1029.3452499999999	1029.8942499999998	326	PICKPOCKET
1029.8942499999998	1030.38625	472	WAS
1030.38625	1030.68025	80	CAUGHT
1030.68025	1030.86625	356	RED
1030.86625	1031.53325	199	HANDED
1031.53325	1039.503625	99999	sp
1039.503625	1039.859625	46	BARB'S
1039.859625	1040.1246250000002	188	GOLD
1040.1246250000002	1040.570625	63	BRACELET
1040.570625	1040.7666250000002	472	WAS
1040.7666250000002	1040.850625	1	A
1040.850625	1041.840625	193	GRADUATION
1041.840625	1042.4016250000002	339	PRESENT
1042.4016250000002	1057.4481875	99999	sp
1057.4481875	1057.6301875	24	ANY
1057.6301875	1058.5501875	105	CONTRIBUTIONS
1058.5501875	1058.7111874999998	485	WILL
1058.7111874999998	1058.8751874999998	47	BE
1058.8751874999998	1059.2401874999998	195	GREATLY
1059.2401874999998	1060.0631875	28	APPRECIATED
1060.0631875	1068.5050625	99999	sp
1068.5050625	1068.6640624999998	476	WE
1068.6640624999998	1068.8340624999998	30	ARE
1068.8340624999998	1069.3340624999998	301	OPEN
1069.3340624999998	1069.8040624999999	145	EVERY
1069.8040624999999	1070.2540625	265	MONDAY
1070.2540625	1070.8440624999998	143	EVENING
1070.8440624999998	1078.373	99999	sp
1078.373	1078.531	434	THE
1078.531	1079.093	111	CRANBERRY
1079.093	1079.518	57	BOG
1079.518	1079.783	178	GETS
1079.783	1080.106	465	VERY
1080.106	1080.362	340	PRETTY
1080.362	1080.493	217	IN
1080.493	1080.862	40	AUTUMN
1080.862	1088.7718125	99999	sp
1088.7718125	1088.9028125	476	WE
1088.9028125	1089.3728124999998	480	WELCOME
1089.3728124999998	1089.6528125	256	MANY
1089.6528125	1089.8028124999998	282	NEW
1089.8028124999998	1090.2088124999998	408	STUDENTS
1090.2088124999998	1090.4378124999998	132	EACH
1090.4378124999998	1090.7528125	491	YEAR
1090.7528125	1098.0565	99999	sp
1098.0565	1098.2815	210	HOW
1098.2815	1098.4325	128	DO
1098.4325	1098.9425	318	OYSTERS
1098.9425	1099.1475	253	MAKE
1099.1475	1099.6925	320	PEARLS
1099.6925	1108.0221875	99999	sp
1108.0221875	1108.5271875	75	CALCIUM
1108.5271875	1108.8431875	254	MAKES
1108.8431875	1109.1571875	58	BONES
1109.1571875	1109.2881875	20	AND
1109.2881875	1109.4981875	430	TEETH
1109.4981875	1109.9781875	406	STRONG
1109.9781875	1117.62075	99999	sp
1117.62075	1117.72575	224	IS
1117.72575	1117.95775	375	SHE
1117.95775	1118.26475	187	GOING
1118.26475	1118.4927500000001	487	WITH
1118.4927500000001	1118.6557500000001	495	YOU
1118.6557500000001	1126.3356875	99999	sp
1126.3356875	1126.6786875	298	ONLY
1126.6786875	1126.8706875	434	THE
1126.8706875	1127.2216875	51	BEST
1127.2216875	1127.6486875	330	PLAYERS
1127.6486875	1128.0356875	139	ENJOY
1128.0356875	1128.8086875	336	POPULARITY
1128.8086875	1152.1925625	99999	sp
1152.1925625	1152.3015624999998	30	ARE
1152.3015624999998	1152.4575624999998	496	YOUR
1152.4575624999998	1152.7475624999997	192	GRADES
1152.7475624999997	1153.1415625	206	HIGHER
1153.1415625	1153.2625624999998	302	OR
1153.2625624999998	1153.5515624999998	251	LOWER
1153.5515624999998	1153.7025624999999	432	THAN
1153.7025624999999	1154.3825625	275	NANCY'S
1154.3825625	1161.5980625	99999	sp
1161.5980625	1161.8050624999998	375	SHE
1161.8050624999998	1162.1260624999998	490	WORE
1162.1260624999998	1162.7010625	471	WARM
1162.7010625	1163.0660624999998	158	FLEECY
1163.0660624999998	1163.4910625	489	WOOLEN
1163.4910625	1164.2560624999999	311	OVERALLS
1164.2560624999999	1171.0435625	99999	sp
1171.0435625	1171.3385624999999	354	READING
1171.3385624999999	1171.5055625	217	IN
1171.5055625	1171.7675625	335	POOR
1171.7675625	1172.0315625	240	LIGHT
1172.0315625	1172.2435625	181	GIVES
1172.2435625	1172.3775625	495	YOU
1172.3775625	1172.9975625	150	EYESTRAIN
1172.9975625	1179.9058125	99999	sp
1179.9058125	1180.1158125	142	EVEN
1180.1158125	1180.3858125	211	I
1180.3858125	1180.8588124999999	293	OCCASIONALLY
1180.8588124999999	1181.0298124999997	177	GET
1181.0298124999997	1181.0848124999998	434	THE
1181.0848124999998	1181.4028124999998	265	MONDAY
1181.4028124999998	1181.9248124999997	56	BLUES
1181.9248124999997	1188.6571875	99999	sp
1188.6571875	1188.7301874999998	476	WE
1188.7301874999998	1188.9091875	30	ARE
1188.9091875	1189.2901875	301	OPEN
1189.2901875	1189.5701875	145	EVERY
1189.5701875	1189.8891875	265	MONDAY
1189.8891875	1190.3691875	143	EVENING
1190.3691875	1197.796375	99999	sp
1197.796375	1197.992375	226	IT'S
1197.992375	1198.171375	285	NOT
1198.171375	1198.509375	133	EASY
1198.509375	1198.683375	446	TO
1198.683375	1198.872375	113	CREATE
1198.872375	1199.421375	215	ILLUMINATING
1199.421375	1200.311375	146	EXAMPLES
1200.311375	1206.8465	99999	sp
1206.8465	1207.1025	270	MUM
1207.1025	1207.5755000000001	407	STRONGLY
1207.5755000000001	1207.9525	126	DISLIKES
1207.9525	1208.7335	27	APPETIZERS
1208.7335	1215.87675	99999	sp
1215.87675	1216.09475	443	THOSE
1216.09475	1216.25775	484	WHO
1216.25775	1216.53375	427	TEACH
1216.53375	1216.94375	462	VALUES
1216.94375	1217.20375	156	FIRST
1217.20375	1217.72275	88888	ABOLISHED
1217.72275	1218.14375	87	CHEATING
1218.14375	1226.1450625	99999	sp
1226.1450625	1226.2160625	434	THE
1226.2160625	1226.5930624999999	165	FRIGHTENED
1226.5930624999999	1226.8860625	89	CHILD
1226.8860625	1227.1390625	472	WAS
1227.1390625	1227.4060625	176	GENTLY
1227.4060625	1227.9340625	410	SUBDUED
1227.9340625	1228.0860625	73	BY
1228.0860625	1228.2860624999998	208	HIS
1228.2860624999998	1228.5530625	52	BIG
1228.5530625	1228.9460625	66	BROTHER
1228.9460625	1236.251875	99999	sp
1236.251875	1236.5548749999998	142	EVEN
1236.5548749999998	1236.714875	1	A
1236.714875	1237.143875	383	SIMPLE
1237.143875	1237.8308749999999	468	VOCABULARY
1237.8308749999999	1238.2638749999999	104	CONTAINS
1238.2638749999999	1238.913875	422	SYMBOLS
1238.913875	1247.2266875	99999	sp
1247.2266875	1247.3636875000002	1	A
1247.3636875000002	1247.7256875	110	CRAB
1247.7256875	1248.1836875000001	85	CHALLENGED
1248.1836875000001	1248.3796875	258	ME
1248.3796875	1248.6726875000002	70	BUT
1248.6726875000002	1249.0826875	99999	sp
1249.0826875	1249.2676875000002	1	A
1249.2676875000002	1249.4726875000001	350	QUICK
1249.4726875000001	1249.8566875000001	402	STAB
1249.8566875000001	1250.3726875	464	VANQUISHED
1250.3726875	1250.5436875	207	HIM
1250.5436875	1258.18925	99999	sp
1258.18925	1258.5752499999999	183	GLUCOSE
1258.5752499999999	1258.71525	20	AND
1258.71525	1259.21525	167	FRUCTOSE
1259.21525	1259.33825	30	ARE
1259.33825	1259.74525	276	NATURAL
1259.74525	1260.13525	414	SUGARS
1260.13525	1260.34525	163	FOUND
1260.34525	1260.46525	217	IN
1260.46525	1260.77525	168	FRUIT
1260.77525	1267.8415	99999	sp
1267.8415	1267.9605	30	ARE
1267.9605	1268.1105	495	YOU
1268.1105	1268.4105	250	LOOKING
1268.4105	1268.6105	161	FOR
1268.6105	1269.1205	136	EMPLOYMENT
1269.1205	1277.6678125	99999	sp
1277.6678125	1277.9848125	98	COFFEE
1277.9848125	1278.1598125	224	IS
1278.1598125	1278.4158125000001	198	GROWN
1278.4158125000001	1278.5748125	297	ON
1278.5748125	1278.9918125	404	STEEP
1278.9918125	1279.2758125	231	JUNGLE
1279.2758125	1279.4538125000001	241	LIKE
1279.4538125000001	1279.8248125	390	SLOPES
1279.8248125	1279.9898125	217	IN
1279.9898125	1280.3658125	431	TEMPERATE
1280.3658125	1280.9458125	497	ZONES
1280.9458125	1287.5615	99999	sp
1287.5615	1287.6785	476	WE
1287.6785	1288.0775	480	WELCOME
1288.0775	1288.3375	256	MANY
1288.3375	1288.4885	282	NEW
1288.4885	1288.9585	408	STUDENTS
1288.9585	1289.2005	132	EACH
1289.2005	1289.4075	491	YEAR
1289.4075	1296.5766875	99999	sp
1296.5766875	1296.8146875	298	ONLY
1296.8146875	1296.9926874999999	434	THE
1296.9926874999999	1297.3206874999998	51	BEST
1297.3206874999998	1297.7546874999998	330	PLAYERS
1297.7546874999998	1298.1046875	139	ENJOY
1298.1046875	1298.8756875	336	POPULARITY
1298.8756875	1306.09175	99999	sp
1306.09175	1306.53575	75	CALCIUM
1306.53575	1306.8477500000001	254	MAKES
1306.8477500000001	1307.42975	58	BONES
1307.42975	1307.61875	20	AND
1307.61875	1307.81575	430	TEETH
1307.81575	1308.24675	406	STRONG
1308.24675	1315.1930625	99999	sp
1315.1930625	1315.4950625000001	286	NOTHING
1315.4950625000001	1315.6960625000002	224	IS
1315.6960625000002	1315.8870625	34	AS
1315.8870625	1316.4150625	295	OFFENSIVE
1316.4150625	1316.6350625	34	AS
1316.6350625	1317.3660625	219	INNOCENCE
1317.3660625	1324.302	99999	sp
1324.302	1324.672	405	STEVE
1324.672	1324.998	490	WORE
1324.998	1325.238	65	BRIGHT
1325.238	1325.5439999999999	356	RED
1325.5439999999999	1326.018	78	CASHMERE
1326.018	1326.618	88888	SWEATHER
1326.618	1334.103875	99999	sp
1334.103875	1334.4138750000002	46	BARB'S
1334.4138750000002	1334.641875	188	GOLD
1334.641875	1335.0208750000002	63	BRACELET
1335.0208750000002	1335.2208750000002	472	WAS
1335.2208750000002	1335.292875	1	A
1335.292875	1335.9708750000002	193	GRADUATION
1335.9708750000002	1336.3208750000001	339	PRESENT
1336.3208750000001	1344.4583125	99999	sp
1344.4583125	1344.7073125	130	DRAW
1344.7073125	1345.0173125	145	EVERY
1345.0173125	1345.3873125	308	OUTER
1345.3873125	1345.6773125	244	LINE
1345.6773125	1346.1693125	156	FIRST
1346.1693125	1346.3173124999998	436	THEN
1346.3173124999998	1346.5173125	154	FILL
1346.5173125	1346.6863125	217	IN
1346.6863125	1346.7573125	434	THE
1346.7573125	1347.3473124999998	222	INTERIOR
1347.3473124999998	1355.068	99999	sp
1355.068	1355.1299999999999	434	THE
1355.1299999999999	1355.526	475	WATER
1355.526	1355.947	103	CONTAINED
1355.947	1356.066	448	TOO
1356.066	1356.315	269	MUCH
1356.315	1356.816	90	CHLORINE
1356.816	1357.006	20	AND
1357.006	1357.326	409	STUNG
1357.326	1357.5159999999998	208	HIS
1357.5159999999998	1357.9859999999999	149	EYES
1357.9859999999999	1364.6384134414768	99999	sp
1364.6384134414768	1365.0584134414767	229	JOHN'S
1365.0584134414767	1365.3114134414768	66	BROTHER
1365.3114134414768	1365.8144134414767	363	REPAINTED
1365.8144134414767	1365.9294134414768	434	THE
1365.9294134414768	1366.5024134414768	173	GARAGE
1366.5024134414768	1374.4961875	99999	sp
1374.4961875	1374.9031875	84	CHALLENGE
1374.9031875	1375.0701875	132	EACH
1375.0701875	1375.6111875	175	GENERAL'S
1375.6111875	1376.4411874999998	221	INTELLIGENCE
1376.4411874999998	1384.51475	99999	sp
1384.51475	1385.31975	17	AMBIDEXTROUS
1385.31975	1385.8617500000003	327	PICKPOCKETS
1385.8617500000003	1386.2987500000002	6	ACCOMPLISH
1386.2987500000002	1386.6237500000002	267	MORE
1386.6237500000002	1393.757875	99999	sp
1393.757875	1393.800875	1	A
1393.800875	1394.347875	271	MUSCULAR
1394.347875	1394.717875	2	ABDOMEN
1394.717875	1394.987875	224	IS
1394.987875	1395.127875	189	GOOD
1395.127875	1395.287875	161	FOR
1395.287875	1395.415875	496	YOUR
1395.415875	1395.829875	43	BACK
1395.829875	1403.449	99999	sp
1403.449	1403.615	438	THEY
1403.615	1403.825	317	OWN
1403.825	1403.968	1	A
1403.968	1404.175	52	BIG
1404.175	1404.489	209	HOUSE
1404.489	1404.589	217	IN
1404.589	1404.749	434	THE
1404.749	1405.183	361	REMOTE
1405.183	1405.9370000000001	109	COUNTRYSIDE
1405.9370000000001	1413.18225	99999	sp
1413.18225	1413.63525	434	THE
1413.63525	1414.17725	369	ROSE
1414.17725	1414.6252499999998	106	CORSAGE
1414.6252499999998	1415.00525	393	SMELLED
1415.00525	1415.38525	421	SWEET
1415.38525	1421.696625	99999	sp
1421.696625	1421.910625	433	THAT
1421.910625	1422.524625	326	PICKPOCKET
1422.524625	1422.757625	472	WAS
1422.757625	1422.894625	80	CAUGHT
1422.894625	1423.104625	356	RED
1423.104625	1423.504625	199	HANDED
1423.504625	1431.6683125	99999	sp
1431.6683125	1431.7253125	19	AN
1431.7253125	1432.1283125	9	ADULT
1432.1283125	1432.3793125	255	MALE
1432.3793125	1432.9353125	42	BABOON'S
1432.9353125	1433.1713125	430	TEETH
1433.1713125	1433.2483125	30	ARE
1433.2483125	1433.4383125	285	NOT
1433.4383125	1433.8183125	415	SUITABLE
1433.8183125	1433.9483125	161	FOR
1433.9483125	1434.2243125	135	EATING
1434.2243125	1434.8983125	376	SHELLFISH
1434.8983125	1443.0088125	99999	sp
1443.0088125	1443.1258125	204	HER
1443.1258125	1443.6398124999998	470	WARDROBE
1443.6398124999998	1444.1048125	102	CONSISTS
1444.1048125	1444.2748124999998	294	OF
1444.2748124999998	1444.5648125	298	ONLY
1444.5648125	1445.0148124999998	385	SKIRTS
1445.0148124999998	1445.1508125	20	AND
1445.1508125	1445.8248125	54	BLOUSES
1445.8248125	1453.002125	99999	sp
1453.002125	1453.185125	434	THE
1453.185125	1453.3921249999999	453	TWO
1453.3921249999999	1453.8731249999998	33	ARTISTS
1453.8731249999998	1454.581125	147	EXCHANGED
1454.581125	1455.282125	39	AUTOGRAPHS
1455.282125	1462.7244375	99999	sp
1462.7244375	1463.2384375	71	BUTTERSCOTCH
1463.2384375	1463.6024375	169	FUDGE
1463.6024375	1463.8384375	186	GOES
1463.8384375	1464.0584375	481	WELL
1464.0584375	1464.2674375	487	WITH
1464.2674375	1464.5874375	463	VANILLA
1464.5874375	1464.9724375	212	ICE
1464.9724375	1465.2384375	112	CREAM
1465.2384375	1472.4220625	99999	sp
1472.4220625	1472.7060625	366	RICH
1472.7060625	1473.0850625	349	PURCHASED
1473.0850625	1473.5450624999999	374	SEVERAL
1473.5450624999999	1473.9250625	382	SIGNED
1473.9250625	1474.7540625	245	LITHOGRAPHS
1474.7540625	1482.158375	99999	sp
1482.158375	1482.269375	24	ANY
1482.269375	1483.0723750000002	105	CONTRIBUTIONS
1483.0723750000002	1483.145375	485	WILL
1483.145375	1483.2553750000002	47	BE
1483.2553750000002	1483.625375	195	GREATLY
1483.625375	1484.335375	28	APPRECIATED
1484.335375	1491.5064375	99999	sp
1491.5064375	1491.6414374999997	434	THE
1491.6414374999997	1492.2054374999998	111	CRANBERRY
1492.2054374999998	1492.5104374999999	57	BOG
1492.5104374999999	1492.7754374999997	178	GETS
1492.7754374999997	1493.0784374999998	465	VERY
1493.0784374999998	1493.3064375	340	PRETTY
1493.3064375	1493.4464374999998	217	IN
1493.4464374999998	1493.7854375	40	AUTUMN
1493.7854375	1500.073875	99999	sp
1500.073875	1500.2408750000002	210	HOW
1500.2408750000002	1500.359875	128	DO
1500.359875	1500.8388750000001	318	OYSTERS
1500.8388750000001	1501.036875	253	MAKE
1501.036875	1501.518875	320	PEARLS
1501.518875	1508.21575	99999	sp
1508.21575	1508.4247500000001	257	MAY
1508.4247500000001	1508.45575	211	I
1508.45575	1508.77575	304	ORDER
1508.77575	1508.86275	1	A
1508.86275	1509.23475	319	PARFAIT
1509.23475	1509.48475	10	AFTER
1509.48475	1509.51575	211	I
1509.51575	1509.72375	134	EAT
1509.72375	1510.04475	124	DINNER
1510.04475	1516.1056875	99999	sp
1516.1056875	1516.2016875	224	IS
1516.2016875	1516.4136875	375	SHE
1516.4136875	1516.7316874999997	187	GOING
1516.7316874999997	1516.9626875	487	WITH
1516.9626875	1517.1806874999997	495	YOU
1517.1806874999997	1524.5865	99999	sp
1524.5865	1524.7605	76	CAN
1524.7605	1524.8205	434	THE
1524.8205	1525.4295	11	AGENCY
1525.4295	1525.9295	315	OVERTHROW
1525.9295	1526.2904999999998	13	ALIEN
1526.2904999999998	1526.9005	162	FORCES
1526.9005	1534.8348635761413	99999	sp
1534.8348635761413	1534.8928635761413	1	A
1534.8928635761413	1535.534863576141	371	SCREWDRIVER
1535.534863576141	1535.6958635761412	224	IS
1535.6958635761412	1535.9148635761412	252	MADE
1535.9148635761412	1536.2128635761412	166	FROM
1536.2128635761412	1536.5558635761413	469	VODKA
1536.5558635761413	1536.8058635761413	20	AND
1536.8058635761413	1537.1958635761412	303	ORANGE
1537.1958635761412	1537.6358635761412	230	JUICE
1537.6358635761412	1543.493125	99999	sp
1543.493125	1543.604125	210	HOW
1543.604125	1543.845125	269	MUCH
1543.845125	1544.263125	16	ALLOWANCE
1544.263125	1544.345125	128	DO
1544.345125	1544.484125	495	YOU
1544.484125	1544.725125	177	GET
1544.725125	1552.7256875	99999	sp
1552.7256875	1553.4646875	88888	CYNICAL
1553.4646875	1553.9286875	346	PROGRAMS
1553.9286875	1554.0186875	485	WILL
1554.0186875	1554.2876875	281	NEVER
1554.2876875	1554.8576874999999	100	COMPILE
1554.8576874999999	1562.2964375	99999	sp
1562.2964375	1562.4304375	434	THE
1562.4304375	1562.9344375	61	BOSTON
1562.9344375	1563.2664375	45	BALLET
1563.2664375	1563.7514375	312	OVERCAME
1563.7514375	1563.8864374999998	435	THEIR
1563.8864374999998	1564.2274375	170	FUNDING
1564.2274375	1564.8674375	380	SHORTAGE
1564.8674375	1571.716875	99999	sp
1571.716875	1571.965875	145	EVERY
1571.965875	1572.210875	74	CAB
1572.210875	1572.5178750000002	280	NEEDS
1572.5178750000002	1572.989875	364	REPAINTING
1572.989875	1573.429875	296	OFTEN
1573.429875	1581.276625	99999	sp
1581.276625	1581.556625	203	HELP
1581.556625	1581.826625	196	GREG
1581.826625	1581.915625	446	TO
1581.915625	1582.296625	325	PICK
1582.296625	1582.4056249999999	1	A
1582.4056249999999	1582.725625	321	PECK
1582.725625	1582.806625	294	OF
1582.806625	1583.546625	338	POTATOES
1583.546625	1590.4238125	99999	sp
1590.4238125	1590.5538124999998	476	WE
1590.5538124999998	1590.8408124999999	241	LIKE
1590.8408124999999	1590.9838124999999	55	BLUE
1590.9838124999999	1591.3138125	88	CHEESE
1591.3138125	1591.4798125	70	BUT
1591.4798125	1591.7398125	466	VICTOR
1591.7398125	1592.1188124999999	242	LIKES
1592.1188124999999	1592.4108124999998	64	BRIE
1592.4108124999998	1600.5524375	99999	sp
1600.5524375	1600.7954375000002	108	COUNT
1600.7954375000002	1600.8654375	434	THE
1600.8654375	1601.2254375000002	289	NUMBER
1601.2254375000002	1601.3394375	294	OF
1601.3394375	1601.9054375	429	TEASPOONS
1601.9054375	1602.0244375000002	294	OF
1602.0244375000002	1602.5454375000002	395	SOYSAUCE
1602.5454375000002	1602.7144375	433	THAT
1602.7144375	1602.8454375000001	495	YOU
1602.8454375000001	1603.2444375	7	ADD
1603.2444375	1610.323875	99999	sp
1610.323875	1610.9068750000001	88888	BAGPIKES
1610.9068750000001	1611.1078750000001	20	AND
1611.1078750000001	1611.5368750000002	59	BONGOS
1611.5368750000002	1611.5968750000002	30	ARE
1611.5968750000002	1612.0178750000002	273	MUSICAL
1612.0178750000002	1612.7578750000002	220	INSTRUMENTS
1612.7578750000002	1618.7484375	99999	sp
1618.7484375	1618.9744374999998	210	HOW
1618.9744374999998	1619.0994374999998	189	GOOD
1619.0994374999998	1619.2754374999997	224	IS
1619.2754374999997	1619.3804374999997	496	YOUR
1619.3804374999997	1620.0904374999998	138	ENDURANCE
1620.0904374999998	1647.935875	99999	sp
1647.935875	1648.0068749999998	434	THE
1648.0068749999998	1648.3838749999998	165	FRIGHTENED
1648.3838749999998	1648.6768749999999	89	CHILD
1648.6768749999999	1648.9298749999998	472	WAS
1648.9298749999998	1649.1968749999999	176	GENTLY
1649.1968749999999	1649.7248749999999	410	SUBDUED
1649.7248749999999	1649.876875	73	BY
1649.876875	1650.0768749999997	208	HIS
1650.0768749999997	1650.3438749999998	52	BIG
1650.3438749999998	1650.7368749999998	66	BROTHER
1650.7368749999998	1658.400375	99999	sp
1658.400375	1658.5663749999999	438	THEY
1658.5663749999999	1658.776375	317	OWN
1658.776375	1658.919375	1	A
1658.919375	1659.1263749999998	52	BIG
1659.1263749999998	1659.440375	209	HOUSE
1659.440375	1659.5403749999998	217	IN
1659.5403749999998	1659.700375	434	THE
1659.700375	1660.1343749999999	361	REMOTE
1660.1343749999999	1660.888375	109	COUNTRYSIDE
1660.888375	1668.255	99999	sp
1668.255	1668.3660000000002	210	HOW
1668.3660000000002	1668.6070000000002	269	MUCH
1668.6070000000002	1669.025	16	ALLOWANCE
1669.025	1669.1070000000002	128	DO
1669.1070000000002	1669.246	495	YOU
1669.246	1669.487	177	GET
1669.487	1676.678875	99999	sp
1676.678875	1676.808875	476	WE
1676.808875	1677.095875	241	LIKE
1677.095875	1677.238875	55	BLUE
1677.238875	1677.5688750000002	88	CHEESE
1677.5688750000002	1677.734875	70	BUT
1677.734875	1677.994875	466	VICTOR
1677.994875	1678.373875	242	LIKES
1678.373875	1678.665875	64	BRIE
1678.665875	1685.3201875	99999	sp
1685.3201875	1685.5161875000001	226	IT'S
1685.5161875000001	1685.6951875	285	NOT
1685.6951875	1686.0331875000002	133	EASY
1686.0331875000002	1686.2071875000001	446	TO
1686.2071875000001	1686.3961875	113	CREATE
1686.3961875	1686.9451875	215	ILLUMINATING
1686.9451875	1687.8351875	146	EXAMPLES
1687.8351875	1695.3878125	99999	sp
1695.3878125	1695.6368125000001	145	EVERY
1695.6368125000001	1695.8818125	74	CAB
1695.8818125	1696.1888125000003	280	NEEDS
1696.1888125000003	1696.6608125	364	REPAINTING
1696.6608125	1697.1008125	296	OFTEN
1697.1008125	1704.025375	99999	sp
1704.025375	1704.159375	434	THE
1704.159375	1704.663375	61	BOSTON
1704.663375	1704.995375	45	BALLET
1704.995375	1705.480375	312	OVERCAME
1705.480375	1705.6153749999999	435	THEIR
1705.6153749999999	1705.956375	170	FUNDING
1705.956375	1706.596375	380	SHORTAGE
1706.596375	1713.7021875	99999	sp
1713.7021875	1713.9861875	366	RICH
1713.9861875	1714.3651875	349	PURCHASED
1714.3651875	1714.8251874999999	374	SEVERAL
1714.8251874999999	1715.2051875	382	SIGNED
1715.2051875	1716.0341875	245	LITHOGRAPHS
1716.0341875	1723.78325	99999	sp
1723.78325	1723.96625	434	THE
1723.96625	1724.1732499999998	453	TWO
1724.1732499999998	1724.6542499999998	33	ARTISTS
1724.6542499999998	1725.36225	147	EXCHANGED
1725.36225	1726.06325	39	AUTOGRAPHS
1726.06325	1733.50425	99999	sp
1733.50425	1733.89025	183	GLUCOSE
1733.89025	1734.03025	20	AND
1734.03025	1734.53025	167	FRUCTOSE
1734.53025	1734.65325	30	ARE
1734.65325	1735.06025	276	NATURAL
1735.06025	1735.45025	414	SUGARS
1735.45025	1735.6602500000001	163	FOUND
1735.6602500000001	1735.78025	217	IN
1735.78025	1736.09025	168	FRUIT
1736.09025	1743.6631875	99999	sp
1743.6631875	1743.9431875	203	HELP
1743.9431875	1744.2131875	196	GREG
1744.2131875	1744.3021875000002	446	TO
1744.3021875000002	1744.6831875	325	PICK
1744.6831875	1744.7921875	1	A
1744.7921875	1745.1121875000001	321	PECK
1745.1121875000001	1745.1931875	294	OF
1745.1931875	1745.9331875	338	POTATOES
1745.9331875	1753.2098125	99999	sp
1753.2098125	1753.4658124999999	270	MUM
1753.4658124999999	1753.9388125	407	STRONGLY
1753.9388125	1754.3158125	126	DISLIKES
1754.3158125	1755.0968125	27	APPETIZERS
1755.0968125	1760.82275	99999	sp
1760.82275	1761.03175	257	MAY
1761.03175	1761.06275	211	I
1761.06275	1761.38275	304	ORDER
1761.38275	1761.46975	1	A
1761.46975	1761.84175	319	PARFAIT
1761.84175	1762.09175	10	AFTER
1762.09175	1762.12275	211	I
1762.12275	1762.33075	134	EAT
1762.33075	1762.65175	124	DINNER
1762.65175	1772.0840625	99999	sp
1772.0840625	1772.3270625000002	108	COUNT
1772.3270625000002	1772.3970625000002	434	THE
1772.3970625000002	1772.7570625000003	289	NUMBER
1772.7570625000003	1772.8710625	294	OF
1772.8710625	1773.4370625000001	429	TEASPOONS
1773.4370625000001	1773.5560625000003	294	OF
1773.5560625000003	1774.0770625000002	395	SOYSAUCE
1774.0770625000002	1774.2460625	433	THAT
1774.2460625	1774.3770625000002	495	YOU
1774.3770625000002	1774.7760625	7	ADD
1774.7760625	1781.949475941477	99999	sp
1781.949475941477	1782.3694759414768	229	JOHN'S
1782.3694759414768	1782.622475941477	66	BROTHER
1782.622475941477	1783.125475941477	363	REPAINTED
1783.125475941477	1783.240475941477	434	THE
1783.240475941477	1783.813475941477	173	GARAGE
1783.813475941477	1790.7994375	99999	sp
1790.7994375	1791.0944375	354	READING
1791.0944375	1791.2614375	217	IN
1791.2614375	1791.5234375	335	POOR
1791.5234375	1791.7874375000001	240	LIGHT
1791.7874375000001	1791.9994375	181	GIVES
1791.9994375	1792.1334375000001	495	YOU
1792.1334375000001	1792.7534375	150	EYESTRAIN
1792.7534375	1799.5133125	99999	sp
1799.5133125	1799.9203125000001	84	CHALLENGE
1799.9203125000001	1800.0873125	132	EACH
1800.0873125	1800.6283125	175	GENERAL'S
1800.6283125	1801.4583125	221	INTELLIGENCE
1801.4583125	1809.2425	99999	sp
1809.2425	1809.7565	71	BUTTERSCOTCH
1809.7565	1810.1205	169	FUDGE
1810.1205	1810.3565	186	GOES
1810.3565	1810.5765000000001	481	WELL
1810.5765000000001	1810.7855	487	WITH
1810.7855	1811.1055000000001	463	VANILLA
1811.1055000000001	1811.4905	212	ICE
1811.4905	1811.7565	112	CREAM
1811.7565	1818.8105	99999	sp
1818.8105	1818.9845000000003	76	CAN
1818.9845000000003	1819.0445000000002	434	THE
1819.0445000000002	1819.6535000000001	11	AGENCY
1819.6535000000001	1820.1535000000001	315	OVERTHROW
1820.1535000000001	1820.5145	13	ALIEN
1820.5145	1821.1245000000001	162	FORCES
1821.1245000000001	1828.775625	99999	sp
1828.775625	1829.514625	88888	CYNICAL
1829.514625	1829.978625	346	PROGRAMS
1829.978625	1830.0686249999999	485	WILL
1830.0686249999999	1830.337625	281	NEVER
1830.337625	1830.9076249999998	100	COMPILE
1830.9076249999998	1839.3153125	99999	sp
1839.3153125	1839.4523125	1	A
1839.4523125	1839.8143125	110	CRAB
1839.8143125	1840.2723125	85	CHALLENGED
1840.2723125	1840.4683125	258	ME
1840.4683125	1840.7613125	70	BUT
1840.7613125	1841.1713124999999	99999	sp
1841.1713124999999	1841.3563125	1	A
1841.3563125	1841.5613125	350	QUICK
1841.5613125	1841.9453125	402	STAB
1841.9453125	1842.4613124999998	464	VANQUISHED
1842.4613124999998	1842.6323125	207	HIM
1842.6323125	1850.498875	99999	sp
1850.498875	1851.303875	17	AMBIDEXTROUS
1851.303875	1851.8458750000002	327	PICKPOCKETS
1851.8458750000002	1852.282875	6	ACCOMPLISH
1852.282875	1852.6078750000001	267	MORE
1852.6078750000001	1859.4701875	99999	sp
1859.4701875	1859.6881875000001	443	THOSE
1859.6881875000001	1859.8511875000002	484	WHO
1859.8511875000002	1860.1271875000002	427	TEACH
1860.1271875000002	1860.5371875	462	VALUES
1860.5371875	1860.7971875	156	FIRST
1860.7971875	1861.3161875	88888	ABOLISHED
1861.3161875	1861.7371875000001	87	CHEATING
1861.7371875000001	1868.814375	99999	sp
1868.814375	1869.267375	434	THE
1869.267375	1869.8093749999998	369	ROSE
1869.8093749999998	1870.2573749999997	106	CORSAGE
1870.2573749999997	1870.6373749999998	393	SMELLED
1870.6373749999998	1871.017375	421	SWEET
1871.017375	1878.018	99999	sp
1878.018	1878.601	88888	BAGPIKES
1878.601	1878.8020000000001	20	AND
1878.8020000000001	1879.2310000000002	59	BONGOS
1879.2310000000002	1879.2910000000002	30	ARE
1879.2910000000002	1879.7120000000002	273	MUSICAL
1879.7120000000002	1880.4520000000002	220	INSTRUMENTS
1880.4520000000002	1887.434875	99999	sp
1887.434875	1887.5538749999998	30	ARE
1887.5538749999998	1887.703875	495	YOU
1887.703875	1888.0038749999999	250	LOOKING
1888.0038749999999	1888.203875	161	FOR
1888.203875	1888.713875	136	EMPLOYMENT
1888.713875	1895.98125	99999	sp
1895.98125	1896.03825	19	AN
1896.03825	1896.44125	9	ADULT
1896.44125	1896.69225	255	MALE
1896.69225	1897.24825	42	BABOON'S
1897.24825	1897.4842500000002	430	TEETH
1897.4842500000002	1897.5612500000002	30	ARE
1897.5612500000002	1897.75125	285	NOT
1897.75125	1898.1312500000001	415	SUITABLE
1898.1312500000001	1898.26125	161	FOR
1898.26125	1898.53725	135	EATING
1898.53725	1899.21125	376	SHELLFISH
1899.21125	1905.531875	99999	sp
1905.531875	1905.7388749999998	375	SHE
1905.7388749999998	1906.0598749999997	490	WORE
1906.0598749999997	1906.634875	471	WARM
1906.634875	1906.9998749999997	158	FLEECY
1906.9998749999997	1907.424875	489	WOOLEN
1907.424875	1908.1898749999998	311	OVERALLS
1908.1898749999998	1914.48725	99999	sp
1914.48725	1914.85725	405	STEVE
1914.85725	1915.18325	490	WORE
1915.18325	1915.42325	65	BRIGHT
1915.42325	1915.7292499999999	356	RED
1915.7292499999999	1916.20325	78	CASHMERE
1916.20325	1916.80325	88888	SWEATHER
1916.80325	1925.243	99999	sp
1925.243	1925.2859999999998	1	A
1925.2859999999998	1925.8329999999999	271	MUSCULAR
1925.8329999999999	1926.203	2	ABDOMEN
1926.203	1926.473	224	IS
1926.473	1926.6129999999998	189	GOOD
1926.6129999999998	1926.773	161	FOR
1926.773	1926.9009999999998	496	YOUR
1926.9009999999998	1927.3149999999998	43	BACK
1927.3149999999998	1934.3686875	99999	sp
1934.3686875	1934.6706875000002	286	NOTHING
1934.6706875000002	1934.8716875000002	224	IS
1934.8716875000002	1935.0626875	34	AS
1935.0626875	1935.5906875	295	OFFENSIVE
1935.5906875	1935.8106875	34	AS
1935.8106875	1936.5416875	219	INNOCENCE
1936.5416875	1943.1929375	99999	sp
1943.1929375	1943.4189374999999	210	HOW
1943.4189374999999	1943.5439374999999	189	GOOD
1943.5439374999999	1943.7199374999998	224	IS
1943.7199374999998	1943.8249374999998	496	YOUR
1943.8249374999998	1944.5349374999998	138	ENDURANCE
1944.5349374999998	1951.739	99999	sp
1951.739	1951.949	142	EVEN
1951.949	1952.219	211	I
1952.219	1952.692	293	OCCASIONALLY
1952.692	1952.8629999999998	177	GET
1952.8629999999998	1952.918	434	THE
1952.918	1953.2359999999999	265	MONDAY
1953.2359999999999	1953.7579999999998	56	BLUES
1953.7579999999998	1960.4643125	99999	sp
1960.4643125	1960.7813125	98	COFFEE
1960.7813125	1960.9563125	224	IS
1960.9563125	1961.2123125	198	GROWN
1961.2123125	1961.3713125	297	ON
1961.3713125	1961.7883124999998	404	STEEP
1961.7883124999998	1962.0723125	231	JUNGLE
1962.0723125	1962.2503125	241	LIKE
1962.2503125	1962.6213125	390	SLOPES
1962.6213125	1962.7863125	217	IN
1962.7863125	1963.1623124999999	431	TEMPERATE
1963.1623124999999	1963.7423125	497	ZONES
1963.7423125	1971.2495	99999	sp
1971.2495	1971.5524999999998	142	EVEN
1971.5524999999998	1971.7124999999999	1	A
1971.7124999999999	1972.1415	383	SIMPLE
1972.1415	1972.8284999999998	468	VOCABULARY
1972.8284999999998	1973.2614999999998	104	CONTAINS
1973.2614999999998	1973.9115	422	SYMBOLS
1973.9115	1980.48725	99999	sp
1980.48725	1980.5492499999998	434	THE
1980.5492499999998	1980.94525	475	WATER
1980.94525	1981.3662499999998	103	CONTAINED
1981.3662499999998	1981.48525	448	TOO
1981.48525	1981.73425	269	MUCH
1981.73425	1982.23525	90	CHLORINE
1982.23525	1982.42525	20	AND
1982.42525	1982.74525	409	STUNG
1982.74525	1982.9352499999998	208	HIS
1982.9352499999998	1983.4052499999998	149	EYES
1983.4052499999998	1989.5139375	99999	sp
1989.5139375	1989.7629375000001	130	DRAW
1989.7629375000001	1990.0729375	145	EVERY
1990.0729375	1990.4429375000002	308	OUTER
1990.4429375000002	1990.7329375000002	244	LINE
1990.7329375000002	1991.2249375000001	156	FIRST
1991.2249375000001	1991.3729375	436	THEN
1991.3729375	1991.5729375	154	FILL
1991.5729375	1991.7419375000002	217	IN
1991.7419375000002	1991.8129375	434	THE
1991.8129375	1992.4029375	222	INTERIOR
1992.4029375	1999.4919375	99999	sp
1999.4919375	1999.6089375	204	HER
1999.6089375	2000.1229374999998	470	WARDROBE
2000.1229374999998	2000.5879375	102	CONSISTS
2000.5879375	2000.7579374999998	294	OF
2000.7579374999998	2001.0479375	298	ONLY
2001.0479375	2001.4979374999998	385	SKIRTS
2001.4979374999998	2001.6339375	20	AND
2001.6339375	2002.3079375	54	BLOUSES
2002.3079375	2007.9447385761414	99999	sp
2007.9447385761414	2008.0027385761414	1	A
2008.0027385761414	2008.6447385761412	371	SCREWDRIVER
2008.6447385761412	2008.8057385761413	224	IS
2008.8057385761413	2009.0247385761413	252	MADE
2009.0247385761413	2009.3227385761413	166	FROM
2009.3227385761413	2009.6657385761414	469	VODKA
2009.6657385761414	2009.9157385761414	20	AND
2009.9157385761414	2010.3057385761413	303	ORANGE
2010.3057385761413	2010.7457385761413	230	JUICE
2010.7457385761413	2017.498875	99999	sp
2017.498875	2017.712875	433	THAT
2017.712875	2018.326875	326	PICKPOCKET
2018.326875	2018.559875	472	WAS
2018.559875	2018.6968749999999	80	CAUGHT
2018.6968749999999	2018.906875	356	RED
2018.906875	2019.306875	199	HANDED
2019.306875	2026.509625	99999	sp
2026.509625	2026.819625	46	BARB'S
2026.819625	2027.047625	188	GOLD
2027.047625	2027.426625	63	BRACELET
2027.426625	2027.626625	472	WAS
2027.626625	2027.698625	1	A
2027.698625	2028.376625	193	GRADUATION
2028.376625	2028.726625	339	PRESENT
2028.726625	2034.8110625	99999	sp
2034.8110625	2034.9200624999999	30	ARE
2034.9200624999999	2035.0760624999998	496	YOUR
2035.0760624999998	2035.3660624999998	192	GRADES
2035.3660624999998	2035.7600625	206	HIGHER
2035.7600625	2035.8810624999999	302	OR
2035.8810624999999	2036.1700624999999	251	LOWER
2036.1700624999999	2036.3210625	432	THAN
2036.3210625	2037.0010625	275	NANCY'S
2037.0010625	2045.1405	99999	sp
2045.1405	2045.2515	24	ANY
2045.2515	2046.0545000000002	105	CONTRIBUTIONS
2046.0545000000002	2046.1275	485	WILL
2046.1275	2046.2375000000002	47	BE
2046.2375000000002	2046.6075	195	GREATLY
2046.6075	2047.3175	28	APPRECIATED
2047.3175	2054.8191875	99999	sp
2054.8191875	2054.8921875	476	WE
2054.8921875	2055.0711875	30	ARE
2055.0711875	2055.4521875	301	OPEN
2055.4521875	2055.7321875000002	145	EVERY
2055.7321875000002	2056.0511875	265	MONDAY
2056.0511875	2056.5311875	143	EVENING
2056.5311875	2063.0998125	99999	sp
2063.0998125	2063.2348125	434	THE
2063.2348125	2063.7988125	111	CRANBERRY
2063.7988125	2064.1038125	57	BOG
2064.1038125	2064.3688125	178	GETS
2064.3688125	2064.6718124999998	465	VERY
2064.6718124999998	2064.8998125	340	PRETTY
2064.8998125	2065.0398125	217	IN
2065.0398125	2065.3788125	40	AUTUMN
2065.3788125	2071.8356875	99999	sp
2071.8356875	2071.9526875	476	WE
2071.9526875	2072.3516875	480	WELCOME
2072.3516875	2072.6116875	256	MANY
2072.6116875	2072.7626874999996	282	NEW
2072.7626874999996	2073.2326875	408	STUDENTS
2073.2326875	2073.4746875	132	EACH
2073.4746875	2073.6816875	491	YEAR
2073.6816875	2080.3945	99999	sp
2080.3945	2080.5615	210	HOW
2080.5615	2080.6805	128	DO
2080.6805	2081.1594999999998	318	OYSTERS
2081.1594999999998	2081.3575	253	MAKE
2081.3575	2081.8395	320	PEARLS
2081.8395	2088.6715	99999	sp
2088.6715	2089.1155	75	CALCIUM
2089.1155	2089.4275	254	MAKES
2089.4275	2090.0095	58	BONES
2090.0095	2090.1985	20	AND
2090.1985	2090.3954999999996	430	TEETH
2090.3954999999996	2090.8265	406	STRONG
2090.8265	2097.935	99999	sp
2097.935	2098.031	224	IS
2098.031	2098.243	375	SHE
2098.243	2098.5609999999997	187	GOING
2098.5609999999997	2098.792	487	WITH
2098.792	2099.0099999999998	495	YOU
2099.0099999999998	2104.850875	99999	sp
2104.850875	2105.0888750000004	298	ONLY
2105.0888750000004	2105.2668750000003	434	THE
2105.2668750000003	2105.594875	51	BEST
2105.594875	2106.028875	330	PLAYERS
2106.028875	2106.3788750000003	139	ENJOY
2106.3788750000003	2107.149875	336	POPULARITY
2107.149875	2142.4084375	99999	sp
2142.4084375	2142.4804375000003	30	ARE
2142.4804375000003	2142.6844375000005	496	YOUR
2142.6844375000005	2142.9714375000003	192	GRADES
2142.9714375000003	2143.2904375000003	206	HIGHER
2143.2904375000003	2143.4714375000003	302	OR
2143.4714375000003	2143.7904375000003	251	LOWER
2143.7904375000003	2143.9414375000006	432	THAN
2143.9414375000006	2144.6704375000004	275	NANCY'S
2144.6704375000004	2152.248	99999	sp
2152.248	2152.414	375	SHE
2152.414	2153.05	490	WORE
2153.05	2153.5550000000003	471	WARM
2153.5550000000003	2154.094	158	FLEECY
2154.094	2154.395	489	WOOLEN
2154.395	2155.154	311	OVERALLS
2155.154	2161.420375	99999	sp
2161.420375	2161.7023750000003	354	READING
2161.7023750000003	2161.8923750000004	217	IN
2161.8923750000004	2162.1423750000004	335	POOR
2162.1423750000004	2162.389375	240	LIGHT
2162.389375	2162.592375	181	GIVES
2162.592375	2162.7223750000003	495	YOU
2162.7223750000003	2163.3523750000004	150	EYESTRAIN
2163.3523750000004	2170.8288125	99999	sp
2170.8288125	2171.1148125	142	EVEN
2171.1148125	2171.3588125	211	I
2171.3588125	2171.8968125	293	OCCASIONALLY
2171.8968125	2172.0438125	177	GET
2172.0438125	2172.1088125	434	THE
2172.1088125	2172.4668125	265	MONDAY
2172.4668125	2172.9188125	56	BLUES
2172.9188125	2179.61125	99999	sp
2179.61125	2179.72025	476	WE
2179.72025	2179.87025	30	ARE
2179.87025	2180.15625	301	OPEN
2180.15625	2180.41925	145	EVERY
2180.41925	2180.69025	265	MONDAY
2180.69025	2181.16925	143	EVENING
2181.16925	2188.939	99999	sp
2188.939	2189.128	226	IT'S
2189.128	2189.32	285	NOT
2189.32	2189.772	133	EASY
2189.772	2190.003	446	TO
2190.003	2190.329	113	CREATE
2190.329	2191.029	215	ILLUMINATING
2191.029	2191.789	146	EXAMPLES
2191.789	2198.4388125	99999	sp
2198.4388125	2198.6578124999996	270	MUM
2198.6578124999996	2199.1388125	407	STRONGLY
2199.1388125	2199.5378124999997	126	DISLIKES
2199.5378124999997	2200.3768124999997	27	APPETIZERS
2200.3768124999997	2207.2865625	99999	sp
2207.2865625	2207.5355625	443	THOSE
2207.5355625	2207.8265625000004	484	WHO
2207.8265625000004	2208.2185625	427	TEACH
2208.2185625	2208.6445625	462	VALUES
2208.6445625	2208.8945625	156	FIRST
2208.8945625	2209.3575625000003	4	ABOLISH
2209.3575625000003	2209.7355625	87	CHEATING
2209.7355625	2217.4769375	99999	sp
2217.4769375	2217.5589375	434	THE
2217.5589375	2217.9229375	165	FRIGHTENED
2217.9229375	2218.1729375	89	CHILD
2218.1729375	2218.4129375	472	WAS
2218.4129375	2218.7329375	176	GENTLY
2218.7329375	2219.2259375	410	SUBDUED
2219.2259375	2219.3929375000002	73	BY
2219.3929375000002	2219.6549375	208	HIS
2219.6549375	2219.8719375	52	BIG
2219.8719375	2220.2929375	66	BROTHER
2220.2929375	2227.5670625	99999	sp
2227.5670625	2227.8020625	142	EVEN
2227.8020625	2227.8710625	1	A
2227.8710625	2228.3310625	383	SIMPLE
2228.3310625	2228.9400625	468	VOCABULARY
2228.9400625	2229.3610625	104	CONTAINS
2229.3610625	2230.0100625	422	SYMBOLS
2230.0100625	2237.2891875	99999	sp
2237.2891875	2237.3931875000003	1	A
2237.3931875000003	2237.7011875000003	110	CRAB
2237.7011875000003	2238.1291875	85	CHALLENGED
2238.1291875	2238.3711875000004	258	ME
2238.3711875000004	2238.4891875000003	70	BUT
2238.4891875000003	2238.5911875	1	A
2238.5911875	2238.7691875000005	350	QUICK
2238.7691875000005	2239.0901875000004	402	STAB
2239.0901875000004	2239.1681875000004	99999	sp
2239.1681875000004	2239.6191875000004	464	VANQUISHED
2239.6191875000004	2239.8091875000005	207	HIM
2239.8091875000005	2247.3506875	99999	sp
2247.3506875	2247.7736875	183	GLUCOSE
2247.7736875	2247.9356875	20	AND
2247.9356875	2248.3716875	167	FRUCTOSE
2248.3716875	2248.5966875	30	ARE
2248.5966875	2248.9576875	276	NATURAL
2248.9576875	2249.3666875	414	SUGARS
2249.3666875	2249.5966875	163	FOUND
2249.5966875	2249.6846874999997	217	IN
2249.6846874999997	2250.0056875	168	FRUIT
2250.0056875	2255.6763125	99999	sp
2255.6763125	2255.7433125000002	30	ARE
2255.7433125000002	2255.8243125000004	495	YOU
2255.8243125000004	2256.1463125000005	250	LOOKING
2256.1463125000005	2256.3153125000003	161	FOR
2256.3153125000003	2256.8463125000003	136	EMPLOYMENT
2256.8463125000003	2265.001375	99999	sp
2265.001375	2265.2923749999995	98	COFFEE
2265.2923749999995	2265.481375	224	IS
2265.481375	2265.7923749999995	198	GROWN
2265.7923749999995	2266.001375	297	ON
2266.001375	2266.4183749999997	404	STEEP
2266.4183749999997	2266.751375	231	JUNGLE
2266.751375	2266.952375	241	LIKE
2266.952375	2267.3413749999995	390	SLOPES
2267.3413749999995	2267.5073749999997	217	IN
2267.5073749999997	2267.925375	431	TEMPERATE
2267.925375	2268.4823749999996	497	ZONES
2268.4823749999996	2275.0130625	99999	sp
2275.0130625	2275.1180625000006	476	WE
2275.1180625000006	2275.4720625000004	480	WELCOME
2275.4720625000004	2275.7410625	256	MANY
2275.7410625	2275.8920625000005	282	NEW
2275.8920625000005	2276.2620625000004	408	STUDENTS
2276.2620625000004	2276.4870625000003	132	EACH
2276.4870625000003	2276.7410625	491	YEAR
2276.7410625	2283.5769375	99999	sp
2283.5769375	2283.7589375	298	ONLY
2283.7589375	2283.9519375	434	THE
2283.9519375	2284.2159375	51	BEST
2284.2159375	2284.4989375	330	PLAYERS
2284.4989375	2284.8999375	139	ENJOY
2284.8999375	2285.6389375	336	POPULARITY
2285.6389375	2291.9208125	99999	sp
2291.9208125	2292.3288125	75	CALCIUM
2292.3288125	2292.6288125	254	MAKES
2292.6288125	2292.8788125	58	BONES
2292.8788125	2293.0488125	20	AND
2293.0488125	2293.2388125	430	TEETH
2293.2388125	2293.6788125	406	STRONG
2293.6788125	2300.2281875	99999	sp
2300.2281875	2300.6031875	286	NOTHING
2300.6031875	2300.8221875	224	IS
2300.8221875	2301.0221875	34	AS
2301.0221875	2301.5331875	295	OFFENSIVE
2301.5331875	2301.7531875	34	AS
2301.7531875	2302.4431875	219	INNOCENCE
2302.4431875	2308.98025	99999	sp
2308.98025	2309.1642500000003	375	SHE
2309.1642500000003	2309.4732500000005	490	WORE
2309.4732500000005	2309.5642500000004	1	A
2309.5642500000004	2309.8742500000003	65	BRIGHT
2309.8742500000003	2310.20125	356	RED
2310.20125	2310.62525	78	CASHMERE
2310.62525	2311.1352500000003	420	SWEATER
2311.1352500000003	2318.20925	99999	sp
2318.20925	2318.53625	46	BARB'S
2318.53625	2318.75225	188	GOLD
2318.75225	2319.17425	63	BRACELET
2319.17425	2319.43325	472	WAS
2319.43325	2320.03225	193	GRADUATION
2320.03225	2320.45425	339	PRESENT
2320.45425	2328.1235	99999	sp
2328.1235	2328.3645	130	DRAW
2328.3645	2328.7045000000003	145	EVERY
2328.7045000000003	2328.9745000000003	308	OUTER
2328.9745000000003	2329.1955000000003	244	LINE
2329.1955000000003	2329.5975000000003	156	FIRST
2329.5975000000003	2329.7425000000003	436	THEN
2329.7425000000003	2329.9745000000003	154	FILL
2329.9745000000003	2330.1085000000003	217	IN
2330.1085000000003	2330.1655	434	THE
2330.1655	2330.7955	222	INTERIOR
2330.7955	2338.8833125	99999	sp
2338.8833125	2338.9263125	434	THE
2338.9263125	2339.3393125000002	475	WATER
2339.3393125000002	2339.7543125	103	CONTAINED
2339.7543125	2339.8863125000003	448	TOO
2339.8863125000003	2340.1293125	269	MUCH
2340.1293125	2340.5973125	90	CHLORINE
2340.5973125	2340.7953125000004	20	AND
2340.7953125000004	2341.1303125000004	409	STUNG
2341.1303125000004	2341.3143125	208	HIS
2341.3143125	2341.8053125	149	EYES
2341.8053125	2348.3181875	99999	sp
2348.3181875	2348.7101875000003	229	JOHN'S
2348.7101875000003	2348.9511875000003	66	BROTHER
2348.9511875000003	2349.4411875	363	REPAINTED
2349.4411875	2349.5021875	434	THE
2349.5021875	2349.8721875	173	GARAGE
2349.8721875	2350.1521875000003	129	DOOR
2350.1521875000003	2356.5928125	99999	sp
2356.5928125	2357.0128125	84	CHALLENGE
2357.0128125	2357.3038125000003	132	EACH
2357.3038125000003	2357.7428125	175	GENERAL'S
2357.7428125	2358.5338125000003	221	INTELLIGENCE
2358.5338125000003	2365.2049375	99999	sp
2365.2049375	2365.9549375	17	AMBIDEXTROUS
2365.9549375	2366.5349375	327	PICKPOCKETS
2366.5349375	2367.0039375	6	ACCOMPLISH
2367.0039375	2367.2639375000003	267	MORE
2367.2639375000003	2373.514625	99999	sp
2373.514625	2373.6036249999997	1	A
2373.6036249999997	2374.0936249999995	271	MUSCULAR
2374.0936249999995	2374.524625	2	ABDOMEN
2374.524625	2374.733625	224	IS
2374.733625	2374.8846249999997	189	GOOD
2374.8846249999997	2375.014625	161	FOR
2375.014625	2375.113625	496	YOUR
2375.113625	2375.5046249999996	43	BACK
2375.5046249999996	2382.552625	99999	sp
2382.552625	2382.675625	438	THEY
2382.675625	2382.8646249999997	317	OWN
2382.8646249999997	2382.9896249999997	1	A
2382.9896249999997	2383.164625	52	BIG
2383.164625	2383.494625	209	HOUSE
2383.494625	2383.575625	217	IN
2383.575625	2383.644625	434	THE
2383.644625	2383.974625	361	REMOTE
2383.974625	2384.634625	109	COUNTRYSIDE
2384.634625	2390.4335	99999	sp
2390.4335	2390.5114999999996	434	THE
2390.5114999999996	2390.8475	369	ROSE
2390.8475	2391.2325	106	CORSAGE
2391.2325	2391.5525	393	SMELLED
2391.5525	2391.8624999999997	421	SWEET
2391.8624999999997	2397.935125	99999	sp
2397.935125	2398.1111250000004	433	THAT
2398.1111250000004	2398.536125	326	PICKPOCKET
2398.536125	2398.723125	472	WAS
2398.723125	2398.906125	80	CAUGHT
2398.906125	2399.079125	356	RED
2399.079125	2399.5171250000003	199	HANDED
2399.5171250000003	2407.1694375	99999	sp
2407.1694375	2407.2324375000003	19	AN
2407.2324375000003	2407.5694375000003	9	ADULT
2407.5694375000003	2407.8084375000003	255	MALE
2407.8084375000003	2408.3014375000002	42	BABOON'S
2408.3014375000002	2408.5304375	430	TEETH
2408.5304375	2408.6194375	30	ARE
2408.6194375	2408.7994375000003	285	NOT
2408.7994375000003	2409.1994375	415	SUITABLE
2409.1994375	2409.3504375	161	FOR
2409.3504375	2409.6584375	135	EATING
2409.6584375	2410.3104375000003	376	SHELLFISH
2410.3104375000003	2417.330375	99999	sp
2417.330375	2417.4823749999996	204	HER
2417.4823749999996	2417.941375	470	WARDROBE
2417.941375	2418.3423749999997	102	CONSISTS
2418.3423749999997	2418.4533749999996	294	OF
2418.4533749999996	2418.6233749999997	298	ONLY
2418.6233749999997	2419.033375	385	SKIRTS
2419.033375	2419.160375	20	AND
2419.160375	2419.783375	54	BLOUSES
2419.783375	2427.9426875	99999	sp
2427.9426875	2428.0796874999996	434	THE
2428.0796874999996	2428.2576875	453	TWO
2428.2576875	2428.7966874999997	33	ARTISTS
2428.7966874999997	2428.9246875	99999	sp
2428.9246875	2429.5376874999997	147	EXCHANGED
2429.5376874999997	2430.1776875	39	AUTOGRAPHS
2430.1776875	2437.3633125	99999	sp
2437.3633125	2437.8693125000004	71	BUTTERSCOTCH
2437.8693125000004	2438.2783125000005	169	FUDGE
2438.2783125000005	2438.5093125000003	186	GOES
2438.5093125000003	2438.6603125	481	WELL
2438.6603125	2438.8593125	487	WITH
2438.8593125	2439.1193125000004	463	VANILLA
2439.1193125000004	2439.4743125000005	212	ICE
2439.4743125000005	2439.7303125000003	112	CREAM
2439.7303125000003	2447.005	99999	sp
2447.005	2447.255	366	RICH
2447.255	2447.616	349	PURCHASED
2447.616	2448.1	374	SEVERAL
2448.1	2448.526	382	SIGNED
2448.526	2449.296	245	LITHOGRAPHS
2449.296	2456.10575	99999	sp
2456.10575	2456.2967500000004	24	ANY
2456.2967500000004	2457.0167500000002	105	CONTRIBUTIONS
2457.0167500000002	2457.1507500000002	485	WILL
2457.1507500000002	2457.28375	47	BE
2457.28375	2457.63675	195	GREATLY
2457.63675	2458.2377500000002	28	APPRECIATED
2458.2377500000002	2465.4615	99999	sp
2465.4615	2465.5935	434	THE
2465.5935	2466.1025	111	CRANBERRY
2466.1025	2466.3605000000002	57	BOG
2466.3605000000002	2466.5925	178	GETS
2466.5925	2466.8825	465	VERY
2466.8825	2467.1835	340	PRETTY
2467.1835	2467.2625000000003	217	IN
2467.2625000000003	2467.6135	40	AUTUMN
2467.6135	2473.5455	99999	sp
2473.5455	2473.7285	210	HOW
2473.7285	2473.8645	128	DO
2473.8645	2474.2975	318	OYSTERS
2474.2975	2474.4765	253	MAKE
2474.4765	2474.9645	320	PEARLS
2474.9645	2481.6226875	99999	sp
2481.6226875	2481.7516875	257	MAY
2481.7516875	2481.8216875000003	211	I
2481.8216875000003	2482.1016875000005	134	EAT
2482.1016875000005	2482.3156875000004	1	A
2482.3156875000004	2482.6716875	319	PARFAIT
2482.6716875	2483.0016875	10	AFTER
2483.0016875	2483.1416875000004	211	I
2483.1416875000004	2483.4036875	134	EAT
2483.4036875	2483.7116875	124	DINNER
2483.7116875	2489.2981875	99999	sp
2489.2981875	2489.3991874999997	224	IS
2489.3991874999997	2489.5601874999998	375	SHE
2489.5601874999998	2489.7791875	187	GOING
2489.7791875	2490.0101875	487	WITH
2490.0101875	2490.1991875	495	YOU
2490.1991875	2496.784875	99999	sp
2496.784875	2496.9268749999997	76	CAN
2496.9268749999997	2496.986875	434	THE
2496.986875	2497.536875	11	AGENCY
2497.536875	2498.026875	315	OVERTHROW
2498.026875	2498.390875	13	ALIEN
2498.390875	2498.976875	162	FORCES
2498.976875	2505.9307594405236	99999	sp
2505.9307594405236	2505.9597594405236	1	A
2505.9597594405236	2506.5307594405235	371	SCREWDRIVER
2506.5307594405235	2506.710759440524	224	IS
2506.710759440524	2506.8997594405237	252	MADE
2506.8997594405237	2507.0997594405235	166	FROM
2507.0997594405235	2507.4597594405236	469	VODKA
2507.4597594405236	2507.699759440524	20	AND
2507.699759440524	2508.1447594405236	303	ORANGE
2508.1447594405236	2508.5497594405238	230	JUICE
2508.5497594405238	2514.3598125	99999	sp
2514.3598125	2514.4818125	210	HOW
2514.4818125	2514.7318125	269	MUCH
2514.7318125	2515.1428125	16	ALLOWANCE
2515.1428125	2515.2228125	128	DO
2515.2228125	2515.3668125	495	YOU
2515.3668125	2515.6018125	177	GET
2515.6018125	2523.0116875	99999	sp
2523.0116875	2523.7376874999995	88888	CYNICAL
2523.7376874999995	2524.1836874999995	346	PROGRAMS
2524.1836874999995	2524.2746875	485	WILL
2524.2746875	2524.5136875	281	NEVER
2524.5136875	2525.0636874999996	100	COMPILE
2525.0636874999996	2533.3359519905093	99999	sp
2533.3359519905093	2533.7429519905095	61	BOSTON
2533.7429519905095	2534.0739519905096	45	BALLET
2534.0739519905096	2534.5839519905094	312	OVERCAME
2534.5839519905094	2534.7439519905097	435	THEIR
2534.7439519905097	2535.4539519905097	170	FUNDING
2535.4539519905097	2536.0639519905094	380	SHORTAGE
2536.0639519905094	2542.8528125	99999	sp
2542.8528125	2543.1238125	145	EVERY
2543.1238125	2543.4438125	74	CAB
2543.4438125	2543.7138125	280	NEEDS
2543.7138125	2544.1498125	364	REPAINTING
2544.1498125	2544.6398125	296	OFTEN
2544.6398125	2551.3045625	99999	sp
2551.3045625	2551.6415625	203	HELP
2551.6415625	2551.7045625	99999	sp
2551.7045625	2552.0205625	196	GREG
2552.0205625	2552.2515625	321	PECK
2552.2515625	2552.4525625	1	A
2552.4525625	2552.6315625	321	PECK
2552.6315625	2552.7425625	294	OF
2552.7425625	2553.4315625	338	POTATOES
2553.4315625	2560.0754375	99999	sp
2560.0754375	2560.2024375	476	WE
2560.2024375	2560.4854375	241	LIKE
2560.4854375	2560.6824375	55	BLUE
2560.6824375	2561.0054375	88	CHEESE
2561.0054375	2561.1824375	70	BUT
2561.1824375	2561.4524375	466	VICTOR
2561.4524375	2561.7564375	242	LIKES
2561.7564375	2562.0724375	64	BRIE
2562.0724375	2569.123625	99999	sp
2569.123625	2569.3316250000003	108	COUNT
2569.3316250000003	2569.4016250000004	434	THE
2569.4016250000004	2569.7816250000005	289	NUMBER
2569.7816250000005	2569.9226250000006	294	OF
2569.9226250000006	2570.5116250000005	429	TEASPOONS
2570.5116250000005	2570.5916250000005	294	OF
2570.5916250000005	2571.1156250000004	395	SOYSAUCE
2571.1156250000004	2571.2416250000006	433	THAT
2571.2416250000006	2571.3516250000002	495	YOU
2571.3516250000002	2571.621625	7	ADD
2571.621625	2578.7625	99999	sp
2578.7625	2579.2785	44	BAGPIPES
2579.2785	2579.4405	20	AND
2579.4405	2579.8525	59	BONGOS
2579.8525	2579.9735	30	ARE
2579.9735	2580.3635	273	MUSICAL
2580.3635	2581.0634999999997	220	INSTRUMENTS
2581.0634999999997	2587.1880625	99999	sp
2587.1880625	2587.4100625	210	HOW
2587.4100625	2587.5500625	189	GOOD
2587.5500625	2587.7360625	224	IS
2587.7360625	2587.8400625	496	YOUR
2587.8400625	2588.5400625	138	ENDURANCE
2588.5400625	2624.1281875	99999	sp
2624.1281875	2624.2101875	434	THE
2624.2101875	2624.5741875	165	FRIGHTENED
2624.5741875	2624.8241875	89	CHILD
2624.8241875	2625.0641875	472	WAS
2625.0641875	2625.3841875	176	GENTLY
2625.3841875	2625.8771874999998	410	SUBDUED
2625.8771874999998	2626.0441875	73	BY
2626.0441875	2626.3061875	208	HIS
2626.3061875	2626.5231875	52	BIG
2626.5231875	2626.9441874999998	66	BROTHER
2626.9441874999998	2633.9235625	99999	sp
2633.9235625	2634.0465625	438	THEY
2634.0465625	2634.2355625	317	OWN
2634.2355625	2634.3605625	1	A
2634.3605625	2634.5355625	52	BIG
2634.5355625	2634.8655625	209	HOUSE
2634.8655625	2634.9465625000003	217	IN
2634.9465625000003	2635.0155625	434	THE
2635.0155625	2635.3455625	361	REMOTE
2635.3455625	2636.0055625000005	109	COUNTRYSIDE
2636.0055625000005	2642.272375	99999	sp
2642.272375	2642.3943750000003	210	HOW
2642.3943750000003	2642.6443750000003	269	MUCH
2642.6443750000003	2643.0553750000004	16	ALLOWANCE
2643.0553750000004	2643.1353750000003	128	DO
2643.1353750000003	2643.279375	495	YOU
2643.279375	2643.514375	177	GET
2643.514375	2650.2240625	99999	sp
2650.2240625	2650.3510625	476	WE
2650.3510625	2650.6340625	241	LIKE
2650.6340625	2650.8310625	55	BLUE
2650.8310625	2651.1540625	88	CHEESE
2651.1540625	2651.3310625	70	BUT
2651.3310625	2651.6010625	466	VICTOR
2651.6010625	2651.9050625	242	LIKES
2651.9050625	2652.2210625	64	BRIE
2652.2210625	2658.2826875	99999	sp
2658.2826875	2658.4716875000004	226	IT'S
2658.4716875000004	2658.6636875000004	285	NOT
2658.6636875000004	2659.1156875	133	EASY
2659.1156875	2659.3466875000004	446	TO
2659.3466875000004	2659.6726875000004	113	CREATE
2659.6726875000004	2660.3726875	215	ILLUMINATING
2660.3726875	2661.1326875000004	146	EXAMPLES
2661.1326875000004	2668.32825	99999	sp
2668.32825	2668.59925	145	EVERY
2668.59925	2668.9192500000004	74	CAB
2668.9192500000004	2669.1892500000004	280	NEEDS
2669.1892500000004	2669.62525	364	REPAINTING
2669.62525	2670.1152500000003	296	OFTEN
2670.1152500000003	2677.0550769905094	99999	sp
2677.0550769905094	2677.4620769905096	61	BOSTON
2677.4620769905096	2677.7930769905097	45	BALLET
2677.7930769905097	2678.3030769905095	312	OVERCAME
2678.3030769905095	2678.4630769905098	435	THEIR
2678.4630769905098	2679.17307699051	170	FUNDING
2679.17307699051	2679.7830769905095	380	SHORTAGE
2679.7830769905095	2686.90975	99999	sp
2686.90975	2687.15975	366	RICH
2687.15975	2687.5207499999997	349	PURCHASED
2687.5207499999997	2688.0047499999996	374	SEVERAL
2688.0047499999996	2688.4307499999995	382	SIGNED
2688.4307499999995	2689.2007499999995	245	LITHOGRAPHS
2689.2007499999995	2697.0234375	99999	sp
2697.0234375	2697.1604374999997	434	THE
2697.1604374999997	2697.3384375	453	TWO
2697.3384375	2697.8774375	33	ARTISTS
2697.8774375	2698.0054375	99999	sp
2698.0054375	2698.6184375	147	EXCHANGED
2698.6184375	2699.2584375	39	AUTOGRAPHS
2699.2584375	2706.1335	99999	sp
2706.1335	2706.5565	183	GLUCOSE
2706.5565	2706.7185	20	AND
2706.7185	2707.1545	167	FRUCTOSE
2707.1545	2707.3795	30	ARE
2707.3795	2707.7405	276	NATURAL
2707.7405	2708.1495	414	SUGARS
2708.1495	2708.3795	163	FOUND
2708.3795	2708.4674999999997	217	IN
2708.4674999999997	2708.7885	168	FRUIT
2708.7885	2715.8438125	99999	sp
2715.8438125	2716.1808125	203	HELP
2716.1808125	2716.2438125	99999	sp
2716.2438125	2716.5598124999997	196	GREG
2716.5598124999997	2716.7908125	321	PECK
2716.7908125	2716.9918125	1	A
2716.9918125	2717.1708125	321	PECK
2717.1708125	2717.2818125	294	OF
2717.2818125	2717.9708124999997	338	POTATOES
2717.9708124999997	2725.066875	99999	sp
2725.066875	2725.2858749999996	270	MUM
2725.2858749999996	2725.766875	407	STRONGLY
2725.766875	2726.1658749999997	126	DISLIKES
2726.1658749999997	2727.0048749999996	27	APPETIZERS
2727.0048749999996	2732.5758125	99999	sp
2732.5758125	2732.7048125	257	MAY
2732.7048125	2732.7748125000003	211	I
2732.7748125000003	2733.0548125000005	134	EAT
2733.0548125000005	2733.2688125000004	1	A
2733.2688125000004	2733.6248125	319	PARFAIT
2733.6248125	2733.9548125	10	AFTER
2733.9548125	2734.0948125000004	211	I
2734.0948125000004	2734.3568125	134	EAT
2734.3568125	2734.6648125	124	DINNER
2734.6648125	2742.4598125	99999	sp
2742.4598125	2742.6678125000003	108	COUNT
2742.6678125000003	2742.7378125000005	434	THE
2742.7378125000005	2743.1178125000006	289	NUMBER
2743.1178125000006	2743.2588125000007	294	OF
2743.2588125000007	2743.8478125000006	429	TEASPOONS
2743.8478125000006	2743.9278125000005	294	OF
2743.9278125000005	2744.4518125000004	395	SOYSAUCE
2744.4518125000004	2744.5778125000006	433	THAT
2744.5778125000006	2744.6878125000003	495	YOU
2744.6878125000003	2744.9578125000003	7	ADD
2744.9578125000003	2751.3021875	99999	sp
2751.3021875	2751.6941875	229	JOHN'S
2751.6941875	2751.9351875	66	BROTHER
2751.9351875	2752.4251875	363	REPAINTED
2752.4251875	2752.4861875	434	THE
2752.4861875	2752.8561875	173	GARAGE
2752.8561875	2753.1361875000002	129	DOOR
2753.1361875000002	2759.584125	99999	sp
2759.584125	2759.866125	354	READING
2759.866125	2760.056125	217	IN
2760.056125	2760.306125	335	POOR
2760.306125	2760.553125	240	LIGHT
2760.553125	2760.756125	181	GIVES
2760.756125	2760.886125	495	YOU
2760.886125	2761.516125	150	EYESTRAIN
2761.516125	2767.44525	99999	sp
2767.44525	2767.8652500000003	84	CHALLENGE
2767.8652500000003	2768.1562500000005	132	EACH
2768.1562500000005	2768.5952500000003	175	GENERAL'S
2768.5952500000003	2769.3862500000005	221	INTELLIGENCE
2769.3862500000005	2775.9140625	99999	sp
2775.9140625	2776.4200625000003	71	BUTTERSCOTCH
2776.4200625000003	2776.8290625000004	169	FUDGE
2776.8290625000004	2777.0600625	186	GOES
2777.0600625	2777.2110625	481	WELL
2777.2110625	2777.4100625	487	WITH
2777.4100625	2777.6700625000003	463	VANILLA
2777.6700625000003	2778.0250625000003	212	ICE
2778.0250625000003	2778.2810625	112	CREAM
2778.2810625	2785.68775	99999	sp
2785.68775	2785.82975	76	CAN
2785.82975	2785.8897500000003	434	THE
2785.8897500000003	2786.43975	11	AGENCY
2786.43975	2786.9297500000002	315	OVERTHROW
2786.9297500000002	2787.2937500000003	13	ALIEN
2787.2937500000003	2787.87975	162	FORCES
2787.87975	2794.8778125	99999	sp
2794.8778125	2795.6038124999995	88888	CYNICAL
2795.6038124999995	2796.0498124999995	346	PROGRAMS
2796.0498124999995	2796.1408125	485	WILL
2796.1408125	2796.3798125	281	NEVER
2796.3798125	2796.9298124999996	100	COMPILE
2796.9298124999996	2804.8610625	99999	sp
2804.8610625	2804.9650625000004	1	A
2804.9650625000004	2805.2730625000004	110	CRAB
2805.2730625000004	2805.7010625000003	85	CHALLENGED
2805.7010625000003	2805.9430625000005	258	ME
2805.9430625000005	2806.0610625000004	70	BUT
2806.0610625000004	2806.1630625000003	1	A
2806.1630625000003	2806.3410625000006	350	QUICK
2806.3410625000006	2806.6620625000005	402	STAB
2806.6620625000005	2806.7400625000005	99999	sp
2806.7400625000005	2807.1910625000005	464	VANQUISHED
2807.1910625000005	2807.3810625000006	207	HIM
2807.3810625000006	2815.306875	99999	sp
2815.306875	2816.056875	17	AMBIDEXTROUS
2816.056875	2816.636875	327	PICKPOCKETS
2816.636875	2817.105875	6	ACCOMPLISH
2817.105875	2817.3658750000004	267	MORE
2817.3658750000004	2823.9725625	99999	sp
2823.9725625	2824.2215625000003	443	THOSE
2824.2215625000003	2824.5125625000005	484	WHO
2824.5125625000005	2824.9045625000003	427	TEACH
2824.9045625000003	2825.3305625000003	462	VALUES
2825.3305625000003	2825.5805625000003	156	FIRST
2825.5805625000003	2826.0435625000005	4	ABOLISH
2826.0435625000005	2826.4215625	87	CHEATING
2826.4215625	2832.7830625	99999	sp
2832.7830625	2832.8610624999997	434	THE
2832.8610624999997	2833.1970625	369	ROSE
2833.1970625	2833.5820625	106	CORSAGE
2833.5820625	2833.9020625	393	SMELLED
2833.9020625	2834.2120625	421	SWEET
2834.2120625	2841.5299375	99999	sp
2841.5299375	2842.0459375	44	BAGPIPES
2842.0459375	2842.2079375000003	20	AND
2842.2079375000003	2842.6199375	59	BONGOS
2842.6199375	2842.7409375	30	ARE
2842.7409375	2843.1309375	273	MUSICAL
2843.1309375	2843.8309375	220	INSTRUMENTS
2843.8309375	2850.706625	99999	sp
2850.706625	2850.773625	30	ARE
2850.773625	2850.854625	495	YOU
2850.854625	2851.176625	250	LOOKING
2851.176625	2851.345625	161	FOR
2851.345625	2851.876625	136	EMPLOYMENT
2851.876625	2858.8265	99999	sp
2858.8265	2858.8895	19	AN
2858.8895	2859.2265	9	ADULT
2859.2265	2859.4655000000002	255	MALE
2859.4655000000002	2859.9585	42	BABOON'S
2859.9585	2860.1875	430	TEETH
2860.1875	2860.2765	30	ARE
2860.2765	2860.4565000000002	285	NOT
2860.4565000000002	2860.8565	415	SUITABLE
2860.8565	2861.0075	161	FOR
2861.0075	2861.3155	135	EATING
2861.3155	2861.9675	376	SHELLFISH
2861.9675	2868.0209375	99999	sp
2868.0209375	2868.1869375	375	SHE
2868.1869375	2868.8229375	490	WORE
2868.8229375	2869.3279375	471	WARM
2869.3279375	2869.8669375	158	FLEECY
2869.8669375	2870.1679375	489	WOOLEN
2870.1679375	2870.9269375	311	OVERALLS
2870.9269375	2877.086	99999	sp
2877.086	2877.27	375	SHE
2877.27	2877.579	490	WORE
2877.579	2877.67	1	A
2877.67	2877.98	65	BRIGHT
2877.98	2878.307	356	RED
2878.307	2878.7309999999998	78	CASHMERE
2878.7309999999998	2879.241	420	SWEATER
2879.241	2886.7035	99999	sp
2886.7035	2886.7925	1	A
2886.7925	2887.2825	271	MUSCULAR
2887.2825	2887.7135000000003	2	ABDOMEN
2887.7135000000003	2887.9225	224	IS
2887.9225	2888.0735	189	GOOD
2888.0735	2888.2035	161	FOR
2888.2035	2888.3025000000002	496	YOUR
2888.3025000000002	2888.6935	43	BACK
2888.6935	2895.6994375	99999	sp
2895.6994375	2896.0744375	286	NOTHING
2896.0744375	2896.2934375	224	IS
2896.2934375	2896.4934375000003	34	AS
2896.4934375000003	2897.0044375	295	OFFENSIVE
2897.0044375	2897.2244375	34	AS
2897.2244375	2897.9144375	219	INNOCENCE
2897.9144375	2904.361625	99999	sp
2904.361625	2904.583625	210	HOW
2904.583625	2904.723625	189	GOOD
2904.723625	2904.9096250000002	224	IS
2904.9096250000002	2905.013625	496	YOUR
2905.013625	2905.7136250000003	138	ENDURANCE
2905.7136250000003	2912.899625	99999	sp
2912.899625	2913.185625	142	EVEN
2913.185625	2913.429625	211	I
2913.429625	2913.967625	293	OCCASIONALLY
2913.967625	2914.114625	177	GET
2914.114625	2914.179625	434	THE
2914.179625	2914.537625	265	MONDAY
2914.537625	2914.989625	56	BLUES
2914.989625	2922.399125	99999	sp
2922.399125	2922.6901249999996	98	COFFEE
2922.6901249999996	2922.879125	224	IS
2922.879125	2923.1901249999996	198	GROWN
2923.1901249999996	2923.399125	297	ON
2923.399125	2923.816125	404	STEEP
2923.816125	2924.149125	231	JUNGLE
2924.149125	2924.350125	241	LIKE
2924.350125	2924.7391249999996	390	SLOPES
2924.7391249999996	2924.9051249999998	217	IN
2924.9051249999998	2925.323125	431	TEMPERATE
2925.323125	2925.8801249999997	497	ZONES
2925.8801249999997	2933.057625	99999	sp
2933.057625	2933.292625	142	EVEN
2933.292625	2933.361625	1	A
2933.361625	2933.821625	383	SIMPLE
2933.821625	2934.430625	468	VOCABULARY
2934.430625	2934.8516250000002	104	CONTAINS
2934.8516250000002	2935.500625	422	SYMBOLS
2935.500625	2942.3623125	99999	sp
2942.3623125	2942.4053125	434	THE
2942.4053125	2942.8183125	475	WATER
2942.8183125	2943.2333125	103	CONTAINED
2943.2333125	2943.3653125	448	TOO
2943.3653125	2943.6083125	269	MUCH
2943.6083125	2944.0763125	90	CHLORINE
2944.0763125	2944.2743125	20	AND
2944.2743125	2944.6093125	409	STUNG
2944.6093125	2944.7933125	208	HIS
2944.7933125	2945.2843125	149	EYES
2945.2843125	2952.0048125	99999	sp
2952.0048125	2952.2458125	130	DRAW
2952.2458125	2952.5858125	145	EVERY
2952.5858125	2952.8558125	308	OUTER
2952.8558125	2953.0768125	244	LINE
2953.0768125	2953.4788125	156	FIRST
2953.4788125	2953.6238125	436	THEN
2953.6238125	2953.8558125	154	FILL
2953.8558125	2953.9898125	217	IN
2953.9898125	2954.0468124999998	434	THE
2954.0468124999998	2954.6768125	222	INTERIOR
2954.6768125	2961.9699375	99999	sp
2961.9699375	2962.1219374999996	204	HER
2962.1219374999996	2962.5809375	470	WARDROBE
2962.5809375	2962.9819374999997	102	CONSISTS
2962.9819374999997	2963.0929374999996	294	OF
2963.0929374999996	2963.2629374999997	298	ONLY
2963.2629374999997	2963.6729375	385	SKIRTS
2963.6729375	2963.7999375	20	AND
2963.7999375	2964.4229375	54	BLOUSES
2964.4229375	2970.3305094405237	99999	sp
2970.3305094405237	2970.3595094405237	1	A
2970.3595094405237	2970.9305094405236	371	SCREWDRIVER
2970.9305094405236	2971.110509440524	224	IS
2971.110509440524	2971.2995094405237	252	MADE
2971.2995094405237	2971.4995094405235	166	FROM
2971.4995094405235	2971.8595094405237	469	VODKA
2971.8595094405237	2972.099509440524	20	AND
2972.099509440524	2972.5445094405236	303	ORANGE
2972.5445094405236	2972.949509440524	230	JUICE
2972.949509440524	2980.2690625	99999	sp
2980.2690625	2980.4450625000004	433	THAT
2980.4450625000004	2980.8700625	326	PICKPOCKET
2980.8700625	2981.0570625	472	WAS
2981.0570625	2981.2400625	80	CAUGHT
2981.2400625	2981.4130625000003	356	RED
2981.4130625000003	2981.8510625000004	199	HANDED
2981.8510625000004	2989.51025	99999	sp
2989.51025	2989.83725	46	BARB'S
2989.83725	2990.05325	188	GOLD
2990.05325	2990.47525	63	BRACELET
2990.47525	2990.73425	472	WAS
2990.73425	2991.33325	193	GRADUATION
2991.33325	2991.7552499999997	339	PRESENT
2991.7552499999997	2997.307	99999	sp
2997.307	2997.379	30	ARE
2997.379	2997.583	496	YOUR
2997.583	2997.87	192	GRADES
2997.87	2998.189	206	HIGHER
2998.189	2998.37	302	OR
2998.37	2998.689	251	LOWER
2998.689	2998.84	432	THAN
2998.84	2999.569	275	NANCY'S
2999.569	3009.5654375	99999	sp
3009.5654375	3009.7564375	24	ANY
3009.7564375	3010.4764375	105	CONTRIBUTIONS
3010.4764375	3010.6104375	485	WILL
3010.6104375	3010.7434375	47	BE
3010.7434375	3011.0964375	195	GREATLY
3011.0964375	3011.6974375	28	APPRECIATED
3011.6974375	3018.772875	99999	sp
3018.772875	3018.881875	476	WE
3018.881875	3019.031875	30	ARE
3019.031875	3019.317875	301	OPEN
3019.317875	3019.580875	145	EVERY
3019.580875	3019.8518750000003	265	MONDAY
3019.8518750000003	3020.330875	143	EVENING
3020.330875	3027.0681875	99999	sp
3027.0681875	3027.2001875	434	THE
3027.2001875	3027.7091875	111	CRANBERRY
3027.7091875	3027.9671875000004	57	BOG
3027.9671875000004	3028.1991875000003	178	GETS
3028.1991875000003	3028.4891875000003	465	VERY
3028.4891875000003	3028.7901875000002	340	PRETTY
3028.7901875000002	3028.8691875000004	217	IN
3028.8691875000004	3029.2201875	40	AUTUMN
3029.2201875	3035.6293125	99999	sp
3035.6293125	3035.7343125000007	476	WE
3035.7343125000007	3036.0883125000005	480	WELCOME
3036.0883125000005	3036.3573125000003	256	MANY
3036.3573125000003	3036.5083125000006	282	NEW
3036.5083125000006	3036.8783125000004	408	STUDENTS
3036.8783125000004	3037.1033125000004	132	EACH
3037.1033125000004	3037.3573125000003	491	YEAR
3037.3573125000003	3043.740125	99999	sp
3043.740125	3043.923125	210	HOW
3043.923125	3044.0591249999998	128	DO
3044.0591249999998	3044.4921249999998	318	OYSTERS
3044.4921249999998	3044.671125	253	MAKE
3044.671125	3045.1591249999997	320	PEARLS
3045.1591249999997	3052.4441875	99999	sp
3052.4441875	3052.8521875	75	CALCIUM
3052.8521875	3053.1521875000003	254	MAKES
3053.1521875000003	3053.4021875000003	58	BONES
3053.4021875000003	3053.5721875000004	20	AND
3053.5721875000004	3053.7621875000004	430	TEETH
3053.7621875000004	3054.2021875	406	STRONG
3054.2021875	3061.74425	99999	sp
3061.74425	3061.84525	224	IS
3061.84525	3062.00625	375	SHE
3062.00625	3062.22525	187	GOING
3062.22525	3062.45625	487	WITH
3062.45625	3062.64525	495	YOU
3062.64525	3068.86625	99999	sp
3068.86625	3069.04825	298	ONLY
3069.04825	3069.24125	434	THE
3069.24125	3069.50525	51	BEST
3069.50525	3069.78825	330	PLAYERS
3069.78825	3070.18925	139	ENJOY
3070.18925	3070.92825	336	POPULARITY
3070.92825	3077.75	99999	sp
