612.1138125	612.1988125	434	THE
612.1988125	612.6098125	165	FRIGHTENED
612.6098125	613.0188125	89	CHILD
613.0188125	613.3228124999999	472	WAS
613.3228124999999	613.6288125	176	GENTLY
613.6288125	614.1738124999999	410	SUBDUED
614.1738124999999	614.3598125	73	BY
614.3598125	614.6238125	208	HIS
614.6238125	615.0558125	52	BIG
615.0558125	615.4398125	66	BROTHER
615.4398125	624.5959375	99999	sp
624.5959375	624.7739375	438	THEY
624.7739375	625.0139375	317	OWN
625.0139375	625.1409375000001	1	A
625.1409375000001	625.3339375	52	BIG
625.3339375	625.7249375	209	HOUSE
625.7249375	625.9679375000001	217	IN
625.9679375000001	626.0739375	434	THE
626.0739375	626.4849375	361	REMOTE
626.4849375	627.2429374999999	109	COUNTRYSIDE
627.2429374999999	635.080875	99999	sp
635.080875	635.215875	210	HOW
635.215875	635.486875	269	MUCH
635.486875	635.947875	16	ALLOWANCE
635.947875	636.035875	128	DO
636.035875	636.226875	495	YOU
636.226875	636.456875	177	GET
636.456875	645.0114375	99999	sp
645.0114375	645.1314375000001	476	WE
645.1314375000001	645.3964375	241	LIKE
645.3964375	645.6054375000001	55	BLUE
645.6054375000001	646.0214375	88	CHEESE
646.0214375	646.1614375	70	BUT
646.1614375	646.5314375	466	VICTOR
646.5314375	646.8724375	242	LIKES
646.8724375	647.2024375000001	64	BRIE
647.2024375000001	655.34075	99999	sp
655.34075	655.6027499999999	226	IT'S
655.6027499999999	655.82475	285	NOT
655.82475	656.2027499999999	133	EASY
656.2027499999999	656.3417499999999	446	TO
656.3417499999999	656.6027499999999	113	CREATE
656.6027499999999	657.3427499999999	215	ILLUMINATING
657.3427499999999	658.15275	146	EXAMPLES
658.15275	666.8285625	99999	sp
666.8285625	667.1395624999999	145	EVERY
667.1395624999999	667.4405624999999	74	CAB
667.4405624999999	667.7665625	280	NEEDS
667.7665625	668.2715625	364	REPAINTING
668.2715625	668.8405624999999	296	OFTEN
668.8405624999999	676.277375	99999	sp
676.277375	676.470375	434	THE
676.470375	677.097375	61	BOSTON
677.097375	677.709375	45	BALLET
677.709375	678.263375	312	OVERCAME
678.263375	678.447375	435	THEIR
678.447375	678.843375	170	FUNDING
678.843375	679.463375	380	SHORTAGE
679.463375	687.59575	99999	sp
687.59575	687.9767499999999	366	RICH
687.9767499999999	688.7827499999999	349	PURCHASED
688.7827499999999	689.4457499999999	374	SEVERAL
689.4457499999999	690.0297499999999	382	SIGNED
690.0297499999999	690.29275	99999	sp
690.29275	691.18975	245	LITHOGRAPHS
691.18975	699.956625	99999	sp
699.956625	700.178625	434	THE
700.178625	700.4016250000001	453	TWO
700.4016250000001	700.9236250000001	33	ARTISTS
700.9236250000001	701.670625	147	EXCHANGED
701.670625	702.4406250000001	39	AUTOGRAPHS
702.4406250000001	711.756	99999	sp
711.756	712.204	183	GLUCOSE
712.204	712.4399999999999	20	AND
712.4399999999999	713.1099999999999	167	FRUCTOSE
713.1099999999999	713.353	30	ARE
713.353	713.81	276	NATURAL
713.81	714.3599999999999	414	SUGARS
714.3599999999999	714.611	99999	sp
714.611	714.92	163	FOUND
714.92	715.04	217	IN
715.04	715.3599999999999	168	FRUIT
715.3599999999999	723.2853125	99999	sp
723.2853125	723.6303125000001	203	HELP
723.6303125000001	724.1573125	196	GREG
724.1573125	724.3423125	446	TO
724.3423125	724.7263125000001	325	PICK
724.7263125000001	724.8843125000001	99999	sp
724.8843125000001	725.0413125	1	A
725.0413125	725.3363125000001	321	PECK
725.3363125000001	725.5493125	294	OF
725.5493125	726.2163125000001	338	POTATOES
726.2163125000001	734.7273125	99999	sp
734.7273125	735.1183125	270	MUM
735.1183125	735.6713125000001	407	STRONGLY
735.6713125000001	736.0793125	126	DISLIKES
736.0793125	736.9583125	27	APPETIZERS
736.9583125	743.2499375	99999	sp
743.2499375	743.5089375	257	MAY
743.5089375	743.6889375000001	211	I
743.6889375000001	744.0599374999999	304	ORDER
744.0599374999999	744.1419375	1	A
744.1419375	744.5199375	319	PARFAIT
744.5199375	744.8189375	10	AFTER
744.8189375	744.9199375000001	211	I
744.9199375000001	745.1799375	134	EAT
745.1799375	745.5399375	124	DINNER
745.5399375	754.253125	99999	sp
754.253125	754.497125	108	COUNT
754.497125	754.578125	434	THE
754.578125	754.987125	289	NUMBER
754.987125	755.132125	294	OF
755.132125	755.737125	429	TEASPOONS
755.737125	755.828125	294	OF
755.828125	756.428125	395	SOYSAUCE
756.428125	756.558125	433	THAT
756.558125	756.717125	495	YOU
756.717125	757.122125	7	ADD
757.122125	764.491964542391	99999	sp
764.491964542391	764.9309645423909	229	JOHN'S
764.9309645423909	765.2139645423911	66	BROTHER
765.2139645423911	765.7809645423911	363	REPAINTED
765.7809645423911	765.8769645423911	434	THE
765.8769645423911	766.5279645423909	173	GARAGE
766.5279645423909	774.2576875	99999	sp
774.2576875	774.5936875	354	READING
774.5936875	774.8486875	217	IN
774.8486875	775.1456875	335	POOR
775.1456875	775.4896875	240	LIGHT
775.4896875	775.7616875	181	GIVES
775.7616875	775.8936874999999	495	YOU
775.8936874999999	776.4836875	150	EYESTRAIN
776.4836875	784.4713125	99999	sp
784.4713125	784.9513125	84	CHALLENGE
784.9513125	785.3203125	132	EACH
785.3203125	786.3443124999999	175	GENERAL'S
786.3443124999999	787.1613124999999	221	INTELLIGENCE
787.1613124999999	794.7194375	99999	sp
794.7194375	795.3964375	71	BUTTERSCOTCH
795.3964375	795.8374375000001	169	FUDGE
795.8374375000001	796.1364375	186	GOES
796.1364375	796.4364375	481	WELL
796.4364375	796.6464375	487	WITH
796.6464375	796.9964375	463	VANILLA
796.9964375	797.3484375	212	ICE
797.3484375	797.6264375000001	112	CREAM
797.6264375000001	804.8440625	99999	sp
804.8440625	805.0410625	76	CAN
805.0410625	805.1110624999999	434	THE
805.1110624999999	805.7600625	11	AGENCY
805.7600625	806.4210625	315	OVERTHROW
806.4210625	806.7910625	13	ALIEN
806.7910625	807.4210625	162	FORCES
807.4210625	816.1880788502654	99999	sp
816.1880788502654	817.2170788502654	88888	CYCLE
817.2170788502654	818.2320788502655	99999	sp
818.2320788502655	818.6480788502654	88888	CYCLE
818.6480788502654	820.0180788502654	346	PROGRAMS
820.0180788502654	820.1980788502653	485	WILL
820.1980788502653	820.5450788502653	281	NEVER
820.5450788502653	821.0370788502654	100	COMPILE
821.0370788502654	830.215625	99999	sp
830.215625	830.3316250000001	1	A
830.3316250000001	830.6636250000001	110	CRAB
830.6636250000001	831.1886250000001	85	CHALLENGED
831.1886250000001	831.5086250000002	258	ME
831.5086250000002	831.7486250000002	99999	sp
831.7486250000002	831.7756250000001	70	BUT
831.7756250000001	831.9306250000001	211	I
831.9306250000001	832.4886250000001	88888	QUICKLY
832.4886250000001	832.7866250000001	99999	sp
832.7866250000001	832.8456250000002	70	BUT
832.8456250000002	833.0066250000001	1	A
833.0066250000001	833.2286250000001	350	QUICK
833.2286250000001	833.648625	402	STAB
833.648625	834.1936250000001	464	VANQUISHED
834.1936250000001	834.3286250000001	207	HIM
834.3286250000001	843.523375	99999	sp
843.523375	844.490375	17	AMBIDEXTROUS
844.490375	845.917375	327	PICKPOCKETS
845.917375	846.562375	6	ACCOMPLISH
846.562375	846.8643749999999	267	MORE
846.8643749999999	854.2244375	99999	sp
854.2244375	854.6304375	443	THOSE
854.6304375	854.8854375000001	484	WHO
854.8854375000001	855.2004375	427	TEACH
855.2004375	855.8464375000001	462	VALUES
855.8464375000001	856.2514375000001	156	FIRST
856.2514375000001	856.7664375	4	ABOLISH
856.7664375	857.1704375	87	CHEATING
857.1704375	864.44225	99999	sp
864.44225	864.51225	434	THE
864.51225	865.06225	369	ROSE
865.06225	865.5822499999999	106	CORSAGE
865.5822499999999	865.9622499999999	393	SMELLED
865.9622499999999	866.3322499999999	421	SWEET
866.3322499999999	873.8345625	99999	sp
873.8345625	874.3605625	44	BAGPIPES
874.3605625	874.5865625	20	AND
874.5865625	875.0305625	59	BONGOS
875.0305625	875.1305625	30	ARE
875.1305625	875.5695625	273	MUSICAL
875.5695625	876.2605625	220	INSTRUMENTS
876.2605625	883.8824375	99999	sp
883.8824375	883.9554375	30	ARE
883.9554375	884.1754375	495	YOU
884.1754375	884.4854375	250	LOOKING
884.4854375	884.7454375	161	FOR
884.7454375	885.2854375	136	EMPLOYMENT
885.2854375	893.5044375	99999	sp
893.5044375	893.5824375	19	AN
893.5824375	894.0144375	9	ADULT
894.0144375	894.3664375	255	MALE
894.3664375	894.8844375	42	BABOON'S
894.8844375	895.2004374999999	430	TEETH
895.2004374999999	895.2894375	30	ARE
895.2894375	895.5304375000001	285	NOT
895.5304375000001	895.9724375	415	SUITABLE
895.9724375	896.2314375	161	FOR
896.2314375	896.5464374999999	135	EATING
896.5464374999999	897.1944375	376	SHELLFISH
897.1944375	904.250625	99999	sp
904.250625	904.468625	375	SHE
904.468625	904.818625	490	WORE
904.818625	905.375625	471	WARM
905.375625	906.082625	158	FLEECY
906.082625	906.448625	489	WOOLEN
906.448625	907.228625	311	OVERALLS
907.228625	913.84175	99999	sp
913.84175	914.28675	405	STEVE
914.28675	914.48275	490	WORE
914.48275	914.63275	1	A
914.63275	914.94075	65	BRIGHT
914.94075	915.26275	356	RED
915.26275	915.51575	99999	sp
915.51575	916.01275	78	CASHMERE
916.01275	916.50275	420	SWEATER
916.50275	924.853375	99999	sp
924.853375	925.0953750000001	1	A
925.0953750000001	925.965375	271	MUSCULAR
925.965375	926.525375	2	ABDOMEN
926.525375	926.7693750000001	224	IS
926.7693750000001	926.905375	189	GOOD
926.905375	927.035375	161	FOR
927.035375	927.2103750000001	496	YOUR
927.2103750000001	927.6053750000001	43	BACK
927.6053750000001	935.854875	99999	sp
935.854875	936.288875	286	NOTHING
936.288875	936.468875	224	IS
936.468875	936.758875	34	AS
936.758875	937.248875	295	OFFENSIVE
937.248875	937.476875	34	AS
937.476875	938.178875	219	INNOCENCE
938.178875	946.4713125	99999	sp
946.4713125	946.7213125	210	HOW
946.7213125	946.9223125	189	GOOD
946.9223125	947.0913125	224	IS
947.0913125	947.2823125	496	YOUR
947.2823125	947.9513125	138	ENDURANCE
947.9513125	955.258875	99999	sp
955.258875	955.5218749999999	142	EVEN
955.5218749999999	955.7718749999999	211	I
955.7718749999999	956.3158749999999	293	OCCASIONALLY
956.3158749999999	956.527875	177	GET
956.527875	956.571875	434	THE
956.571875	956.928875	265	MONDAY
956.928875	957.441875	56	BLUES
957.441875	965.1703125	99999	sp
965.1703125	965.5283125000001	98	COFFEE
965.5283125000001	965.7423125	224	IS
965.7423125	965.9483125	198	GROWN
965.9483125	966.1083125	297	ON
966.1083125	966.5973125	404	STEEP
966.5973125	966.9583125	231	JUNGLE
966.9583125	967.1583125000001	241	LIKE
967.1583125000001	967.5783125	390	SLOPES
967.5783125	967.7973125000001	217	IN
967.7973125000001	968.2973125000001	431	TEMPERATE
968.2973125000001	968.8783125	497	ZONES
968.8783125	976.4466875	99999	sp
976.4466875	976.8336875000001	142	EVEN
976.8336875000001	976.9716875	1	A
976.9716875	977.4736875000001	383	SIMPLE
977.4736875000001	978.2286875000001	468	VOCABULARY
978.2286875000001	978.6776875	104	CONTAINS
978.6776875	979.4136875	88888	SYLLABLES
979.4136875	979.7026875000001	99999	sp
979.7026875000001	979.9396875000001	88888	ER
979.9396875000001	980.5836875000001	422	SYMBOLS
980.5836875000001	987.9320625	99999	sp
987.9320625	988.0030625	434	THE
988.0030625	988.4930625000001	475	WATER
988.4930625000001	989.0030625	103	CONTAINED
989.0030625	989.1620625	448	TOO
989.1620625	989.3940625	269	MUCH
989.3940625	989.9020625	90	CHLORINE
989.9020625	990.0630625000001	20	AND
990.0630625000001	990.4330625	409	STUNG
990.4330625	990.6620625	208	HIS
990.6620625	991.1620625	149	EYES
991.1620625	998.1309375	99999	sp
998.1309375	998.3879374999999	130	DRAW
998.3879374999999	998.7879375	145	EVERY
998.7879375	999.1279374999999	308	OUTER
999.1279374999999	999.4169374999999	244	LINE
999.4169374999999	999.9979374999999	156	FIRST
999.9979374999999	1000.1579374999999	436	THEN
1000.1579374999999	1000.4279375	154	FILL
1000.4279375	1000.5789374999999	217	IN
1000.5789374999999	1000.6669374999999	434	THE
1000.6669374999999	1001.2979375	222	INTERIOR
1001.2979375	1008.275	99999	sp
1008.275	1008.505	204	HER
1008.505	1009.117	470	WARDROBE
1009.117	1009.656	102	CONSISTS
1009.656	1009.989	294	OF
1009.989	1010.315	298	ONLY
1010.315	1010.755	385	SKIRTS
1010.755	1011.0129999999999	20	AND
1011.0129999999999	1011.726	54	BLOUSES
1011.726	1018.0400965882748	99999	sp
1018.0400965882748	1018.0970965882748	1	A
1018.0970965882748	1018.8160965882747	371	SCREWDRIVER
1018.8160965882747	1019.0270965882747	224	IS
1019.0270965882747	1019.2560965882747	252	MADE
1019.2560965882747	1019.4870965882747	166	FROM
1019.4870965882747	1020.1070965882748	469	VODKA
1020.1070965882748	1020.3850965882748	99999	sp
1020.3850965882748	1020.5370965882747	20	AND
1020.5370965882747	1020.8060965882747	303	ORANGE
1020.8060965882747	1021.3270965882748	230	JUICE
1021.3270965882748	1029.11225	99999	sp
1029.11225	1029.3452499999999	433	THAT
1029.3452499999999	1029.8942499999998	326	PICKPOCKET
1029.8942499999998	1030.38625	472	WAS
1030.38625	1030.68025	80	CAUGHT
1030.68025	1030.86625	356	RED
1030.86625	1031.53325	199	HANDED
1031.53325	1039.503625	99999	sp
1039.503625	1039.859625	46	BARB'S
1039.859625	1040.1246250000002	188	GOLD
1040.1246250000002	1040.570625	63	BRACELET
1040.570625	1040.7666250000002	472	WAS
1040.7666250000002	1040.850625	1	A
1040.850625	1041.840625	193	GRADUATION
1041.840625	1042.4016250000002	339	PRESENT
1042.4016250000002	1057.4481875	99999	sp
1057.4481875	1057.6301875	24	ANY
1057.6301875	1058.5501875	105	CONTRIBUTIONS
1058.5501875	1058.7111874999998	485	WILL
1058.7111874999998	1058.8751874999998	47	BE
1058.8751874999998	1059.2401874999998	195	GREATLY
1059.2401874999998	1060.0631875	28	APPRECIATED
1060.0631875	1068.5050625	99999	sp
1068.5050625	1068.6640624999998	476	WE
1068.6640624999998	1068.8340624999998	30	ARE
1068.8340624999998	1069.3340624999998	301	OPEN
1069.3340624999998	1069.8040624999999	145	EVERY
1069.8040624999999	1070.2540625	265	MONDAY
1070.2540625	1070.8440624999998	143	EVENING
1070.8440624999998	1078.373	99999	sp
1078.373	1078.531	434	THE
1078.531	1079.093	111	CRANBERRY
1079.093	1079.518	57	BOG
1079.518	1079.783	178	GETS
1079.783	1080.106	465	VERY
1080.106	1080.362	340	PRETTY
1080.362	1080.493	217	IN
1080.493	1080.862	40	AUTUMN
1080.862	1088.7718125	99999	sp
1088.7718125	1088.9028125	476	WE
1088.9028125	1089.3728124999998	480	WELCOME
1089.3728124999998	1089.6528125	256	MANY
1089.6528125	1089.8028124999998	282	NEW
1089.8028124999998	1090.2088124999998	408	STUDENTS
1090.2088124999998	1090.4378124999998	132	EACH
1090.4378124999998	1090.7528125	491	YEAR
1090.7528125	1098.0565	99999	sp
1098.0565	1098.2815	210	HOW
1098.2815	1098.4325	128	DO
1098.4325	1098.9425	318	OYSTERS
1098.9425	1099.1475	253	MAKE
1099.1475	1099.6925	320	PEARLS
1099.6925	1108.0221875	99999	sp
1108.0221875	1108.5271875	75	CALCIUM
1108.5271875	1108.8431875	254	MAKES
1108.8431875	1109.1571875	58	BONES
1109.1571875	1109.2881875	20	AND
1109.2881875	1109.4981875	430	TEETH
1109.4981875	1109.9781875	406	STRONG
1109.9781875	1117.62075	99999	sp
1117.62075	1117.72575	224	IS
1117.72575	1117.95775	375	SHE
1117.95775	1118.26475	187	GOING
1118.26475	1118.4927500000001	487	WITH
1118.4927500000001	1118.6557500000001	495	YOU
1118.6557500000001	1126.3356875	99999	sp
1126.3356875	1126.6786875	298	ONLY
1126.6786875	1126.8706875	434	THE
1126.8706875	1127.2216875	51	BEST
1127.2216875	1127.6486875	330	PLAYERS
1127.6486875	1128.0356875	139	ENJOY
1128.0356875	1128.8086875	336	POPULARITY
1128.8086875	1152.1925625	99999	sp
1647.935875	1648.0068749999998	434	THE
1648.0068749999998	1648.3838749999998	165	FRIGHTENED
1648.3838749999998	1648.6768749999999	89	CHILD
1648.6768749999999	1648.9298749999998	472	WAS
1648.9298749999998	1649.1968749999999	176	GENTLY
1649.1968749999999	1649.7248749999999	410	SUBDUED
1649.7248749999999	1649.876875	73	BY
1649.876875	1650.0768749999997	208	HIS
1650.0768749999997	1650.3438749999998	52	BIG
1650.3438749999998	1650.7368749999998	66	BROTHER
1650.7368749999998	1658.400375	99999	sp
1658.400375	1658.5663749999999	438	THEY
1658.5663749999999	1658.776375	317	OWN
1658.776375	1658.919375	1	A
1658.919375	1659.1263749999998	52	BIG
1659.1263749999998	1659.440375	209	HOUSE
1659.440375	1659.5403749999998	217	IN
1659.5403749999998	1659.700375	434	THE
1659.700375	1660.1343749999999	361	REMOTE
1660.1343749999999	1660.888375	109	COUNTRYSIDE
1660.888375	1668.255	99999	sp
1668.255	1668.3660000000002	210	HOW
1668.3660000000002	1668.6070000000002	269	MUCH
1668.6070000000002	1669.025	16	ALLOWANCE
1669.025	1669.1070000000002	128	DO
1669.1070000000002	1669.246	495	YOU
1669.246	1669.487	177	GET
1669.487	1676.678875	99999	sp
1676.678875	1676.808875	476	WE
1676.808875	1677.095875	241	LIKE
1677.095875	1677.238875	55	BLUE
1677.238875	1677.5688750000002	88	CHEESE
1677.5688750000002	1677.734875	70	BUT
1677.734875	1677.994875	466	VICTOR
1677.994875	1678.373875	242	LIKES
1678.373875	1678.665875	64	BRIE
1678.665875	1685.3201875	99999	sp
1685.3201875	1685.5161875000001	226	IT'S
1685.5161875000001	1685.6951875	285	NOT
1685.6951875	1686.0331875000002	133	EASY
1686.0331875000002	1686.2071875000001	446	TO
1686.2071875000001	1686.3961875	113	CREATE
1686.3961875	1686.9451875	215	ILLUMINATING
1686.9451875	1687.8351875	146	EXAMPLES
1687.8351875	1695.3878125	99999	sp
1695.3878125	1695.6368125000001	145	EVERY
1695.6368125000001	1695.8818125	74	CAB
1695.8818125	1696.1888125000003	280	NEEDS
1696.1888125000003	1696.6608125	364	REPAINTING
1696.6608125	1697.1008125	296	OFTEN
1697.1008125	1704.025375	99999	sp
1704.025375	1704.159375	434	THE
1704.159375	1704.663375	61	BOSTON
1704.663375	1704.995375	45	BALLET
1704.995375	1705.480375	312	OVERCAME
1705.480375	1705.6153749999999	435	THEIR
1705.6153749999999	1705.956375	170	FUNDING
1705.956375	1706.596375	380	SHORTAGE
1706.596375	1713.7021875	99999	sp
1713.7021875	1713.9861875	366	RICH
1713.9861875	1714.3651875	349	PURCHASED
1714.3651875	1714.8251874999999	374	SEVERAL
1714.8251874999999	1715.2051875	382	SIGNED
1715.2051875	1716.0341875	245	LITHOGRAPHS
1716.0341875	1723.78325	99999	sp
1723.78325	1723.96625	434	THE
1723.96625	1724.1732499999998	453	TWO
1724.1732499999998	1724.6542499999998	33	ARTISTS
1724.6542499999998	1725.36225	147	EXCHANGED
1725.36225	1726.06325	39	AUTOGRAPHS
1726.06325	1733.50425	99999	sp
1733.50425	1733.89025	183	GLUCOSE
1733.89025	1734.03025	20	AND
1734.03025	1734.53025	167	FRUCTOSE
1734.53025	1734.65325	30	ARE
1734.65325	1735.06025	276	NATURAL
1735.06025	1735.45025	414	SUGARS
1735.45025	1735.6602500000001	163	FOUND
1735.6602500000001	1735.78025	217	IN
1735.78025	1736.09025	168	FRUIT
1736.09025	1743.6631875	99999	sp
1743.6631875	1743.9431875	203	HELP
1743.9431875	1744.2131875	196	GREG
1744.2131875	1744.3021875000002	446	TO
1744.3021875000002	1744.6831875	325	PICK
1744.6831875	1744.7921875	1	A
1744.7921875	1745.1121875000001	321	PECK
1745.1121875000001	1745.1931875	294	OF
1745.1931875	1745.9331875	338	POTATOES
1745.9331875	1753.2098125	99999	sp
1753.2098125	1753.4658124999999	270	MUM
1753.4658124999999	1753.9388125	407	STRONGLY
1753.9388125	1754.3158125	126	DISLIKES
1754.3158125	1755.0968125	27	APPETIZERS
1755.0968125	1760.82275	99999	sp
1760.82275	1761.03175	257	MAY
1761.03175	1761.06275	211	I
1761.06275	1761.38275	304	ORDER
1761.38275	1761.46975	1	A
1761.46975	1761.84175	319	PARFAIT
1761.84175	1762.09175	10	AFTER
1762.09175	1762.12275	211	I
1762.12275	1762.33075	134	EAT
1762.33075	1762.65175	124	DINNER
1762.65175	1772.0840625	99999	sp
1772.0840625	1772.3270625000002	108	COUNT
1772.3270625000002	1772.3970625000002	434	THE
1772.3970625000002	1772.7570625000003	289	NUMBER
1772.7570625000003	1772.8710625	294	OF
1772.8710625	1773.4370625000001	429	TEASPOONS
1773.4370625000001	1773.5560625000003	294	OF
1773.5560625000003	1774.0770625000002	395	SOYSAUCE
1774.0770625000002	1774.2460625	433	THAT
1774.2460625	1774.3770625000002	495	YOU
1774.3770625000002	1774.7760625	7	ADD
1774.7760625	1781.949475941477	99999	sp
1781.949475941477	1782.3694759414768	229	JOHN'S
1782.3694759414768	1782.622475941477	66	BROTHER
1782.622475941477	1783.125475941477	363	REPAINTED
1783.125475941477	1783.240475941477	434	THE
1783.240475941477	1783.813475941477	173	GARAGE
1783.813475941477	1790.7994375	99999	sp
1790.7994375	1791.0944375	354	READING
1791.0944375	1791.2614375	217	IN
1791.2614375	1791.5234375	335	POOR
1791.5234375	1791.7874375000001	240	LIGHT
1791.7874375000001	1791.9994375	181	GIVES
1791.9994375	1792.1334375000001	495	YOU
1792.1334375000001	1792.7534375	150	EYESTRAIN
1792.7534375	1799.5133125	99999	sp
1799.5133125	1799.9203125000001	84	CHALLENGE
1799.9203125000001	1800.0873125	132	EACH
1800.0873125	1800.6283125	175	GENERAL'S
1800.6283125	1801.4583125	221	INTELLIGENCE
1801.4583125	1809.2425	99999	sp
1809.2425	1809.7565	71	BUTTERSCOTCH
1809.7565	1810.1205	169	FUDGE
1810.1205	1810.3565	186	GOES
1810.3565	1810.5765000000001	481	WELL
1810.5765000000001	1810.7855	487	WITH
1810.7855	1811.1055000000001	463	VANILLA
1811.1055000000001	1811.4905	212	ICE
1811.4905	1811.7565	112	CREAM
1811.7565	1818.8105	99999	sp
1818.8105	1818.9845000000003	76	CAN
1818.9845000000003	1819.0445000000002	434	THE
1819.0445000000002	1819.6535000000001	11	AGENCY
1819.6535000000001	1820.1535000000001	315	OVERTHROW
1820.1535000000001	1820.5145	13	ALIEN
1820.5145	1821.1245000000001	162	FORCES
1821.1245000000001	1828.775625	99999	sp
1828.775625	1829.514625	88888	CYNICAL
1829.514625	1829.978625	346	PROGRAMS
1829.978625	1830.0686249999999	485	WILL
1830.0686249999999	1830.337625	281	NEVER
1830.337625	1830.9076249999998	100	COMPILE
1830.9076249999998	1839.3153125	99999	sp
1839.3153125	1839.4523125	1	A
1839.4523125	1839.8143125	110	CRAB
1839.8143125	1840.2723125	85	CHALLENGED
1840.2723125	1840.4683125	258	ME
1840.4683125	1840.7613125	70	BUT
1840.7613125	1841.1713124999999	99999	sp
1841.1713124999999	1841.3563125	1	A
1841.3563125	1841.5613125	350	QUICK
1841.5613125	1841.9453125	402	STAB
1841.9453125	1842.4613124999998	464	VANQUISHED
1842.4613124999998	1842.6323125	207	HIM
1842.6323125	1850.498875	99999	sp
1850.498875	1851.303875	17	AMBIDEXTROUS
1851.303875	1851.8458750000002	327	PICKPOCKETS
1851.8458750000002	1852.282875	6	ACCOMPLISH
1852.282875	1852.6078750000001	267	MORE
1852.6078750000001	1859.4701875	99999	sp
1859.4701875	1859.6881875000001	443	THOSE
1859.6881875000001	1859.8511875000002	484	WHO
1859.8511875000002	1860.1271875000002	427	TEACH
1860.1271875000002	1860.5371875	462	VALUES
1860.5371875	1860.7971875	156	FIRST
1860.7971875	1861.3161875	88888	ABOLISHED
1861.3161875	1861.7371875000001	87	CHEATING
1861.7371875000001	1868.814375	99999	sp
1868.814375	1869.267375	434	THE
1869.267375	1869.8093749999998	369	ROSE
1869.8093749999998	1870.2573749999997	106	CORSAGE
1870.2573749999997	1870.6373749999998	393	SMELLED
1870.6373749999998	1871.017375	421	SWEET
1871.017375	1878.018	99999	sp
1878.018	1878.601	88888	BAGPIKES
1878.601	1878.8020000000001	20	AND
1878.8020000000001	1879.2310000000002	59	BONGOS
1879.2310000000002	1879.2910000000002	30	ARE
1879.2910000000002	1879.7120000000002	273	MUSICAL
1879.7120000000002	1880.4520000000002	220	INSTRUMENTS
1880.4520000000002	1887.434875	99999	sp
1887.434875	1887.5538749999998	30	ARE
1887.5538749999998	1887.703875	495	YOU
1887.703875	1888.0038749999999	250	LOOKING
1888.0038749999999	1888.203875	161	FOR
1888.203875	1888.713875	136	EMPLOYMENT
1888.713875	1895.98125	99999	sp
1895.98125	1896.03825	19	AN
1896.03825	1896.44125	9	ADULT
1896.44125	1896.69225	255	MALE
1896.69225	1897.24825	42	BABOON'S
1897.24825	1897.4842500000002	430	TEETH
1897.4842500000002	1897.5612500000002	30	ARE
1897.5612500000002	1897.75125	285	NOT
1897.75125	1898.1312500000001	415	SUITABLE
1898.1312500000001	1898.26125	161	FOR
1898.26125	1898.53725	135	EATING
1898.53725	1899.21125	376	SHELLFISH
1899.21125	1905.531875	99999	sp
1905.531875	1905.7388749999998	375	SHE
1905.7388749999998	1906.0598749999997	490	WORE
1906.0598749999997	1906.634875	471	WARM
1906.634875	1906.9998749999997	158	FLEECY
1906.9998749999997	1907.424875	489	WOOLEN
1907.424875	1908.1898749999998	311	OVERALLS
1908.1898749999998	1914.48725	99999	sp
1914.48725	1914.85725	405	STEVE
1914.85725	1915.18325	490	WORE
1915.18325	1915.42325	65	BRIGHT
1915.42325	1915.7292499999999	356	RED
1915.7292499999999	1916.20325	78	CASHMERE
1916.20325	1916.80325	88888	SWEATHER
1916.80325	1925.243	99999	sp
1925.243	1925.2859999999998	1	A
1925.2859999999998	1925.8329999999999	271	MUSCULAR
1925.8329999999999	1926.203	2	ABDOMEN
1926.203	1926.473	224	IS
1926.473	1926.6129999999998	189	GOOD
1926.6129999999998	1926.773	161	FOR
1926.773	1926.9009999999998	496	YOUR
1926.9009999999998	1927.3149999999998	43	BACK
1927.3149999999998	1934.3686875	99999	sp
1934.3686875	1934.6706875000002	286	NOTHING
1934.6706875000002	1934.8716875000002	224	IS
1934.8716875000002	1935.0626875	34	AS
1935.0626875	1935.5906875	295	OFFENSIVE
1935.5906875	1935.8106875	34	AS
1935.8106875	1936.5416875	219	INNOCENCE
1936.5416875	1943.1929375	99999	sp
1943.1929375	1943.4189374999999	210	HOW
1943.4189374999999	1943.5439374999999	189	GOOD
1943.5439374999999	1943.7199374999998	224	IS
1943.7199374999998	1943.8249374999998	496	YOUR
1943.8249374999998	1944.5349374999998	138	ENDURANCE
1944.5349374999998	1951.739	99999	sp
1951.739	1951.949	142	EVEN
1951.949	1952.219	211	I
1952.219	1952.692	293	OCCASIONALLY
1952.692	1952.8629999999998	177	GET
1952.8629999999998	1952.918	434	THE
1952.918	1953.2359999999999	265	MONDAY
1953.2359999999999	1953.7579999999998	56	BLUES
1953.7579999999998	1960.4643125	99999	sp
1960.4643125	1960.7813125	98	COFFEE
1960.7813125	1960.9563125	224	IS
1960.9563125	1961.2123125	198	GROWN
1961.2123125	1961.3713125	297	ON
1961.3713125	1961.7883124999998	404	STEEP
1961.7883124999998	1962.0723125	231	JUNGLE
1962.0723125	1962.2503125	241	LIKE
1962.2503125	1962.6213125	390	SLOPES
1962.6213125	1962.7863125	217	IN
1962.7863125	1963.1623124999999	431	TEMPERATE
1963.1623124999999	1963.7423125	497	ZONES
1963.7423125	1971.2495	99999	sp
1971.2495	1971.5524999999998	142	EVEN
1971.5524999999998	1971.7124999999999	1	A
1971.7124999999999	1972.1415	383	SIMPLE
1972.1415	1972.8284999999998	468	VOCABULARY
1972.8284999999998	1973.2614999999998	104	CONTAINS
1973.2614999999998	1973.9115	422	SYMBOLS
1973.9115	1980.48725	99999	sp
1980.48725	1980.5492499999998	434	THE
1980.5492499999998	1980.94525	475	WATER
1980.94525	1981.3662499999998	103	CONTAINED
1981.3662499999998	1981.48525	448	TOO
1981.48525	1981.73425	269	MUCH
1981.73425	1982.23525	90	CHLORINE
1982.23525	1982.42525	20	AND
1982.42525	1982.74525	409	STUNG
1982.74525	1982.9352499999998	208	HIS
1982.9352499999998	1983.4052499999998	149	EYES
1983.4052499999998	1989.5139375	99999	sp
1989.5139375	1989.7629375000001	130	DRAW
1989.7629375000001	1990.0729375	145	EVERY
1990.0729375	1990.4429375000002	308	OUTER
1990.4429375000002	1990.7329375000002	244	LINE
1990.7329375000002	1991.2249375000001	156	FIRST
1991.2249375000001	1991.3729375	436	THEN
1991.3729375	1991.5729375	154	FILL
1991.5729375	1991.7419375000002	217	IN
1991.7419375000002	1991.8129375	434	THE
1991.8129375	1992.4029375	222	INTERIOR
1992.4029375	1999.4919375	99999	sp
1999.4919375	1999.6089375	204	HER
1999.6089375	2000.1229374999998	470	WARDROBE
2000.1229374999998	2000.5879375	102	CONSISTS
2000.5879375	2000.7579374999998	294	OF
2000.7579374999998	2001.0479375	298	ONLY
2001.0479375	2001.4979374999998	385	SKIRTS
2001.4979374999998	2001.6339375	20	AND
2001.6339375	2002.3079375	54	BLOUSES
2002.3079375	2007.9447385761414	99999	sp
2007.9447385761414	2008.0027385761414	1	A
2008.0027385761414	2008.6447385761412	371	SCREWDRIVER
2008.6447385761412	2008.8057385761413	224	IS
2008.8057385761413	2009.0247385761413	252	MADE
2009.0247385761413	2009.3227385761413	166	FROM
2009.3227385761413	2009.6657385761414	469	VODKA
2009.6657385761414	2009.9157385761414	20	AND
2009.9157385761414	2010.3057385761413	303	ORANGE
2010.3057385761413	2010.7457385761413	230	JUICE
2010.7457385761413	2017.498875	99999	sp
2017.498875	2017.712875	433	THAT
2017.712875	2018.326875	326	PICKPOCKET
2018.326875	2018.559875	472	WAS
2018.559875	2018.6968749999999	80	CAUGHT
2018.6968749999999	2018.906875	356	RED
2018.906875	2019.306875	199	HANDED
2019.306875	2026.509625	99999	sp
2026.509625	2026.819625	46	BARB'S
2026.819625	2027.047625	188	GOLD
2027.047625	2027.426625	63	BRACELET
2027.426625	2027.626625	472	WAS
2027.626625	2027.698625	1	A
2027.698625	2028.376625	193	GRADUATION
2028.376625	2028.726625	339	PRESENT
2028.726625	2034.8110625	99999	sp
2034.8110625	2034.9200624999999	30	ARE
2034.9200624999999	2035.0760624999998	496	YOUR
2035.0760624999998	2035.3660624999998	192	GRADES
2035.3660624999998	2035.7600625	206	HIGHER
2035.7600625	2035.8810624999999	302	OR
2035.8810624999999	2036.1700624999999	251	LOWER
2036.1700624999999	2036.3210625	432	THAN
2036.3210625	2037.0010625	275	NANCY'S
2037.0010625	2045.1405	99999	sp
2045.1405	2045.2515	24	ANY
2045.2515	2046.0545000000002	105	CONTRIBUTIONS
2046.0545000000002	2046.1275	485	WILL
2046.1275	2046.2375000000002	47	BE
2046.2375000000002	2046.6075	195	GREATLY
2046.6075	2047.3175	28	APPRECIATED
2047.3175	2054.8191875	99999	sp
2054.8191875	2054.8921875	476	WE
2054.8921875	2055.0711875	30	ARE
2055.0711875	2055.4521875	301	OPEN
2055.4521875	2055.7321875000002	145	EVERY
2055.7321875000002	2056.0511875	265	MONDAY
2056.0511875	2056.5311875	143	EVENING
2056.5311875	2063.0998125	99999	sp
2063.0998125	2063.2348125	434	THE
2063.2348125	2063.7988125	111	CRANBERRY
2063.7988125	2064.1038125	57	BOG
2064.1038125	2064.3688125	178	GETS
2064.3688125	2064.6718124999998	465	VERY
2064.6718124999998	2064.8998125	340	PRETTY
2064.8998125	2065.0398125	217	IN
2065.0398125	2065.3788125	40	AUTUMN
2065.3788125	2071.8356875	99999	sp
2071.8356875	2071.9526875	476	WE
2071.9526875	2072.3516875	480	WELCOME
2072.3516875	2072.6116875	256	MANY
2072.6116875	2072.7626874999996	282	NEW
2072.7626874999996	2073.2326875	408	STUDENTS
2073.2326875	2073.4746875	132	EACH
2073.4746875	2073.6816875	491	YEAR
2073.6816875	2080.3945	99999	sp
2080.3945	2080.5615	210	HOW
2080.5615	2080.6805	128	DO
2080.6805	2081.1594999999998	318	OYSTERS
2081.1594999999998	2081.3575	253	MAKE
2081.3575	2081.8395	320	PEARLS
2081.8395	2088.6715	99999	sp
2088.6715	2089.1155	75	CALCIUM
2089.1155	2089.4275	254	MAKES
2089.4275	2090.0095	58	BONES
2090.0095	2090.1985	20	AND
2090.1985	2090.3954999999996	430	TEETH
2090.3954999999996	2090.8265	406	STRONG
2090.8265	2097.935	99999	sp
2097.935	2098.031	224	IS
2098.031	2098.243	375	SHE
2098.243	2098.5609999999997	187	GOING
2098.5609999999997	2098.792	487	WITH
2098.792	2099.0099999999998	495	YOU
2099.0099999999998	2104.850875	99999	sp
2104.850875	2105.0888750000004	298	ONLY
2105.0888750000004	2105.2668750000003	434	THE
2105.2668750000003	2105.594875	51	BEST
2105.594875	2106.028875	330	PLAYERS
2106.028875	2106.3788750000003	139	ENJOY
2106.3788750000003	2107.149875	336	POPULARITY
2107.149875	2142.4084375	99999	sp
2624.1281875	2624.2101875	434	THE
2624.2101875	2624.5741875	165	FRIGHTENED
2624.5741875	2624.8241875	89	CHILD
2624.8241875	2625.0641875	472	WAS
2625.0641875	2625.3841875	176	GENTLY
2625.3841875	2625.8771874999998	410	SUBDUED
2625.8771874999998	2626.0441875	73	BY
2626.0441875	2626.3061875	208	HIS
2626.3061875	2626.5231875	52	BIG
2626.5231875	2626.9441874999998	66	BROTHER
2626.9441874999998	2633.9235625	99999	sp
2633.9235625	2634.0465625	438	THEY
2634.0465625	2634.2355625	317	OWN
2634.2355625	2634.3605625	1	A
2634.3605625	2634.5355625	52	BIG
2634.5355625	2634.8655625	209	HOUSE
2634.8655625	2634.9465625000003	217	IN
2634.9465625000003	2635.0155625	434	THE
2635.0155625	2635.3455625	361	REMOTE
2635.3455625	2636.0055625000005	109	COUNTRYSIDE
2636.0055625000005	2642.272375	99999	sp
2642.272375	2642.3943750000003	210	HOW
2642.3943750000003	2642.6443750000003	269	MUCH
2642.6443750000003	2643.0553750000004	16	ALLOWANCE
2643.0553750000004	2643.1353750000003	128	DO
2643.1353750000003	2643.279375	495	YOU
2643.279375	2643.514375	177	GET
2643.514375	2650.2240625	99999	sp
2650.2240625	2650.3510625	476	WE
2650.3510625	2650.6340625	241	LIKE
2650.6340625	2650.8310625	55	BLUE
2650.8310625	2651.1540625	88	CHEESE
2651.1540625	2651.3310625	70	BUT
2651.3310625	2651.6010625	466	VICTOR
2651.6010625	2651.9050625	242	LIKES
2651.9050625	2652.2210625	64	BRIE
2652.2210625	2658.2826875	99999	sp
2658.2826875	2658.4716875000004	226	IT'S
2658.4716875000004	2658.6636875000004	285	NOT
2658.6636875000004	2659.1156875	133	EASY
2659.1156875	2659.3466875000004	446	TO
2659.3466875000004	2659.6726875000004	113	CREATE
2659.6726875000004	2660.3726875	215	ILLUMINATING
2660.3726875	2661.1326875000004	146	EXAMPLES
2661.1326875000004	2668.32825	99999	sp
2668.32825	2668.59925	145	EVERY
2668.59925	2668.9192500000004	74	CAB
2668.9192500000004	2669.1892500000004	280	NEEDS
2669.1892500000004	2669.62525	364	REPAINTING
2669.62525	2670.1152500000003	296	OFTEN
2670.1152500000003	2677.0550769905094	99999	sp
2677.0550769905094	2677.4620769905096	61	BOSTON
2677.4620769905096	2677.7930769905097	45	BALLET
2677.7930769905097	2678.3030769905095	312	OVERCAME
2678.3030769905095	2678.4630769905098	435	THEIR
2678.4630769905098	2679.17307699051	170	FUNDING
2679.17307699051	2679.7830769905095	380	SHORTAGE
2679.7830769905095	2686.90975	99999	sp
2686.90975	2687.15975	366	RICH
2687.15975	2687.5207499999997	349	PURCHASED
2687.5207499999997	2688.0047499999996	374	SEVERAL
2688.0047499999996	2688.4307499999995	382	SIGNED
2688.4307499999995	2689.2007499999995	245	LITHOGRAPHS
2689.2007499999995	2697.0234375	99999	sp
2697.0234375	2697.1604374999997	434	THE
2697.1604374999997	2697.3384375	453	TWO
2697.3384375	2697.8774375	33	ARTISTS
2697.8774375	2698.0054375	99999	sp
2698.0054375	2698.6184375	147	EXCHANGED
2698.6184375	2699.2584375	39	AUTOGRAPHS
2699.2584375	2706.1335	99999	sp
2706.1335	2706.5565	183	GLUCOSE
2706.5565	2706.7185	20	AND
2706.7185	2707.1545	167	FRUCTOSE
2707.1545	2707.3795	30	ARE
2707.3795	2707.7405	276	NATURAL
2707.7405	2708.1495	414	SUGARS
2708.1495	2708.3795	163	FOUND
2708.3795	2708.4674999999997	217	IN
2708.4674999999997	2708.7885	168	FRUIT
2708.7885	2715.8438125	99999	sp
2715.8438125	2716.1808125	203	HELP
2716.1808125	2716.2438125	99999	sp
2716.2438125	2716.5598124999997	196	GREG
2716.5598124999997	2716.7908125	321	PECK
2716.7908125	2716.9918125	1	A
2716.9918125	2717.1708125	321	PECK
2717.1708125	2717.2818125	294	OF
2717.2818125	2717.9708124999997	338	POTATOES
2717.9708124999997	2725.066875	99999	sp
2725.066875	2725.2858749999996	270	MUM
2725.2858749999996	2725.766875	407	STRONGLY
2725.766875	2726.1658749999997	126	DISLIKES
2726.1658749999997	2727.0048749999996	27	APPETIZERS
2727.0048749999996	2732.5758125	99999	sp
2732.5758125	2732.7048125	257	MAY
2732.7048125	2732.7748125000003	211	I
2732.7748125000003	2733.0548125000005	134	EAT
2733.0548125000005	2733.2688125000004	1	A
2733.2688125000004	2733.6248125	319	PARFAIT
2733.6248125	2733.9548125	10	AFTER
2733.9548125	2734.0948125000004	211	I
2734.0948125000004	2734.3568125	134	EAT
2734.3568125	2734.6648125	124	DINNER
2734.6648125	2742.4598125	99999	sp
2742.4598125	2742.6678125000003	108	COUNT
2742.6678125000003	2742.7378125000005	434	THE
2742.7378125000005	2743.1178125000006	289	NUMBER
2743.1178125000006	2743.2588125000007	294	OF
2743.2588125000007	2743.8478125000006	429	TEASPOONS
2743.8478125000006	2743.9278125000005	294	OF
2743.9278125000005	2744.4518125000004	395	SOYSAUCE
2744.4518125000004	2744.5778125000006	433	THAT
2744.5778125000006	2744.6878125000003	495	YOU
2744.6878125000003	2744.9578125000003	7	ADD
2744.9578125000003	2751.3021875	99999	sp
2751.3021875	2751.6941875	229	JOHN'S
2751.6941875	2751.9351875	66	BROTHER
2751.9351875	2752.4251875	363	REPAINTED
2752.4251875	2752.4861875	434	THE
2752.4861875	2752.8561875	173	GARAGE
2752.8561875	2753.1361875000002	129	DOOR
2753.1361875000002	2759.584125	99999	sp
2759.584125	2759.866125	354	READING
2759.866125	2760.056125	217	IN
2760.056125	2760.306125	335	POOR
2760.306125	2760.553125	240	LIGHT
2760.553125	2760.756125	181	GIVES
2760.756125	2760.886125	495	YOU
2760.886125	2761.516125	150	EYESTRAIN
2761.516125	2767.44525	99999	sp
2767.44525	2767.8652500000003	84	CHALLENGE
2767.8652500000003	2768.1562500000005	132	EACH
2768.1562500000005	2768.5952500000003	175	GENERAL'S
2768.5952500000003	2769.3862500000005	221	INTELLIGENCE
2769.3862500000005	2775.9140625	99999	sp
2775.9140625	2776.4200625000003	71	BUTTERSCOTCH
2776.4200625000003	2776.8290625000004	169	FUDGE
2776.8290625000004	2777.0600625	186	GOES
2777.0600625	2777.2110625	481	WELL
2777.2110625	2777.4100625	487	WITH
2777.4100625	2777.6700625000003	463	VANILLA
2777.6700625000003	2778.0250625000003	212	ICE
2778.0250625000003	2778.2810625	112	CREAM
2778.2810625	2785.68775	99999	sp
2785.68775	2785.82975	76	CAN
2785.82975	2785.8897500000003	434	THE
2785.8897500000003	2786.43975	11	AGENCY
2786.43975	2786.9297500000002	315	OVERTHROW
2786.9297500000002	2787.2937500000003	13	ALIEN
2787.2937500000003	2787.87975	162	FORCES
2787.87975	2794.8778125	99999	sp
2794.8778125	2795.6038124999995	88888	CYNICAL
2795.6038124999995	2796.0498124999995	346	PROGRAMS
2796.0498124999995	2796.1408125	485	WILL
2796.1408125	2796.3798125	281	NEVER
2796.3798125	2796.9298124999996	100	COMPILE
2796.9298124999996	2804.8610625	99999	sp
2804.8610625	2804.9650625000004	1	A
2804.9650625000004	2805.2730625000004	110	CRAB
2805.2730625000004	2805.7010625000003	85	CHALLENGED
2805.7010625000003	2805.9430625000005	258	ME
2805.9430625000005	2806.0610625000004	70	BUT
2806.0610625000004	2806.1630625000003	1	A
2806.1630625000003	2806.3410625000006	350	QUICK
2806.3410625000006	2806.6620625000005	402	STAB
2806.6620625000005	2806.7400625000005	99999	sp
2806.7400625000005	2807.1910625000005	464	VANQUISHED
2807.1910625000005	2807.3810625000006	207	HIM
2807.3810625000006	2815.306875	99999	sp
2815.306875	2816.056875	17	AMBIDEXTROUS
2816.056875	2816.636875	327	PICKPOCKETS
2816.636875	2817.105875	6	ACCOMPLISH
2817.105875	2817.3658750000004	267	MORE
2817.3658750000004	2823.9725625	99999	sp
2823.9725625	2824.2215625000003	443	THOSE
2824.2215625000003	2824.5125625000005	484	WHO
2824.5125625000005	2824.9045625000003	427	TEACH
2824.9045625000003	2825.3305625000003	462	VALUES
2825.3305625000003	2825.5805625000003	156	FIRST
2825.5805625000003	2826.0435625000005	4	ABOLISH
2826.0435625000005	2826.4215625	87	CHEATING
2826.4215625	2832.7830625	99999	sp
2832.7830625	2832.8610624999997	434	THE
2832.8610624999997	2833.1970625	369	ROSE
2833.1970625	2833.5820625	106	CORSAGE
2833.5820625	2833.9020625	393	SMELLED
2833.9020625	2834.2120625	421	SWEET
2834.2120625	2841.5299375	99999	sp
2841.5299375	2842.0459375	44	BAGPIPES
2842.0459375	2842.2079375000003	20	AND
2842.2079375000003	2842.6199375	59	BONGOS
2842.6199375	2842.7409375	30	ARE
2842.7409375	2843.1309375	273	MUSICAL
2843.1309375	2843.8309375	220	INSTRUMENTS
2843.8309375	2850.706625	99999	sp
2850.706625	2850.773625	30	ARE
2850.773625	2850.854625	495	YOU
2850.854625	2851.176625	250	LOOKING
2851.176625	2851.345625	161	FOR
2851.345625	2851.876625	136	EMPLOYMENT
2851.876625	2858.8265	99999	sp
2858.8265	2858.8895	19	AN
2858.8895	2859.2265	9	ADULT
2859.2265	2859.4655000000002	255	MALE
2859.4655000000002	2859.9585	42	BABOON'S
2859.9585	2860.1875	430	TEETH
2860.1875	2860.2765	30	ARE
2860.2765	2860.4565000000002	285	NOT
2860.4565000000002	2860.8565	415	SUITABLE
2860.8565	2861.0075	161	FOR
2861.0075	2861.3155	135	EATING
2861.3155	2861.9675	376	SHELLFISH
2861.9675	2868.0209375	99999	sp
2868.0209375	2868.1869375	375	SHE
2868.1869375	2868.8229375	490	WORE
2868.8229375	2869.3279375	471	WARM
2869.3279375	2869.8669375	158	FLEECY
2869.8669375	2870.1679375	489	WOOLEN
2870.1679375	2870.9269375	311	OVERALLS
2870.9269375	2877.086	99999	sp
2877.086	2877.27	375	SHE
2877.27	2877.579	490	WORE
2877.579	2877.67	1	A
2877.67	2877.98	65	BRIGHT
2877.98	2878.307	356	RED
2878.307	2878.7309999999998	78	CASHMERE
2878.7309999999998	2879.241	420	SWEATER
2879.241	2886.7035	99999	sp
2886.7035	2886.7925	1	A
2886.7925	2887.2825	271	MUSCULAR
2887.2825	2887.7135000000003	2	ABDOMEN
2887.7135000000003	2887.9225	224	IS
2887.9225	2888.0735	189	GOOD
2888.0735	2888.2035	161	FOR
2888.2035	2888.3025000000002	496	YOUR
2888.3025000000002	2888.6935	43	BACK
2888.6935	2895.6994375	99999	sp
2895.6994375	2896.0744375	286	NOTHING
2896.0744375	2896.2934375	224	IS
2896.2934375	2896.4934375000003	34	AS
2896.4934375000003	2897.0044375	295	OFFENSIVE
2897.0044375	2897.2244375	34	AS
2897.2244375	2897.9144375	219	INNOCENCE
2897.9144375	2904.361625	99999	sp
2904.361625	2904.583625	210	HOW
2904.583625	2904.723625	189	GOOD
2904.723625	2904.9096250000002	224	IS
2904.9096250000002	2905.013625	496	YOUR
2905.013625	2905.7136250000003	138	ENDURANCE
2905.7136250000003	2912.899625	99999	sp
2912.899625	2913.185625	142	EVEN
2913.185625	2913.429625	211	I
2913.429625	2913.967625	293	OCCASIONALLY
2913.967625	2914.114625	177	GET
2914.114625	2914.179625	434	THE
2914.179625	2914.537625	265	MONDAY
2914.537625	2914.989625	56	BLUES
2914.989625	2922.399125	99999	sp
2922.399125	2922.6901249999996	98	COFFEE
2922.6901249999996	2922.879125	224	IS
2922.879125	2923.1901249999996	198	GROWN
2923.1901249999996	2923.399125	297	ON
2923.399125	2923.816125	404	STEEP
2923.816125	2924.149125	231	JUNGLE
2924.149125	2924.350125	241	LIKE
2924.350125	2924.7391249999996	390	SLOPES
2924.7391249999996	2924.9051249999998	217	IN
2924.9051249999998	2925.323125	431	TEMPERATE
2925.323125	2925.8801249999997	497	ZONES
2925.8801249999997	2933.057625	99999	sp
2933.057625	2933.292625	142	EVEN
2933.292625	2933.361625	1	A
2933.361625	2933.821625	383	SIMPLE
2933.821625	2934.430625	468	VOCABULARY
2934.430625	2934.8516250000002	104	CONTAINS
2934.8516250000002	2935.500625	422	SYMBOLS
2935.500625	2942.3623125	99999	sp
2942.3623125	2942.4053125	434	THE
2942.4053125	2942.8183125	475	WATER
2942.8183125	2943.2333125	103	CONTAINED
2943.2333125	2943.3653125	448	TOO
2943.3653125	2943.6083125	269	MUCH
2943.6083125	2944.0763125	90	CHLORINE
2944.0763125	2944.2743125	20	AND
2944.2743125	2944.6093125	409	STUNG
2944.6093125	2944.7933125	208	HIS
2944.7933125	2945.2843125	149	EYES
2945.2843125	2952.0048125	99999	sp
2952.0048125	2952.2458125	130	DRAW
2952.2458125	2952.5858125	145	EVERY
2952.5858125	2952.8558125	308	OUTER
2952.8558125	2953.0768125	244	LINE
2953.0768125	2953.4788125	156	FIRST
2953.4788125	2953.6238125	436	THEN
2953.6238125	2953.8558125	154	FILL
2953.8558125	2953.9898125	217	IN
2953.9898125	2954.0468124999998	434	THE
2954.0468124999998	2954.6768125	222	INTERIOR
2954.6768125	2961.9699375	99999	sp
2961.9699375	2962.1219374999996	204	HER
2962.1219374999996	2962.5809375	470	WARDROBE
2962.5809375	2962.9819374999997	102	CONSISTS
2962.9819374999997	2963.0929374999996	294	OF
2963.0929374999996	2963.2629374999997	298	ONLY
2963.2629374999997	2963.6729375	385	SKIRTS
2963.6729375	2963.7999375	20	AND
2963.7999375	2964.4229375	54	BLOUSES
2964.4229375	2970.3305094405237	99999	sp
2970.3305094405237	2970.3595094405237	1	A
2970.3595094405237	2970.9305094405236	371	SCREWDRIVER
2970.9305094405236	2971.110509440524	224	IS
2971.110509440524	2971.2995094405237	252	MADE
2971.2995094405237	2971.4995094405235	166	FROM
2971.4995094405235	2971.8595094405237	469	VODKA
2971.8595094405237	2972.099509440524	20	AND
2972.099509440524	2972.5445094405236	303	ORANGE
2972.5445094405236	2972.949509440524	230	JUICE
2972.949509440524	2980.2690625	99999	sp
2980.2690625	2980.4450625000004	433	THAT
2980.4450625000004	2980.8700625	326	PICKPOCKET
2980.8700625	2981.0570625	472	WAS
2981.0570625	2981.2400625	80	CAUGHT
2981.2400625	2981.4130625000003	356	RED
2981.4130625000003	2981.8510625000004	199	HANDED
2981.8510625000004	2989.51025	99999	sp
2989.51025	2989.83725	46	BARB'S
2989.83725	2990.05325	188	GOLD
2990.05325	2990.47525	63	BRACELET
2990.47525	2990.73425	472	WAS
2990.73425	2991.33325	193	GRADUATION
2991.33325	2991.7552499999997	339	PRESENT
2991.7552499999997	2997.307	99999	sp
2997.307	2997.379	30	ARE
2997.379	2997.583	496	YOUR
2997.583	2997.87	192	GRADES
2997.87	2998.189	206	HIGHER
2998.189	2998.37	302	OR
2998.37	2998.689	251	LOWER
2998.689	2998.84	432	THAN
2998.84	2999.569	275	NANCY'S
2999.569	3009.5654375	99999	sp
3009.5654375	3009.7564375	24	ANY
3009.7564375	3010.4764375	105	CONTRIBUTIONS
3010.4764375	3010.6104375	485	WILL
3010.6104375	3010.7434375	47	BE
3010.7434375	3011.0964375	195	GREATLY
3011.0964375	3011.6974375	28	APPRECIATED
3011.6974375	3018.772875	99999	sp
3018.772875	3018.881875	476	WE
3018.881875	3019.031875	30	ARE
3019.031875	3019.317875	301	OPEN
3019.317875	3019.580875	145	EVERY
3019.580875	3019.8518750000003	265	MONDAY
3019.8518750000003	3020.330875	143	EVENING
3020.330875	3027.0681875	99999	sp
3027.0681875	3027.2001875	434	THE
3027.2001875	3027.7091875	111	CRANBERRY
3027.7091875	3027.9671875000004	57	BOG
3027.9671875000004	3028.1991875000003	178	GETS
3028.1991875000003	3028.4891875000003	465	VERY
3028.4891875000003	3028.7901875000002	340	PRETTY
3028.7901875000002	3028.8691875000004	217	IN
3028.8691875000004	3029.2201875	40	AUTUMN
3029.2201875	3035.6293125	99999	sp
3035.6293125	3035.7343125000007	476	WE
3035.7343125000007	3036.0883125000005	480	WELCOME
3036.0883125000005	3036.3573125000003	256	MANY
3036.3573125000003	3036.5083125000006	282	NEW
3036.5083125000006	3036.8783125000004	408	STUDENTS
3036.8783125000004	3037.1033125000004	132	EACH
3037.1033125000004	3037.3573125000003	491	YEAR
3037.3573125000003	3043.740125	99999	sp
3043.740125	3043.923125	210	HOW
3043.923125	3044.0591249999998	128	DO
3044.0591249999998	3044.4921249999998	318	OYSTERS
3044.4921249999998	3044.671125	253	MAKE
3044.671125	3045.1591249999997	320	PEARLS
3045.1591249999997	3052.4441875	99999	sp
3052.4441875	3052.8521875	75	CALCIUM
3052.8521875	3053.1521875000003	254	MAKES
3053.1521875000003	3053.4021875000003	58	BONES
3053.4021875000003	3053.5721875000004	20	AND
3053.5721875000004	3053.7621875000004	430	TEETH
3053.7621875000004	3054.2021875	406	STRONG
3054.2021875	3061.74425	99999	sp
3061.74425	3061.84525	224	IS
3061.84525	3062.00625	375	SHE
3062.00625	3062.22525	187	GOING
3062.22525	3062.45625	487	WITH
3062.45625	3062.64525	495	YOU
3062.64525	3068.86625	99999	sp
3068.86625	3069.04825	298	ONLY
3069.04825	3069.24125	434	THE
3069.24125	3069.50525	51	BEST
3069.50525	3069.78825	330	PLAYERS
3069.78825	3070.18925	139	ENJOY
3070.18925	3070.92825	336	POPULARITY
3070.92825	3077.75	99999	sp
