32.069125	32.287125	375	SHE
32.287125	32.637125	490	WORE
32.637125	33.194125	471	WARM
33.194125	33.901125	158	FLEECY
33.901125	34.267125	489	WOOLEN
34.267125	35.047125	311	OVERALLS
35.047125	42.8035	99999	sp
42.8035	43.139500000000005	354	READING
43.139500000000005	43.3945	217	IN
43.3945	43.691500000000005	335	POOR
43.691500000000005	44.035500000000006	240	LIGHT
44.035500000000006	44.307500000000005	181	GIVES
44.307500000000005	44.4395	495	YOU
44.4395	45.029500000000006	150	EYESTRAIN
45.029500000000006	52.555125	99999	sp
52.555125	52.818124999999995	142	EVEN
52.818124999999995	53.068124999999995	211	I
53.068124999999995	53.61212499999999	293	OCCASIONALLY
53.61212499999999	53.824124999999995	177	GET
53.824124999999995	53.86812499999999	434	THE
53.86812499999999	54.22512499999999	265	MONDAY
54.22512499999999	54.738125	56	BLUES
54.738125	62.557125	99999	sp
62.557125	62.716125	476	WE
62.716125	62.886125	30	ARE
62.886125	63.386125	301	OPEN
63.386125	63.856125	145	EVERY
63.856125	64.30612500000001	265	MONDAY
64.30612500000001	64.896125	143	EVENING
64.896125	73.89825	99999	sp
73.89825	74.16025	226	IT'S
74.16025	74.38225000000001	285	NOT
74.38225000000001	74.76025000000001	133	EASY
74.76025000000001	74.89925000000001	446	TO
74.89925000000001	75.16025	113	CREATE
75.16025	75.90025000000001	215	ILLUMINATING
75.90025000000001	76.71025000000002	146	EXAMPLES
76.71025000000002	85.7180625	99999	sp
85.7180625	86.10906250000001	270	MUM
86.10906250000001	86.6620625	407	STRONGLY
86.6620625	87.0700625	126	DISLIKES
87.0700625	87.9490625	27	APPETIZERS
87.9490625	97.516875	99999	sp
97.516875	97.92287499999999	443	THOSE
97.92287499999999	98.177875	484	WHO
98.177875	98.492875	427	TEACH
98.492875	99.138875	462	VALUES
99.138875	99.543875	156	FIRST
99.543875	100.058875	4	ABOLISH
100.058875	100.462875	87	CHEATING
100.462875	110.4701875	99999	sp
110.4701875	110.5551875	434	THE
110.5551875	110.9661875	165	FRIGHTENED
110.9661875	111.3751875	89	CHILD
111.3751875	111.6791875	472	WAS
111.6791875	111.9851875	176	GENTLY
111.9851875	112.5301875	410	SUBDUED
112.5301875	112.7161875	73	BY
112.7161875	112.9801875	208	HIS
112.9801875	113.4121875	52	BIG
113.4121875	113.7961875	66	BROTHER
113.7961875	124.73725	99999	sp
124.73725	125.12425	142	EVEN
125.12425	125.26225	1	A
125.26225	125.76425	383	SIMPLE
125.76425	126.51925	468	VOCABULARY
126.51925	126.96825	104	CONTAINS
126.96825	127.70425	88888	SYLLABLES
127.70425	127.99325	99999	sp
127.99325	128.23025	88888	ER
128.23025	128.87425000000002	422	SYMBOLS
128.87425000000002	140.0768125	99999	sp
140.0768125	140.1928125	1	A
140.1928125	140.5248125	110	CRAB
140.5248125	141.0498125	85	CHALLENGED
141.0498125	141.3698125	258	ME
141.3698125	141.6098125	99999	sp
141.6098125	141.6368125	70	BUT
141.6368125	141.7918125	211	I
141.7918125	142.34981249999998	88888	QUICKLY
142.34981249999998	142.6478125	99999	sp
142.6478125	142.70681249999998	70	BUT
142.70681249999998	142.86781249999999	1	A
142.86781249999999	143.0898125	350	QUICK
143.0898125	143.50981249999998	402	STAB
143.50981249999998	144.0548125	464	VANQUISHED
144.0548125	144.1898125	207	HIM
144.1898125	154.36	99999	sp
154.36	154.80800000000002	183	GLUCOSE
154.80800000000002	155.04400000000004	20	AND
155.04400000000004	155.71400000000003	167	FRUCTOSE
155.71400000000003	155.95700000000002	30	ARE
155.95700000000002	156.41400000000002	276	NATURAL
156.41400000000002	156.96400000000003	414	SUGARS
156.96400000000003	157.21500000000003	99999	sp
157.21500000000003	157.52400000000003	163	FOUND
157.52400000000003	157.64400000000003	217	IN
157.64400000000003	157.96400000000003	168	FRUIT
157.96400000000003	166.494125	99999	sp
166.494125	166.567125	30	ARE
166.567125	166.787125	495	YOU
166.787125	167.097125	250	LOOKING
167.097125	167.357125	161	FOR
167.357125	167.897125	136	EMPLOYMENT
167.897125	177.2210625	99999	sp
177.2210625	177.5790625	98	COFFEE
177.5790625	177.7930625	224	IS
177.7930625	177.99906249999998	198	GROWN
177.99906249999998	178.15906249999998	297	ON
178.15906249999998	178.64806249999998	404	STEEP
178.64806249999998	179.0090625	231	JUNGLE
179.0090625	179.2090625	241	LIKE
179.2090625	179.62906249999997	390	SLOPES
179.62906249999997	179.8480625	217	IN
179.8480625	180.3480625	431	TEMPERATE
180.3480625	180.9290625	497	ZONES
180.9290625	188.8278125	99999	sp
188.8278125	188.9588125	476	WE
188.9588125	189.4288125	480	WELCOME
189.4288125	189.7088125	256	MANY
189.7088125	189.8588125	282	NEW
189.8588125	190.26481249999998	408	STUDENTS
190.26481249999998	190.4938125	132	EACH
190.4938125	190.8088125	491	YEAR
190.8088125	200.070625	99999	sp
200.070625	200.413625	298	ONLY
200.413625	200.605625	434	THE
200.605625	200.956625	51	BEST
200.956625	201.383625	330	PLAYERS
201.383625	201.770625	139	ENJOY
201.770625	202.543625	336	POPULARITY
202.543625	210.3065	99999	sp
210.3065	210.81150000000002	75	CALCIUM
210.81150000000002	211.12750000000003	254	MAKES
211.12750000000003	211.44150000000002	58	BONES
211.44150000000002	211.57250000000002	20	AND
211.57250000000002	211.78250000000003	430	TEETH
211.78250000000003	212.26250000000002	406	STRONG
212.26250000000002	220.6484375	99999	sp
220.6484375	221.0824375	286	NOTHING
221.0824375	221.2624375	224	IS
221.2624375	221.5524375	34	AS
221.5524375	222.0424375	295	OFFENSIVE
222.0424375	222.2704375	34	AS
222.2704375	222.9724375	219	INNOCENCE
222.9724375	231.0376875	99999	sp
231.0376875	231.4826875	405	STEVE
231.4826875	231.6786875	490	WORE
231.6786875	231.8286875	1	A
231.8286875	232.1366875	65	BRIGHT
232.1366875	232.4586875	356	RED
232.4586875	232.71168749999998	99999	sp
232.71168749999998	233.2086875	78	CASHMERE
233.2086875	233.6986875	420	SWEATER
233.6986875	242.525375	99999	sp
242.525375	242.881375	46	BARB'S
242.881375	243.14637499999998	188	GOLD
243.14637499999998	243.59237499999998	63	BRACELET
243.59237499999998	243.788375	472	WAS
243.788375	243.87237499999998	1	A
243.87237499999998	244.862375	193	GRADUATION
244.862375	245.423375	339	PRESENT
245.423375	254.6305625	99999	sp
254.6305625	254.8875625	130	DRAW
254.8875625	255.28756249999998	145	EVERY
255.28756249999998	255.62756249999998	308	OUTER
255.62756249999998	255.9165625	244	LINE
255.9165625	256.49756249999996	156	FIRST
256.49756249999996	256.6575625	436	THEN
256.6575625	256.9275625	154	FILL
256.9275625	257.0785625	217	IN
257.0785625	257.1665625	434	THE
257.1665625	257.7975625	222	INTERIOR
257.7975625	266.505125	99999	sp
266.505125	266.57612500000005	434	THE
266.57612500000005	267.06612500000006	475	WATER
267.06612500000006	267.57612500000005	103	CONTAINED
267.57612500000005	267.73512500000004	448	TOO
267.73512500000004	267.96712500000007	269	MUCH
267.96712500000007	268.47512500000005	90	CHLORINE
268.47512500000005	268.63612500000005	20	AND
268.63612500000005	269.00612500000005	409	STUNG
269.00612500000005	269.23512500000004	208	HIS
269.23512500000004	269.73512500000004	149	EYES
269.73512500000004	278.399714542391	99999	sp
278.399714542391	278.838714542391	229	JOHN'S
278.838714542391	279.12171454239103	66	BROTHER
279.12171454239103	279.68871454239104	363	REPAINTED
279.68871454239104	279.78471454239104	434	THE
279.78471454239104	280.435714542391	173	GARAGE
280.435714542391	289.744625	99999	sp
289.744625	290.224625	84	CHALLENGE
290.224625	290.593625	132	EACH
290.593625	291.617625	175	GENERAL'S
291.617625	292.434625	221	INTELLIGENCE
292.434625	302.932125	99999	sp
302.932125	303.89912499999997	17	AMBIDEXTROUS
303.89912499999997	305.32612499999993	327	PICKPOCKETS
305.32612499999993	305.971125	6	ACCOMPLISH
305.971125	306.27312499999994	267	MORE
306.27312499999994	315.0241875	99999	sp
315.0241875	315.2661875	1	A
315.2661875	316.1361875	271	MUSCULAR
316.1361875	316.6961875	2	ABDOMEN
316.6961875	316.9401875	224	IS
316.9401875	317.0761875	189	GOOD
317.0761875	317.2061875	161	FOR
317.2061875	317.3811875	496	YOUR
317.3811875	317.7761875	43	BACK
317.7761875	326.302625	99999	sp
326.302625	326.480625	438	THEY
326.480625	326.720625	317	OWN
326.720625	326.847625	1	A
326.847625	327.040625	52	BIG
327.040625	327.431625	209	HOUSE
327.431625	327.674625	217	IN
327.674625	327.780625	434	THE
327.780625	328.191625	361	REMOTE
328.191625	328.94962499999997	109	COUNTRYSIDE
328.94962499999997	335.99025	99999	sp
335.99025	336.06025	434	THE
336.06025	336.61025	369	ROSE
336.61025	337.13025	106	CORSAGE
337.13025	337.51025	393	SMELLED
337.51025	337.88025	421	SWEET
337.88025	346.2385625	99999	sp
346.2385625	346.4715625	433	THAT
346.4715625	347.0205625	326	PICKPOCKET
347.0205625	347.5125625	472	WAS
347.5125625	347.8065625	80	CAUGHT
347.8065625	347.9925625	356	RED
347.9925625	348.6595625	199	HANDED
348.6595625	358.066	99999	sp
358.066	358.14399999999995	19	AN
358.14399999999995	358.57599999999996	9	ADULT
358.57599999999996	358.92799999999994	255	MALE
358.92799999999994	359.44599999999997	42	BABOON'S
359.44599999999997	359.76199999999994	430	TEETH
359.76199999999994	359.85099999999994	30	ARE
359.85099999999994	360.092	285	NOT
360.092	360.53399999999993	415	SUITABLE
360.53399999999993	360.79299999999995	161	FOR
360.79299999999995	361.10799999999995	135	EATING
361.10799999999995	361.756	376	SHELLFISH
361.756	370.6856875	99999	sp
370.6856875	370.9156875	204	HER
370.9156875	371.5276875	470	WARDROBE
371.5276875	372.0666875	102	CONSISTS
372.0666875	372.39968749999997	294	OF
372.39968749999997	372.7256875	298	ONLY
372.7256875	373.1656875	385	SKIRTS
373.1656875	373.42368749999997	20	AND
373.42368749999997	374.1366875	54	BLOUSES
374.1366875	382.7696875	99999	sp
382.7696875	382.9916875	434	THE
382.9916875	383.2146875	453	TWO
383.2146875	383.7366875	33	ARTISTS
383.7366875	384.4836875	147	EXCHANGED
384.4836875	385.2536875	39	AUTOGRAPHS
385.2536875	394.368125	99999	sp
394.368125	395.045125	71	BUTTERSCOTCH
395.045125	395.486125	169	FUDGE
395.486125	395.785125	186	GOES
395.785125	396.085125	481	WELL
396.085125	396.295125	487	WITH
396.295125	396.645125	463	VANILLA
396.645125	396.997125	212	ICE
396.997125	397.275125	112	CREAM
397.275125	407.290875	99999	sp
407.290875	407.671875	366	RICH
407.671875	408.477875	349	PURCHASED
408.477875	409.140875	374	SEVERAL
409.140875	409.724875	382	SIGNED
409.724875	409.98787500000003	99999	sp
409.98787500000003	410.884875	245	LITHOGRAPHS
410.884875	418.7655625	99999	sp
418.7655625	418.9475625	24	ANY
418.9475625	419.8675625	105	CONTRIBUTIONS
419.8675625	420.0285625	485	WILL
420.0285625	420.1925625	47	BE
420.1925625	420.5575625	195	GREATLY
420.5575625	421.3805625	28	APPRECIATED
421.3805625	429.8025625	99999	sp
429.8025625	429.9605625	434	THE
429.9605625	430.5225625	111	CRANBERRY
430.5225625	430.9475625	57	BOG
430.9475625	431.2125625	178	GETS
431.2125625	431.5355625	465	VERY
431.5355625	431.7915625	340	PRETTY
431.7915625	431.9225625	217	IN
431.9225625	432.2915625	40	AUTUMN
432.2915625	440.3641875	99999	sp
440.3641875	440.58918750000004	210	HOW
440.58918750000004	440.74018750000005	128	DO
440.74018750000005	441.25018750000004	318	OYSTERS
441.25018750000004	441.4551875	253	MAKE
441.4551875	442.00018750000004	320	PEARLS
442.00018750000004	449.738125	99999	sp
449.738125	449.99712500000004	257	MAY
449.99712500000004	450.17712500000005	211	I
450.17712500000005	450.548125	304	ORDER
450.548125	450.630125	1	A
450.630125	451.00812500000006	319	PARFAIT
451.00812500000006	451.30712500000004	10	AFTER
451.30712500000004	451.40812500000004	211	I
451.40812500000004	451.66812500000003	134	EAT
451.66812500000003	452.02812500000005	124	DINNER
452.02812500000005	459.0464375	99999	sp
459.0464375	459.15143750000004	224	IS
459.15143750000004	459.3834375	375	SHE
459.3834375	459.69043750000003	187	GOING
459.69043750000003	459.91843750000004	487	WITH
459.91843750000004	460.08143750000005	495	YOU
460.08143750000005	468.06725	99999	sp
468.06725	468.26425	76	CAN
468.26425	468.33425	434	THE
468.33425	468.98325	11	AGENCY
468.98325	469.64425	315	OVERTHROW
469.64425	470.01425	13	ALIEN
470.01425	470.64425	162	FORCES
470.64425	479.3057840882747	99999	sp
479.3057840882747	479.36278408827474	1	A
479.36278408827474	480.08178408827473	371	SCREWDRIVER
480.08178408827473	480.29278408827474	224	IS
480.29278408827474	480.5217840882747	252	MADE
480.5217840882747	480.7527840882747	166	FROM
480.7527840882747	481.3727840882747	469	VODKA
481.3727840882747	481.65078408827475	99999	sp
481.65078408827475	481.80278408827473	20	AND
481.80278408827473	482.07178408827474	303	ORANGE
482.07178408827474	482.59278408827475	230	JUICE
482.59278408827475	489.956	99999	sp
489.956	490.091	210	HOW
490.091	490.362	269	MUCH
490.362	490.823	16	ALLOWANCE
490.823	490.911	128	DO
490.911	491.102	495	YOU
491.102	491.332	177	GET
491.332	503.45764135026536	99999	sp
503.45764135026536	504.48664135026536	88888	CYCLE
504.48664135026536	505.50164135026534	99999	sp
505.50164135026534	505.91764135026534	88888	CYCLE
505.91764135026534	507.28764135026535	346	PROGRAMS
507.28764135026535	507.46764135026535	485	WILL
507.46764135026535	507.81464135026533	281	NEVER
507.81464135026533	508.30664135026535	100	COMPILE
508.30664135026535	517.875875	99999	sp
517.875875	518.0688749999999	434	THE
518.0688749999999	518.695875	61	BOSTON
518.695875	519.307875	45	BALLET
519.307875	519.8618749999999	312	OVERCAME
519.8618749999999	520.0458749999999	435	THEIR
520.0458749999999	520.441875	170	FUNDING
520.441875	521.061875	380	SHORTAGE
521.061875	529.8506875	99999	sp
529.8506875	530.1616875	145	EVERY
530.1616875	530.4626875	74	CAB
530.4626875	530.7886875	280	NEEDS
530.7886875	531.2936875	364	REPAINTING
531.2936875	531.8626875	296	OFTEN
531.8626875	540.00175	99999	sp
540.00175	540.34675	203	HELP
540.34675	540.87375	196	GREG
540.87375	541.05875	446	TO
541.05875	541.44275	325	PICK
541.44275	541.6007500000001	99999	sp
541.6007500000001	541.75775	1	A
541.75775	542.0527500000001	321	PECK
542.0527500000001	542.26575	294	OF
542.26575	542.93275	338	POTATOES
542.93275	550.9735625	99999	sp
550.9735625	551.0935625	476	WE
551.0935625	551.3585625	241	LIKE
551.3585625	551.5675625	55	BLUE
551.5675625	551.9835625	88	CHEESE
551.9835625	552.1235624999999	70	BUT
552.1235624999999	552.4935624999999	466	VICTOR
552.4935624999999	552.8345625	242	LIKES
552.8345625	553.1645625	64	BRIE
553.1645625	561.8245625	99999	sp
561.8245625	562.0685625	108	COUNT
562.0685625	562.1495625	434	THE
562.1495625	562.5585625	289	NUMBER
562.5585625	562.7035625	294	OF
562.7035625	563.3085625	429	TEASPOONS
563.3085625	563.3995625	294	OF
563.3995625	563.9995625	395	SOYSAUCE
563.9995625	564.1295625	433	THAT
564.1295625	564.2885625	495	YOU
564.2885625	564.6935625	7	ADD
564.6935625	572.988125	99999	sp
572.988125	573.514125	44	BAGPIPES
573.514125	573.740125	20	AND
573.740125	574.184125	59	BONGOS
574.184125	574.284125	30	ARE
574.284125	574.723125	273	MUSICAL
574.723125	575.414125	220	INSTRUMENTS
575.414125	582.1664375	99999	sp
582.1664375	582.4164375	210	HOW
582.4164375	582.6174375	189	GOOD
582.6174375	582.7864375	224	IS
582.7864375	582.9774375000001	496	YOUR
582.9774375000001	583.6464375	138	ENDURANCE
583.6464375	612.1138125	99999	sp
1152.1925625	1152.3015624999998	30	ARE
1152.3015624999998	1152.4575624999998	496	YOUR
1152.4575624999998	1152.7475624999997	192	GRADES
1152.7475624999997	1153.1415625	206	HIGHER
1153.1415625	1153.2625624999998	302	OR
1153.2625624999998	1153.5515624999998	251	LOWER
1153.5515624999998	1153.7025624999999	432	THAN
1153.7025624999999	1154.3825625	275	NANCY'S
1154.3825625	1161.5980625	99999	sp
1161.5980625	1161.8050624999998	375	SHE
1161.8050624999998	1162.1260624999998	490	WORE
1162.1260624999998	1162.7010625	471	WARM
1162.7010625	1163.0660624999998	158	FLEECY
1163.0660624999998	1163.4910625	489	WOOLEN
1163.4910625	1164.2560624999999	311	OVERALLS
1164.2560624999999	1171.0435625	99999	sp
1171.0435625	1171.3385624999999	354	READING
1171.3385624999999	1171.5055625	217	IN
1171.5055625	1171.7675625	335	POOR
1171.7675625	1172.0315625	240	LIGHT
1172.0315625	1172.2435625	181	GIVES
1172.2435625	1172.3775625	495	YOU
1172.3775625	1172.9975625	150	EYESTRAIN
1172.9975625	1179.9058125	99999	sp
1179.9058125	1180.1158125	142	EVEN
1180.1158125	1180.3858125	211	I
1180.3858125	1180.8588124999999	293	OCCASIONALLY
1180.8588124999999	1181.0298124999997	177	GET
1181.0298124999997	1181.0848124999998	434	THE
1181.0848124999998	1181.4028124999998	265	MONDAY
1181.4028124999998	1181.9248124999997	56	BLUES
1181.9248124999997	1188.6571875	99999	sp
1188.6571875	1188.7301874999998	476	WE
1188.7301874999998	1188.9091875	30	ARE
1188.9091875	1189.2901875	301	OPEN
1189.2901875	1189.5701875	145	EVERY
1189.5701875	1189.8891875	265	MONDAY
1189.8891875	1190.3691875	143	EVENING
1190.3691875	1197.796375	99999	sp
1197.796375	1197.992375	226	IT'S
1197.992375	1198.171375	285	NOT
1198.171375	1198.509375	133	EASY
1198.509375	1198.683375	446	TO
1198.683375	1198.872375	113	CREATE
1198.872375	1199.421375	215	ILLUMINATING
1199.421375	1200.311375	146	EXAMPLES
1200.311375	1206.8465	99999	sp
1206.8465	1207.1025	270	MUM
1207.1025	1207.5755000000001	407	STRONGLY
1207.5755000000001	1207.9525	126	DISLIKES
1207.9525	1208.7335	27	APPETIZERS
1208.7335	1215.87675	99999	sp
1215.87675	1216.09475	443	THOSE
1216.09475	1216.25775	484	WHO
1216.25775	1216.53375	427	TEACH
1216.53375	1216.94375	462	VALUES
1216.94375	1217.20375	156	FIRST
1217.20375	1217.72275	88888	ABOLISHED
1217.72275	1218.14375	87	CHEATING
1218.14375	1226.1450625	99999	sp
1226.1450625	1226.2160625	434	THE
1226.2160625	1226.5930624999999	165	FRIGHTENED
1226.5930624999999	1226.8860625	89	CHILD
1226.8860625	1227.1390625	472	WAS
1227.1390625	1227.4060625	176	GENTLY
1227.4060625	1227.9340625	410	SUBDUED
1227.9340625	1228.0860625	73	BY
1228.0860625	1228.2860624999998	208	HIS
1228.2860624999998	1228.5530625	52	BIG
1228.5530625	1228.9460625	66	BROTHER
1228.9460625	1236.251875	99999	sp
1236.251875	1236.5548749999998	142	EVEN
1236.5548749999998	1236.714875	1	A
1236.714875	1237.143875	383	SIMPLE
1237.143875	1237.8308749999999	468	VOCABULARY
1237.8308749999999	1238.2638749999999	104	CONTAINS
1238.2638749999999	1238.913875	422	SYMBOLS
1238.913875	1247.2266875	99999	sp
1247.2266875	1247.3636875000002	1	A
1247.3636875000002	1247.7256875	110	CRAB
1247.7256875	1248.1836875000001	85	CHALLENGED
1248.1836875000001	1248.3796875	258	ME
1248.3796875	1248.6726875000002	70	BUT
1248.6726875000002	1249.0826875	99999	sp
1249.0826875	1249.2676875000002	1	A
1249.2676875000002	1249.4726875000001	350	QUICK
1249.4726875000001	1249.8566875000001	402	STAB
1249.8566875000001	1250.3726875	464	VANQUISHED
1250.3726875	1250.5436875	207	HIM
1250.5436875	1258.18925	99999	sp
1258.18925	1258.5752499999999	183	GLUCOSE
1258.5752499999999	1258.71525	20	AND
1258.71525	1259.21525	167	FRUCTOSE
1259.21525	1259.33825	30	ARE
1259.33825	1259.74525	276	NATURAL
1259.74525	1260.13525	414	SUGARS
1260.13525	1260.34525	163	FOUND
1260.34525	1260.46525	217	IN
1260.46525	1260.77525	168	FRUIT
1260.77525	1267.8415	99999	sp
1267.8415	1267.9605	30	ARE
1267.9605	1268.1105	495	YOU
1268.1105	1268.4105	250	LOOKING
1268.4105	1268.6105	161	FOR
1268.6105	1269.1205	136	EMPLOYMENT
1269.1205	1277.6678125	99999	sp
1277.6678125	1277.9848125	98	COFFEE
1277.9848125	1278.1598125	224	IS
1278.1598125	1278.4158125000001	198	GROWN
1278.4158125000001	1278.5748125	297	ON
1278.5748125	1278.9918125	404	STEEP
1278.9918125	1279.2758125	231	JUNGLE
1279.2758125	1279.4538125000001	241	LIKE
1279.4538125000001	1279.8248125	390	SLOPES
1279.8248125	1279.9898125	217	IN
1279.9898125	1280.3658125	431	TEMPERATE
1280.3658125	1280.9458125	497	ZONES
1280.9458125	1287.5615	99999	sp
1287.5615	1287.6785	476	WE
1287.6785	1288.0775	480	WELCOME
1288.0775	1288.3375	256	MANY
1288.3375	1288.4885	282	NEW
1288.4885	1288.9585	408	STUDENTS
1288.9585	1289.2005	132	EACH
1289.2005	1289.4075	491	YEAR
1289.4075	1296.5766875	99999	sp
1296.5766875	1296.8146875	298	ONLY
1296.8146875	1296.9926874999999	434	THE
1296.9926874999999	1297.3206874999998	51	BEST
1297.3206874999998	1297.7546874999998	330	PLAYERS
1297.7546874999998	1298.1046875	139	ENJOY
1298.1046875	1298.8756875	336	POPULARITY
1298.8756875	1306.09175	99999	sp
1306.09175	1306.53575	75	CALCIUM
1306.53575	1306.8477500000001	254	MAKES
1306.8477500000001	1307.42975	58	BONES
1307.42975	1307.61875	20	AND
1307.61875	1307.81575	430	TEETH
1307.81575	1308.24675	406	STRONG
1308.24675	1315.1930625	99999	sp
1315.1930625	1315.4950625000001	286	NOTHING
1315.4950625000001	1315.6960625000002	224	IS
1315.6960625000002	1315.8870625	34	AS
1315.8870625	1316.4150625	295	OFFENSIVE
1316.4150625	1316.6350625	34	AS
1316.6350625	1317.3660625	219	INNOCENCE
1317.3660625	1324.302	99999	sp
1324.302	1324.672	405	STEVE
1324.672	1324.998	490	WORE
1324.998	1325.238	65	BRIGHT
1325.238	1325.5439999999999	356	RED
1325.5439999999999	1326.018	78	CASHMERE
1326.018	1326.618	88888	SWEATHER
1326.618	1334.103875	99999	sp
1334.103875	1334.4138750000002	46	BARB'S
1334.4138750000002	1334.641875	188	GOLD
1334.641875	1335.0208750000002	63	BRACELET
1335.0208750000002	1335.2208750000002	472	WAS
1335.2208750000002	1335.292875	1	A
1335.292875	1335.9708750000002	193	GRADUATION
1335.9708750000002	1336.3208750000001	339	PRESENT
1336.3208750000001	1344.4583125	99999	sp
1344.4583125	1344.7073125	130	DRAW
1344.7073125	1345.0173125	145	EVERY
1345.0173125	1345.3873125	308	OUTER
1345.3873125	1345.6773125	244	LINE
1345.6773125	1346.1693125	156	FIRST
1346.1693125	1346.3173124999998	436	THEN
1346.3173124999998	1346.5173125	154	FILL
1346.5173125	1346.6863125	217	IN
1346.6863125	1346.7573125	434	THE
1346.7573125	1347.3473124999998	222	INTERIOR
1347.3473124999998	1355.068	99999	sp
1355.068	1355.1299999999999	434	THE
1355.1299999999999	1355.526	475	WATER
1355.526	1355.947	103	CONTAINED
1355.947	1356.066	448	TOO
1356.066	1356.315	269	MUCH
1356.315	1356.816	90	CHLORINE
1356.816	1357.006	20	AND
1357.006	1357.326	409	STUNG
1357.326	1357.5159999999998	208	HIS
1357.5159999999998	1357.9859999999999	149	EYES
1357.9859999999999	1364.6384134414768	99999	sp
1364.6384134414768	1365.0584134414767	229	JOHN'S
1365.0584134414767	1365.3114134414768	66	BROTHER
1365.3114134414768	1365.8144134414767	363	REPAINTED
1365.8144134414767	1365.9294134414768	434	THE
1365.9294134414768	1366.5024134414768	173	GARAGE
1366.5024134414768	1374.4961875	99999	sp
1374.4961875	1374.9031875	84	CHALLENGE
1374.9031875	1375.0701875	132	EACH
1375.0701875	1375.6111875	175	GENERAL'S
1375.6111875	1376.4411874999998	221	INTELLIGENCE
1376.4411874999998	1384.51475	99999	sp
1384.51475	1385.31975	17	AMBIDEXTROUS
1385.31975	1385.8617500000003	327	PICKPOCKETS
1385.8617500000003	1386.2987500000002	6	ACCOMPLISH
1386.2987500000002	1386.6237500000002	267	MORE
1386.6237500000002	1393.757875	99999	sp
1393.757875	1393.800875	1	A
1393.800875	1394.347875	271	MUSCULAR
1394.347875	1394.717875	2	ABDOMEN
1394.717875	1394.987875	224	IS
1394.987875	1395.127875	189	GOOD
1395.127875	1395.287875	161	FOR
1395.287875	1395.415875	496	YOUR
1395.415875	1395.829875	43	BACK
1395.829875	1403.449	99999	sp
1403.449	1403.615	438	THEY
1403.615	1403.825	317	OWN
1403.825	1403.968	1	A
1403.968	1404.175	52	BIG
1404.175	1404.489	209	HOUSE
1404.489	1404.589	217	IN
1404.589	1404.749	434	THE
1404.749	1405.183	361	REMOTE
1405.183	1405.9370000000001	109	COUNTRYSIDE
1405.9370000000001	1413.18225	99999	sp
1413.18225	1413.63525	434	THE
1413.63525	1414.17725	369	ROSE
1414.17725	1414.6252499999998	106	CORSAGE
1414.6252499999998	1415.00525	393	SMELLED
1415.00525	1415.38525	421	SWEET
1415.38525	1421.696625	99999	sp
1421.696625	1421.910625	433	THAT
1421.910625	1422.524625	326	PICKPOCKET
1422.524625	1422.757625	472	WAS
1422.757625	1422.894625	80	CAUGHT
1422.894625	1423.104625	356	RED
1423.104625	1423.504625	199	HANDED
1423.504625	1431.6683125	99999	sp
1431.6683125	1431.7253125	19	AN
1431.7253125	1432.1283125	9	ADULT
1432.1283125	1432.3793125	255	MALE
1432.3793125	1432.9353125	42	BABOON'S
1432.9353125	1433.1713125	430	TEETH
1433.1713125	1433.2483125	30	ARE
1433.2483125	1433.4383125	285	NOT
1433.4383125	1433.8183125	415	SUITABLE
1433.8183125	1433.9483125	161	FOR
1433.9483125	1434.2243125	135	EATING
1434.2243125	1434.8983125	376	SHELLFISH
1434.8983125	1443.0088125	99999	sp
1443.0088125	1443.1258125	204	HER
1443.1258125	1443.6398124999998	470	WARDROBE
1443.6398124999998	1444.1048125	102	CONSISTS
1444.1048125	1444.2748124999998	294	OF
1444.2748124999998	1444.5648125	298	ONLY
1444.5648125	1445.0148124999998	385	SKIRTS
1445.0148124999998	1445.1508125	20	AND
1445.1508125	1445.8248125	54	BLOUSES
1445.8248125	1453.002125	99999	sp
1453.002125	1453.185125	434	THE
1453.185125	1453.3921249999999	453	TWO
1453.3921249999999	1453.8731249999998	33	ARTISTS
1453.8731249999998	1454.581125	147	EXCHANGED
1454.581125	1455.282125	39	AUTOGRAPHS
1455.282125	1462.7244375	99999	sp
1462.7244375	1463.2384375	71	BUTTERSCOTCH
1463.2384375	1463.6024375	169	FUDGE
1463.6024375	1463.8384375	186	GOES
1463.8384375	1464.0584375	481	WELL
1464.0584375	1464.2674375	487	WITH
1464.2674375	1464.5874375	463	VANILLA
1464.5874375	1464.9724375	212	ICE
1464.9724375	1465.2384375	112	CREAM
1465.2384375	1472.4220625	99999	sp
1472.4220625	1472.7060625	366	RICH
1472.7060625	1473.0850625	349	PURCHASED
1473.0850625	1473.5450624999999	374	SEVERAL
1473.5450624999999	1473.9250625	382	SIGNED
1473.9250625	1474.7540625	245	LITHOGRAPHS
1474.7540625	1482.158375	99999	sp
1482.158375	1482.269375	24	ANY
1482.269375	1483.0723750000002	105	CONTRIBUTIONS
1483.0723750000002	1483.145375	485	WILL
1483.145375	1483.2553750000002	47	BE
1483.2553750000002	1483.625375	195	GREATLY
1483.625375	1484.335375	28	APPRECIATED
1484.335375	1491.5064375	99999	sp
1491.5064375	1491.6414374999997	434	THE
1491.6414374999997	1492.2054374999998	111	CRANBERRY
1492.2054374999998	1492.5104374999999	57	BOG
1492.5104374999999	1492.7754374999997	178	GETS
1492.7754374999997	1493.0784374999998	465	VERY
1493.0784374999998	1493.3064375	340	PRETTY
1493.3064375	1493.4464374999998	217	IN
1493.4464374999998	1493.7854375	40	AUTUMN
1493.7854375	1500.073875	99999	sp
1500.073875	1500.2408750000002	210	HOW
1500.2408750000002	1500.359875	128	DO
1500.359875	1500.8388750000001	318	OYSTERS
1500.8388750000001	1501.036875	253	MAKE
1501.036875	1501.518875	320	PEARLS
1501.518875	1508.21575	99999	sp
1508.21575	1508.4247500000001	257	MAY
1508.4247500000001	1508.45575	211	I
1508.45575	1508.77575	304	ORDER
1508.77575	1508.86275	1	A
1508.86275	1509.23475	319	PARFAIT
1509.23475	1509.48475	10	AFTER
1509.48475	1509.51575	211	I
1509.51575	1509.72375	134	EAT
1509.72375	1510.04475	124	DINNER
1510.04475	1516.1056875	99999	sp
1516.1056875	1516.2016875	224	IS
1516.2016875	1516.4136875	375	SHE
1516.4136875	1516.7316874999997	187	GOING
1516.7316874999997	1516.9626875	487	WITH
1516.9626875	1517.1806874999997	495	YOU
1517.1806874999997	1524.5865	99999	sp
1524.5865	1524.7605	76	CAN
1524.7605	1524.8205	434	THE
1524.8205	1525.4295	11	AGENCY
1525.4295	1525.9295	315	OVERTHROW
1525.9295	1526.2904999999998	13	ALIEN
1526.2904999999998	1526.9005	162	FORCES
1526.9005	1534.8348635761413	99999	sp
1534.8348635761413	1534.8928635761413	1	A
1534.8928635761413	1535.534863576141	371	SCREWDRIVER
1535.534863576141	1535.6958635761412	224	IS
1535.6958635761412	1535.9148635761412	252	MADE
1535.9148635761412	1536.2128635761412	166	FROM
1536.2128635761412	1536.5558635761413	469	VODKA
1536.5558635761413	1536.8058635761413	20	AND
1536.8058635761413	1537.1958635761412	303	ORANGE
1537.1958635761412	1537.6358635761412	230	JUICE
1537.6358635761412	1543.493125	99999	sp
1543.493125	1543.604125	210	HOW
1543.604125	1543.845125	269	MUCH
1543.845125	1544.263125	16	ALLOWANCE
1544.263125	1544.345125	128	DO
1544.345125	1544.484125	495	YOU
1544.484125	1544.725125	177	GET
1544.725125	1552.7256875	99999	sp
1552.7256875	1553.4646875	88888	CYNICAL
1553.4646875	1553.9286875	346	PROGRAMS
1553.9286875	1554.0186875	485	WILL
1554.0186875	1554.2876875	281	NEVER
1554.2876875	1554.8576874999999	100	COMPILE
1554.8576874999999	1562.2964375	99999	sp
1562.2964375	1562.4304375	434	THE
1562.4304375	1562.9344375	61	BOSTON
1562.9344375	1563.2664375	45	BALLET
1563.2664375	1563.7514375	312	OVERCAME
1563.7514375	1563.8864374999998	435	THEIR
1563.8864374999998	1564.2274375	170	FUNDING
1564.2274375	1564.8674375	380	SHORTAGE
1564.8674375	1571.716875	99999	sp
1571.716875	1571.965875	145	EVERY
1571.965875	1572.210875	74	CAB
1572.210875	1572.5178750000002	280	NEEDS
1572.5178750000002	1572.989875	364	REPAINTING
1572.989875	1573.429875	296	OFTEN
1573.429875	1581.276625	99999	sp
1581.276625	1581.556625	203	HELP
1581.556625	1581.826625	196	GREG
1581.826625	1581.915625	446	TO
1581.915625	1582.296625	325	PICK
1582.296625	1582.4056249999999	1	A
1582.4056249999999	1582.725625	321	PECK
1582.725625	1582.806625	294	OF
1582.806625	1583.546625	338	POTATOES
1583.546625	1590.4238125	99999	sp
1590.4238125	1590.5538124999998	476	WE
1590.5538124999998	1590.8408124999999	241	LIKE
1590.8408124999999	1590.9838124999999	55	BLUE
1590.9838124999999	1591.3138125	88	CHEESE
1591.3138125	1591.4798125	70	BUT
1591.4798125	1591.7398125	466	VICTOR
1591.7398125	1592.1188124999999	242	LIKES
1592.1188124999999	1592.4108124999998	64	BRIE
1592.4108124999998	1600.5524375	99999	sp
1600.5524375	1600.7954375000002	108	COUNT
1600.7954375000002	1600.8654375	434	THE
1600.8654375	1601.2254375000002	289	NUMBER
1601.2254375000002	1601.3394375	294	OF
1601.3394375	1601.9054375	429	TEASPOONS
1601.9054375	1602.0244375000002	294	OF
1602.0244375000002	1602.5454375000002	395	SOYSAUCE
1602.5454375000002	1602.7144375	433	THAT
1602.7144375	1602.8454375000001	495	YOU
1602.8454375000001	1603.2444375	7	ADD
1603.2444375	1610.323875	99999	sp
1610.323875	1610.9068750000001	88888	BAGPIKES
1610.9068750000001	1611.1078750000001	20	AND
1611.1078750000001	1611.5368750000002	59	BONGOS
1611.5368750000002	1611.5968750000002	30	ARE
1611.5968750000002	1612.0178750000002	273	MUSICAL
1612.0178750000002	1612.7578750000002	220	INSTRUMENTS
1612.7578750000002	1618.7484375	99999	sp
1618.7484375	1618.9744374999998	210	HOW
1618.9744374999998	1619.0994374999998	189	GOOD
1619.0994374999998	1619.2754374999997	224	IS
1619.2754374999997	1619.3804374999997	496	YOUR
1619.3804374999997	1620.0904374999998	138	ENDURANCE
1620.0904374999998	1647.935875	99999	sp
2142.4084375	2142.4804375000003	30	ARE
2142.4804375000003	2142.6844375000005	496	YOUR
2142.6844375000005	2142.9714375000003	192	GRADES
2142.9714375000003	2143.2904375000003	206	HIGHER
2143.2904375000003	2143.4714375000003	302	OR
2143.4714375000003	2143.7904375000003	251	LOWER
2143.7904375000003	2143.9414375000006	432	THAN
2143.9414375000006	2144.6704375000004	275	NANCY'S
2144.6704375000004	2152.248	99999	sp
2152.248	2152.414	375	SHE
2152.414	2153.05	490	WORE
2153.05	2153.5550000000003	471	WARM
2153.5550000000003	2154.094	158	FLEECY
2154.094	2154.395	489	WOOLEN
2154.395	2155.154	311	OVERALLS
2155.154	2161.420375	99999	sp
2161.420375	2161.7023750000003	354	READING
2161.7023750000003	2161.8923750000004	217	IN
2161.8923750000004	2162.1423750000004	335	POOR
2162.1423750000004	2162.389375	240	LIGHT
2162.389375	2162.592375	181	GIVES
2162.592375	2162.7223750000003	495	YOU
2162.7223750000003	2163.3523750000004	150	EYESTRAIN
2163.3523750000004	2170.8288125	99999	sp
2170.8288125	2171.1148125	142	EVEN
2171.1148125	2171.3588125	211	I
2171.3588125	2171.8968125	293	OCCASIONALLY
2171.8968125	2172.0438125	177	GET
2172.0438125	2172.1088125	434	THE
2172.1088125	2172.4668125	265	MONDAY
2172.4668125	2172.9188125	56	BLUES
2172.9188125	2179.61125	99999	sp
2179.61125	2179.72025	476	WE
2179.72025	2179.87025	30	ARE
2179.87025	2180.15625	301	OPEN
2180.15625	2180.41925	145	EVERY
2180.41925	2180.69025	265	MONDAY
2180.69025	2181.16925	143	EVENING
2181.16925	2188.939	99999	sp
2188.939	2189.128	226	IT'S
2189.128	2189.32	285	NOT
2189.32	2189.772	133	EASY
2189.772	2190.003	446	TO
2190.003	2190.329	113	CREATE
2190.329	2191.029	215	ILLUMINATING
2191.029	2191.789	146	EXAMPLES
2191.789	2198.4388125	99999	sp
2198.4388125	2198.6578124999996	270	MUM
2198.6578124999996	2199.1388125	407	STRONGLY
2199.1388125	2199.5378124999997	126	DISLIKES
2199.5378124999997	2200.3768124999997	27	APPETIZERS
2200.3768124999997	2207.2865625	99999	sp
2207.2865625	2207.5355625	443	THOSE
2207.5355625	2207.8265625000004	484	WHO
2207.8265625000004	2208.2185625	427	TEACH
2208.2185625	2208.6445625	462	VALUES
2208.6445625	2208.8945625	156	FIRST
2208.8945625	2209.3575625000003	4	ABOLISH
2209.3575625000003	2209.7355625	87	CHEATING
2209.7355625	2217.4769375	99999	sp
2217.4769375	2217.5589375	434	THE
2217.5589375	2217.9229375	165	FRIGHTENED
2217.9229375	2218.1729375	89	CHILD
2218.1729375	2218.4129375	472	WAS
2218.4129375	2218.7329375	176	GENTLY
2218.7329375	2219.2259375	410	SUBDUED
2219.2259375	2219.3929375000002	73	BY
2219.3929375000002	2219.6549375	208	HIS
2219.6549375	2219.8719375	52	BIG
2219.8719375	2220.2929375	66	BROTHER
2220.2929375	2227.5670625	99999	sp
2227.5670625	2227.8020625	142	EVEN
2227.8020625	2227.8710625	1	A
2227.8710625	2228.3310625	383	SIMPLE
2228.3310625	2228.9400625	468	VOCABULARY
2228.9400625	2229.3610625	104	CONTAINS
2229.3610625	2230.0100625	422	SYMBOLS
2230.0100625	2237.2891875	99999	sp
2237.2891875	2237.3931875000003	1	A
2237.3931875000003	2237.7011875000003	110	CRAB
2237.7011875000003	2238.1291875	85	CHALLENGED
2238.1291875	2238.3711875000004	258	ME
2238.3711875000004	2238.4891875000003	70	BUT
2238.4891875000003	2238.5911875	1	A
2238.5911875	2238.7691875000005	350	QUICK
2238.7691875000005	2239.0901875000004	402	STAB
2239.0901875000004	2239.1681875000004	99999	sp
2239.1681875000004	2239.6191875000004	464	VANQUISHED
2239.6191875000004	2239.8091875000005	207	HIM
2239.8091875000005	2247.3506875	99999	sp
2247.3506875	2247.7736875	183	GLUCOSE
2247.7736875	2247.9356875	20	AND
2247.9356875	2248.3716875	167	FRUCTOSE
2248.3716875	2248.5966875	30	ARE
2248.5966875	2248.9576875	276	NATURAL
2248.9576875	2249.3666875	414	SUGARS
2249.3666875	2249.5966875	163	FOUND
2249.5966875	2249.6846874999997	217	IN
2249.6846874999997	2250.0056875	168	FRUIT
2250.0056875	2255.6763125	99999	sp
2255.6763125	2255.7433125000002	30	ARE
2255.7433125000002	2255.8243125000004	495	YOU
2255.8243125000004	2256.1463125000005	250	LOOKING
2256.1463125000005	2256.3153125000003	161	FOR
2256.3153125000003	2256.8463125000003	136	EMPLOYMENT
2256.8463125000003	2265.001375	99999	sp
2265.001375	2265.2923749999995	98	COFFEE
2265.2923749999995	2265.481375	224	IS
2265.481375	2265.7923749999995	198	GROWN
2265.7923749999995	2266.001375	297	ON
2266.001375	2266.4183749999997	404	STEEP
2266.4183749999997	2266.751375	231	JUNGLE
2266.751375	2266.952375	241	LIKE
2266.952375	2267.3413749999995	390	SLOPES
2267.3413749999995	2267.5073749999997	217	IN
2267.5073749999997	2267.925375	431	TEMPERATE
2267.925375	2268.4823749999996	497	ZONES
2268.4823749999996	2275.0130625	99999	sp
2275.0130625	2275.1180625000006	476	WE
2275.1180625000006	2275.4720625000004	480	WELCOME
2275.4720625000004	2275.7410625	256	MANY
2275.7410625	2275.8920625000005	282	NEW
2275.8920625000005	2276.2620625000004	408	STUDENTS
2276.2620625000004	2276.4870625000003	132	EACH
2276.4870625000003	2276.7410625	491	YEAR
2276.7410625	2283.5769375	99999	sp
2283.5769375	2283.7589375	298	ONLY
2283.7589375	2283.9519375	434	THE
2283.9519375	2284.2159375	51	BEST
2284.2159375	2284.4989375	330	PLAYERS
2284.4989375	2284.8999375	139	ENJOY
2284.8999375	2285.6389375	336	POPULARITY
2285.6389375	2291.9208125	99999	sp
2291.9208125	2292.3288125	75	CALCIUM
2292.3288125	2292.6288125	254	MAKES
2292.6288125	2292.8788125	58	BONES
2292.8788125	2293.0488125	20	AND
2293.0488125	2293.2388125	430	TEETH
2293.2388125	2293.6788125	406	STRONG
2293.6788125	2300.2281875	99999	sp
2300.2281875	2300.6031875	286	NOTHING
2300.6031875	2300.8221875	224	IS
2300.8221875	2301.0221875	34	AS
2301.0221875	2301.5331875	295	OFFENSIVE
2301.5331875	2301.7531875	34	AS
2301.7531875	2302.4431875	219	INNOCENCE
2302.4431875	2308.98025	99999	sp
2308.98025	2309.1642500000003	375	SHE
2309.1642500000003	2309.4732500000005	490	WORE
2309.4732500000005	2309.5642500000004	1	A
2309.5642500000004	2309.8742500000003	65	BRIGHT
2309.8742500000003	2310.20125	356	RED
2310.20125	2310.62525	78	CASHMERE
2310.62525	2311.1352500000003	420	SWEATER
2311.1352500000003	2318.20925	99999	sp
2318.20925	2318.53625	46	BARB'S
2318.53625	2318.75225	188	GOLD
2318.75225	2319.17425	63	BRACELET
2319.17425	2319.43325	472	WAS
2319.43325	2320.03225	193	GRADUATION
2320.03225	2320.45425	339	PRESENT
2320.45425	2328.1235	99999	sp
2328.1235	2328.3645	130	DRAW
2328.3645	2328.7045000000003	145	EVERY
2328.7045000000003	2328.9745000000003	308	OUTER
2328.9745000000003	2329.1955000000003	244	LINE
2329.1955000000003	2329.5975000000003	156	FIRST
2329.5975000000003	2329.7425000000003	436	THEN
2329.7425000000003	2329.9745000000003	154	FILL
2329.9745000000003	2330.1085000000003	217	IN
2330.1085000000003	2330.1655	434	THE
2330.1655	2330.7955	222	INTERIOR
2330.7955	2338.8833125	99999	sp
2338.8833125	2338.9263125	434	THE
2338.9263125	2339.3393125000002	475	WATER
2339.3393125000002	2339.7543125	103	CONTAINED
2339.7543125	2339.8863125000003	448	TOO
2339.8863125000003	2340.1293125	269	MUCH
2340.1293125	2340.5973125	90	CHLORINE
2340.5973125	2340.7953125000004	20	AND
2340.7953125000004	2341.1303125000004	409	STUNG
2341.1303125000004	2341.3143125	208	HIS
2341.3143125	2341.8053125	149	EYES
2341.8053125	2348.3181875	99999	sp
2348.3181875	2348.7101875000003	229	JOHN'S
2348.7101875000003	2348.9511875000003	66	BROTHER
2348.9511875000003	2349.4411875	363	REPAINTED
2349.4411875	2349.5021875	434	THE
2349.5021875	2349.8721875	173	GARAGE
2349.8721875	2350.1521875000003	129	DOOR
2350.1521875000003	2356.5928125	99999	sp
2356.5928125	2357.0128125	84	CHALLENGE
2357.0128125	2357.3038125000003	132	EACH
2357.3038125000003	2357.7428125	175	GENERAL'S
2357.7428125	2358.5338125000003	221	INTELLIGENCE
2358.5338125000003	2365.2049375	99999	sp
2365.2049375	2365.9549375	17	AMBIDEXTROUS
2365.9549375	2366.5349375	327	PICKPOCKETS
2366.5349375	2367.0039375	6	ACCOMPLISH
2367.0039375	2367.2639375000003	267	MORE
2367.2639375000003	2373.514625	99999	sp
2373.514625	2373.6036249999997	1	A
2373.6036249999997	2374.0936249999995	271	MUSCULAR
2374.0936249999995	2374.524625	2	ABDOMEN
2374.524625	2374.733625	224	IS
2374.733625	2374.8846249999997	189	GOOD
2374.8846249999997	2375.014625	161	FOR
2375.014625	2375.113625	496	YOUR
2375.113625	2375.5046249999996	43	BACK
2375.5046249999996	2382.552625	99999	sp
2382.552625	2382.675625	438	THEY
2382.675625	2382.8646249999997	317	OWN
2382.8646249999997	2382.9896249999997	1	A
2382.9896249999997	2383.164625	52	BIG
2383.164625	2383.494625	209	HOUSE
2383.494625	2383.575625	217	IN
2383.575625	2383.644625	434	THE
2383.644625	2383.974625	361	REMOTE
2383.974625	2384.634625	109	COUNTRYSIDE
2384.634625	2390.4335	99999	sp
2390.4335	2390.5114999999996	434	THE
2390.5114999999996	2390.8475	369	ROSE
2390.8475	2391.2325	106	CORSAGE
2391.2325	2391.5525	393	SMELLED
2391.5525	2391.8624999999997	421	SWEET
2391.8624999999997	2397.935125	99999	sp
2397.935125	2398.1111250000004	433	THAT
2398.1111250000004	2398.536125	326	PICKPOCKET
2398.536125	2398.723125	472	WAS
2398.723125	2398.906125	80	CAUGHT
2398.906125	2399.079125	356	RED
2399.079125	2399.5171250000003	199	HANDED
2399.5171250000003	2407.1694375	99999	sp
2407.1694375	2407.2324375000003	19	AN
2407.2324375000003	2407.5694375000003	9	ADULT
2407.5694375000003	2407.8084375000003	255	MALE
2407.8084375000003	2408.3014375000002	42	BABOON'S
2408.3014375000002	2408.5304375	430	TEETH
2408.5304375	2408.6194375	30	ARE
2408.6194375	2408.7994375000003	285	NOT
2408.7994375000003	2409.1994375	415	SUITABLE
2409.1994375	2409.3504375	161	FOR
2409.3504375	2409.6584375	135	EATING
2409.6584375	2410.3104375000003	376	SHELLFISH
2410.3104375000003	2417.330375	99999	sp
2417.330375	2417.4823749999996	204	HER
2417.4823749999996	2417.941375	470	WARDROBE
2417.941375	2418.3423749999997	102	CONSISTS
2418.3423749999997	2418.4533749999996	294	OF
2418.4533749999996	2418.6233749999997	298	ONLY
2418.6233749999997	2419.033375	385	SKIRTS
2419.033375	2419.160375	20	AND
2419.160375	2419.783375	54	BLOUSES
2419.783375	2427.9426875	99999	sp
2427.9426875	2428.0796874999996	434	THE
2428.0796874999996	2428.2576875	453	TWO
2428.2576875	2428.7966874999997	33	ARTISTS
2428.7966874999997	2428.9246875	99999	sp
2428.9246875	2429.5376874999997	147	EXCHANGED
2429.5376874999997	2430.1776875	39	AUTOGRAPHS
2430.1776875	2437.3633125	99999	sp
2437.3633125	2437.8693125000004	71	BUTTERSCOTCH
2437.8693125000004	2438.2783125000005	169	FUDGE
2438.2783125000005	2438.5093125000003	186	GOES
2438.5093125000003	2438.6603125	481	WELL
2438.6603125	2438.8593125	487	WITH
2438.8593125	2439.1193125000004	463	VANILLA
2439.1193125000004	2439.4743125000005	212	ICE
2439.4743125000005	2439.7303125000003	112	CREAM
2439.7303125000003	2447.005	99999	sp
2447.005	2447.255	366	RICH
2447.255	2447.616	349	PURCHASED
2447.616	2448.1	374	SEVERAL
2448.1	2448.526	382	SIGNED
2448.526	2449.296	245	LITHOGRAPHS
2449.296	2456.10575	99999	sp
2456.10575	2456.2967500000004	24	ANY
2456.2967500000004	2457.0167500000002	105	CONTRIBUTIONS
2457.0167500000002	2457.1507500000002	485	WILL
2457.1507500000002	2457.28375	47	BE
2457.28375	2457.63675	195	GREATLY
2457.63675	2458.2377500000002	28	APPRECIATED
2458.2377500000002	2465.4615	99999	sp
2465.4615	2465.5935	434	THE
2465.5935	2466.1025	111	CRANBERRY
2466.1025	2466.3605000000002	57	BOG
2466.3605000000002	2466.5925	178	GETS
2466.5925	2466.8825	465	VERY
2466.8825	2467.1835	340	PRETTY
2467.1835	2467.2625000000003	217	IN
2467.2625000000003	2467.6135	40	AUTUMN
2467.6135	2473.5455	99999	sp
2473.5455	2473.7285	210	HOW
2473.7285	2473.8645	128	DO
2473.8645	2474.2975	318	OYSTERS
2474.2975	2474.4765	253	MAKE
2474.4765	2474.9645	320	PEARLS
2474.9645	2481.6226875	99999	sp
2481.6226875	2481.7516875	257	MAY
2481.7516875	2481.8216875000003	211	I
2481.8216875000003	2482.1016875000005	134	EAT
2482.1016875000005	2482.3156875000004	1	A
2482.3156875000004	2482.6716875	319	PARFAIT
2482.6716875	2483.0016875	10	AFTER
2483.0016875	2483.1416875000004	211	I
2483.1416875000004	2483.4036875	134	EAT
2483.4036875	2483.7116875	124	DINNER
2483.7116875	2489.2981875	99999	sp
2489.2981875	2489.3991874999997	224	IS
2489.3991874999997	2489.5601874999998	375	SHE
2489.5601874999998	2489.7791875	187	GOING
2489.7791875	2490.0101875	487	WITH
2490.0101875	2490.1991875	495	YOU
2490.1991875	2496.784875	99999	sp
2496.784875	2496.9268749999997	76	CAN
2496.9268749999997	2496.986875	434	THE
2496.986875	2497.536875	11	AGENCY
2497.536875	2498.026875	315	OVERTHROW
2498.026875	2498.390875	13	ALIEN
2498.390875	2498.976875	162	FORCES
2498.976875	2505.9307594405236	99999	sp
2505.9307594405236	2505.9597594405236	1	A
2505.9597594405236	2506.5307594405235	371	SCREWDRIVER
2506.5307594405235	2506.710759440524	224	IS
2506.710759440524	2506.8997594405237	252	MADE
2506.8997594405237	2507.0997594405235	166	FROM
2507.0997594405235	2507.4597594405236	469	VODKA
2507.4597594405236	2507.699759440524	20	AND
2507.699759440524	2508.1447594405236	303	ORANGE
2508.1447594405236	2508.5497594405238	230	JUICE
2508.5497594405238	2514.3598125	99999	sp
2514.3598125	2514.4818125	210	HOW
2514.4818125	2514.7318125	269	MUCH
2514.7318125	2515.1428125	16	ALLOWANCE
2515.1428125	2515.2228125	128	DO
2515.2228125	2515.3668125	495	YOU
2515.3668125	2515.6018125	177	GET
2515.6018125	2523.0116875	99999	sp
2523.0116875	2523.7376874999995	88888	CYNICAL
2523.7376874999995	2524.1836874999995	346	PROGRAMS
2524.1836874999995	2524.2746875	485	WILL
2524.2746875	2524.5136875	281	NEVER
2524.5136875	2525.0636874999996	100	COMPILE
2525.0636874999996	2533.3359519905093	99999	sp
2533.3359519905093	2533.7429519905095	61	BOSTON
2533.7429519905095	2534.0739519905096	45	BALLET
2534.0739519905096	2534.5839519905094	312	OVERCAME
2534.5839519905094	2534.7439519905097	435	THEIR
2534.7439519905097	2535.4539519905097	170	FUNDING
2535.4539519905097	2536.0639519905094	380	SHORTAGE
2536.0639519905094	2542.8528125	99999	sp
2542.8528125	2543.1238125	145	EVERY
2543.1238125	2543.4438125	74	CAB
2543.4438125	2543.7138125	280	NEEDS
2543.7138125	2544.1498125	364	REPAINTING
2544.1498125	2544.6398125	296	OFTEN
2544.6398125	2551.3045625	99999	sp
2551.3045625	2551.6415625	203	HELP
2551.6415625	2551.7045625	99999	sp
2551.7045625	2552.0205625	196	GREG
2552.0205625	2552.2515625	321	PECK
2552.2515625	2552.4525625	1	A
2552.4525625	2552.6315625	321	PECK
2552.6315625	2552.7425625	294	OF
2552.7425625	2553.4315625	338	POTATOES
2553.4315625	2560.0754375	99999	sp
2560.0754375	2560.2024375	476	WE
2560.2024375	2560.4854375	241	LIKE
2560.4854375	2560.6824375	55	BLUE
2560.6824375	2561.0054375	88	CHEESE
2561.0054375	2561.1824375	70	BUT
2561.1824375	2561.4524375	466	VICTOR
2561.4524375	2561.7564375	242	LIKES
2561.7564375	2562.0724375	64	BRIE
2562.0724375	2569.123625	99999	sp
2569.123625	2569.3316250000003	108	COUNT
2569.3316250000003	2569.4016250000004	434	THE
2569.4016250000004	2569.7816250000005	289	NUMBER
2569.7816250000005	2569.9226250000006	294	OF
2569.9226250000006	2570.5116250000005	429	TEASPOONS
2570.5116250000005	2570.5916250000005	294	OF
2570.5916250000005	2571.1156250000004	395	SOYSAUCE
2571.1156250000004	2571.2416250000006	433	THAT
2571.2416250000006	2571.3516250000002	495	YOU
2571.3516250000002	2571.621625	7	ADD
2571.621625	2578.7625	99999	sp
2578.7625	2579.2785	44	BAGPIPES
2579.2785	2579.4405	20	AND
2579.4405	2579.8525	59	BONGOS
2579.8525	2579.9735	30	ARE
2579.9735	2580.3635	273	MUSICAL
2580.3635	2581.0634999999997	220	INSTRUMENTS
2581.0634999999997	2587.1880625	99999	sp
2587.1880625	2587.4100625	210	HOW
2587.4100625	2587.5500625	189	GOOD
2587.5500625	2587.7360625	224	IS
2587.7360625	2587.8400625	496	YOUR
2587.8400625	2588.5400625	138	ENDURANCE
2588.5400625	2624.1281875	99999	sp
