18.563	18.652	30	ARE
18.652	18.944	495	YOUR
18.944	19.352	192	GRADES
19.352	19.782	206	HIGHER
19.782	19.872	301	OR
19.872	20.172	250	LOWER
20.172	20.332	431	THAN
20.332	21.042	274	NANCY'S
21.042	26.431	99999	{NS}
26.431	26.744	99999	sp
26.744	26.962	374	SHE
26.962	27.312	489	WORE
27.312	27.869	470	WARM
27.869	28.576	158	FLEECY
28.576	28.942	488	WOOLEN
28.942	29.722	310	OVERALLS
29.722	38.105	99999	sp
38.105	38.441	353	READING
38.441	38.696	217	IN
38.696	38.993	334	POOR
38.993	39.337	239	LIGHT
39.337	39.609	181	GIVES
39.609	39.741	494	YOU
39.741	40.331	150	EYESTRAIN
40.331	47.868	99999	sp
47.868	48.131	142	EVEN
48.131	48.381	211	I
48.381	48.925	292	OCCASIONALLY
48.925	49.137	177	GET
49.137	49.181	433	THE
49.181	49.538	264	MONDAY
49.538	50.051	56	BLUES
50.051	57.652	99999	sp
57.652	57.811	475	WE
57.811	57.981	30	ARE
57.981	58.481	300	OPEN
58.481	58.951	145	EVERY
58.951	59.401	264	MONDAY
59.401	59.991	143	EVENING
59.991	68.249	99999	sp
68.249	68.511	226	IT'S
68.511	68.733	284	NOT
68.733	69.111	133	EASY
69.111	69.25	445	TO
69.25	69.511	113	CREATE
69.511	70.251	215	ILLUMINATING
70.251	71.061	146	EXAMPLES
71.061	80.64	99999	sp
80.64	81.031	269	MUM
81.031	81.584	406	STRONGLY
81.584	81.992	126	DISLIKES
81.992	82.871	27	APPETIZERS
82.871	91.385	99999	sp
91.385	91.791	442	THOSE
91.791	92.046	483	WHO
92.046	92.361	426	TEACH
92.361	93.007	461	VALUES
93.007	93.412	156	FIRST
93.412	93.927	4	ABOLISH
93.927	94.331	87	CHEATING
94.331	104.026	99999	sp
104.026	104.111	433	THE
104.111	104.522	165	FRIGHTENED
104.522	104.931	89	CHILD
104.931	105.235	471	WAS
105.235	105.541	176	GENTLY
105.541	106.086	409	SUBDUED
106.086	106.272	73	BY
106.272	106.536	208	HIS
106.536	106.968	52	BIG
106.968	107.352	66	BROTHER
107.352	117.525	99999	sp
117.525	117.912	142	EVEN
117.912	118.05	1	A
118.05	118.552	382	SIMPLE
118.552	119.307	467	VOCABULARY
119.307	119.756	104	CONTAINS
119.756	120.492	88888	SYLLABLES
120.492	120.781	99999	sp
120.781	121.018	88888	ER
121.018	121.662	421	SYMBOLS
121.662	133.089	99999	sp
133.089	133.205	1	A
133.205	133.537	110	CRAB
133.537	134.062	85	CHALLENGED
134.062	134.382	257	ME
134.382	134.622	99999	sp
134.622	134.649	70	BUT
134.649	134.804	211	I
134.804	135.362	88888	QUICKLY
135.362	135.66	99999	sp
135.66	135.719	70	BUT
135.719	135.88	1	A
135.88	136.102	349	QUICK
136.102	136.522	401	STAB
136.522	137.067	463	VANQUISHED
137.067	137.202	207	HIM
137.202	147.908	99999	sp
147.908	148.356	183	GLUCOSE
148.356	148.592	20	AND
148.592	149.262	167	FRUCTOSE
149.262	149.505	30	ARE
149.505	149.962	275	NATURAL
149.962	150.512	413	SUGARS
150.512	150.763	99999	sp
150.763	151.072	163	FOUND
151.072	151.192	217	IN
151.192	151.512	168	FRUIT
151.512	162.119	99999	sp
162.119	162.192	30	ARE
162.192	162.412	494	YOU
162.412	162.722	249	LOOKING
162.722	162.982	161	FOR
162.982	163.522	136	EMPLOYMENT
163.522	171.054	99999	sp
171.054	171.412	98	COFFEE
171.412	171.626	224	IS
171.626	171.832	198	GROWN
171.832	171.992	296	ON
171.992	172.481	403	STEEP
172.481	172.842	88888	JUNGLE
172.842	173.042	240	LIKE
173.042	173.462	389	SLOPES
173.462	173.681	217	IN
173.681	174.181	430	TEMPERATE
174.181	174.762	496	ZONES
174.762	184.221	99999	sp
184.221	184.352	475	WE
184.352	184.822	479	WELCOME
184.822	185.102	255	MANY
185.102	185.252	281	NEW
185.252	185.658	407	STUDENTS
185.658	185.887	132	EACH
185.887	186.202	490	YEAR
186.202	194.669	99999	sp
194.669	195.012	297	ONLY
195.012	195.204	433	THE
195.204	195.555	51	BEST
195.555	195.982	329	PLAYERS
195.982	196.369	139	ENJOY
196.369	197.142	335	POPULARITY
197.142	205.646	99999	sp
205.646	206.151	75	CALCIUM
206.151	206.467	253	MAKES
206.467	206.781	58	BONES
206.781	206.912	20	AND
206.912	207.122	429	TEETH
207.122	207.602	405	STRONG
207.602	215.398	99999	sp
215.398	215.832	285	NOTHING
215.832	216.012	224	IS
216.012	216.302	34	AS
216.302	216.792	294	OFFENSIVE
216.792	217.02	34	AS
217.02	217.722	219	INNOCENCE
217.722	225.931	99999	sp
225.931	226.376	404	STEVE
226.376	226.572	489	WORE
226.572	226.722	1	A
226.722	227.03	65	BRIGHT
227.03	227.352	355	RED
227.352	227.605	99999	sp
227.605	228.102	78	CASHMERE
228.102	228.592	419	SWEATER
228.592	236.954	99999	sp
236.954	237.31	46	BARB'S
237.31	237.575	188	GOLD
237.575	238.021	63	BRACELET
238.021	238.217	471	WAS
238.217	238.301	1	A
238.301	239.291	193	GRADUATION
239.291	239.852	338	PRESENT
239.852	248.615	99999	sp
248.615	248.872	130	DRAW
248.872	249.272	145	EVERY
249.272	249.612	307	OUTER
249.612	249.901	243	LINE
249.901	250.482	156	FIRST
250.482	250.642	435	THEN
250.642	250.912	154	FILL
250.912	251.063	217	IN
251.063	251.151	433	THE
251.151	251.782	222	INTERIOR
251.782	260.621	99999	sp
260.621	260.692	433	THE
260.692	261.182	474	WATER
261.182	261.692	103	CONTAINED
261.692	261.851	447	TOO
261.851	262.083	268	MUCH
262.083	262.591	90	CHLORINE
262.591	262.752	20	AND
262.752	263.122	408	STUNG
263.122	263.351	208	HIS
263.351	263.851	149	EYES
263.851	273.46	99999	sp
273.46	273.899	229	JOHN'S
273.899	274.182	66	BROTHER
274.182	274.749	362	REPAINTED
274.749	274.845	433	THE
274.845	275.496	173	GARAGE
275.496	284.002	99999	sp
284.002	284.482	84	CHALLENGE
284.482	284.851	132	EACH
284.851	285.875	175	GENERAL'S
285.875	286.692	221	INTELLIGENCE
286.692	296.172	99999	sp
296.172	297.139	17	AMBIDEXTROUS
297.139	298.566	326	PICKPOCKETS
298.566	299.211	6	ACCOMPLISH
299.211	299.513	266	MORE
299.513	309.63	99999	{NS}
309.63	309.872	1	A
309.872	310.742	270	MUSCULAR
310.742	311.302	2	ABDOMEN
311.302	311.546	224	IS
311.546	311.682	189	GOOD
311.682	311.812	161	FOR
311.812	311.987	495	YOUR
311.987	312.382	43	BACK
312.382	320.954	99999	sp
320.954	321.132	437	THEY
321.132	321.372	316	OWN
321.372	321.499	1	A
321.499	321.692	52	BIG
321.692	322.083	209	HOUSE
322.083	322.326	217	IN
322.326	322.432	433	THE
322.432	322.843	360	REMOTE
322.843	323.601	109	COUNTRYSIDE
323.601	331.812	99999	sp
331.812	331.882	433	THE
331.882	332.432	368	ROSE
332.432	332.952	106	CORSAGE
332.952	333.332	392	SMELLED
333.332	333.702	420	SWEET
333.702	341.147	99999	sp
341.147	341.38	432	THAT
341.38	341.929	325	PICKPOCKET
341.929	342.421	471	WAS
342.421	342.715	80	CAUGHT
342.715	342.901	355	RED
342.901	343.568	199	HANDED
343.568	351.432	99999	sp
351.432	351.51	19	AN
351.51	351.942	9	ADULT
351.942	352.294	254	MALE
352.294	352.812	42	BABOON'S
352.812	353.128	429	TEETH
353.128	353.217	30	ARE
353.217	353.458	284	NOT
353.458	353.9	414	SUITABLE
353.9	354.159	161	FOR
354.159	354.474	135	EATING
354.474	355.122	375	SHELLFISH
355.122	364.871	99999	sp
364.871	365.101	204	HER
365.101	365.713	469	WARDROBE
365.713	366.252	102	CONSISTS
366.252	366.585	293	OF
366.585	366.911	297	ONLY
366.911	367.351	384	SKIRTS
367.351	367.609	20	AND
367.609	368.322	54	BLOUSES
368.322	377.167	99999	sp
377.167	377.389	433	THE
377.389	377.612	452	TWO
377.612	378.134	33	ARTISTS
378.134	378.881	147	EXCHANGED
378.881	379.651	39	AUTOGRAPHS
379.651	388.595	99999	sp
388.595	389.272	71	BUTTERSCOTCH
389.272	389.713	169	FUDGE
389.713	390.012	186	GOES
390.012	390.312	480	WELL
390.312	390.522	486	WITH
390.522	390.872	462	VANILLA
390.872	391.224	212	ICE
391.224	391.502	112	CREAM
391.502	400.528	99999	sp
400.528	400.909	365	RICH
400.909	401.715	348	PURCHASED
401.715	402.378	373	SEVERAL
402.378	402.962	381	SIGNED
402.962	403.225	99999	sp
403.225	404.122	244	LITHOGRAPHS
404.122	413.95	99999	{NS}
413.95	414.132	24	ANY
414.132	415.052	105	CONTRIBUTIONS
415.052	415.213	484	WILL
415.213	415.377	47	BE
415.377	415.742	195	GREATLY
415.742	416.565	28	APPRECIATED
416.565	424.302	99999	sp
424.302	424.46	433	THE
424.46	425.022	111	CRANBERRY
425.022	425.447	57	BOG
425.447	425.712	178	GETS
425.712	426.035	464	VERY
426.035	426.291	339	PRETTY
426.291	426.422	217	IN
426.422	426.791	40	AUTUMN
426.791	436.215	99999	sp
436.215	436.44	210	HOW
436.44	436.591	128	DO
436.591	437.101	317	OYSTERS
437.101	437.306	252	MAKE
437.306	437.851	319	PEARLS
437.851	444.712	99999	sp
444.712	444.971	256	MAY
444.971	445.151	211	I
445.151	445.522	303	ORDER
445.522	445.604	1	A
445.604	445.982	318	PARFAIT
445.982	446.281	10	AFTER
446.281	446.382	211	I
446.382	446.642	134	EAT
446.642	447.002	124	DINNER
447.002	455.077	99999	sp
455.077	455.182	224	IS
455.182	455.414	374	SHE
455.414	455.721	187	GOING
455.721	455.949	486	WITH
455.949	456.112	494	YOU
456.112	463.185	99999	sp
463.185	463.382	76	CAN
463.382	463.452	433	THE
463.452	464.101	11	AGENCY
464.101	464.762	314	OVERTHROW
464.762	465.132	13	ALIEN
465.132	465.762	162	FORCES
465.762	473.325	99999	sp
473.325	473.382	1	A
473.382	474.101	370	SCREWDRIVER
474.101	474.312	224	IS
474.312	474.541	251	MADE
474.541	474.772	166	FROM
474.772	475.392	468	VODKA
475.392	475.67	99999	sp
475.67	475.822	20	AND
475.822	476.091	302	ORANGE
476.091	476.612	230	JUICE
476.612	485.956	99999	sp
485.956	486.091	210	HOW
486.091	486.362	268	MUCH
486.362	486.823	16	ALLOWANCE
486.823	486.911	128	DO
486.911	487.102	494	YOU
487.102	487.332	177	GET
487.332	495.062	99999	sp
495.062	496.091	88888	CYCLE
496.091	497.106	99999	sp
497.106	497.522	88888	CYCLE
497.522	498.892	345	PROGRAMS
498.892	499.072	484	WILL
499.072	499.419	280	NEVER
499.419	499.911	100	COMPILE
499.911	511.846	99999	sp
511.846	512.039	433	THE
512.039	512.666	61	BOSTON
512.666	513.278	45	BALLET
513.278	513.832	311	OVERCAME
513.832	514.016	434	THEIR
514.016	514.412	170	FUNDING
514.412	515.032	379	SHORTAGE
515.032	524.869	99999	sp
524.869	525.18	145	EVERY
525.18	525.481	74	CAB
525.481	525.807	279	NEEDS
525.807	526.312	363	REPAINTING
526.312	526.881	295	OFTEN
526.881	534.601	99999	sp
534.601	534.946	203	HELP
534.946	535.473	196	GREG
535.473	535.658	445	TO
535.658	536.042	324	PICK
536.042	536.2	99999	sp
536.2	536.357	1	A
536.357	536.652	320	PECK
536.652	536.865	293	OF
536.865	537.532	337	POTATOES
537.532	546.111	99999	sp
546.111	546.231	475	WE
546.231	546.496	240	LIKE
546.496	546.705	55	BLUE
546.705	547.121	88	CHEESE
547.121	547.261	70	BUT
547.261	547.631	465	VICTOR
547.631	547.972	241	LIKES
547.972	548.302	64	BRIE
548.302	556.507	99999	sp
556.507	556.751	108	COUNT
556.751	556.832	433	THE
556.832	557.241	288	NUMBER
557.241	557.386	293	OF
557.386	557.991	428	TEASPOONS
557.991	558.082	293	OF
558.082	558.682	394	SOYSAUCE
558.682	558.812	432	THAT
558.812	558.971	494	YOU
558.971	559.376	7	ADD
559.376	568.126	99999	sp
568.126	568.652	44	BAGPIPES
568.652	568.878	20	AND
568.878	569.322	59	BONGOS
569.322	569.422	30	ARE
569.422	569.861	272	MUSICAL
569.861	570.552	220	INSTRUMENTS
570.552	578.241	99999	sp
578.241	578.491	210	HOW
578.491	578.692	189	GOOD
578.692	578.861	224	IS
578.861	579.052	495	YOUR
579.052	579.721	138	ENDURANCE
579.721	600.0	99999	{NS}
1143.452	1143.642	88888	ALRIGHT
1143.642	1143.761	99999	sp
1143.761	1144.042	88888	LET'S
1144.042	1144.182	128	DO
1144.182	1144.672	440	THIS
1144.672	1147.632	99999	sp
1147.632	1147.741	30	ARE
1147.741	1147.897	495	YOUR
1147.897	1148.187	192	GRADES
1148.187	1148.5810000000001	206	HIGHER
1148.5810000000001	1148.702	301	OR
1148.702	1148.991	250	LOWER
1148.991	1149.142	431	THAN
1149.142	1149.8220000000001	274	NANCY'S
1149.8220000000001	1156.804	99999	sp
1156.804	1157.011	374	SHE
1157.011	1157.3319999999999	489	WORE
1157.3319999999999	1157.9070000000002	470	WARM
1157.9070000000002	1158.272	158	FLEECY
1158.272	1158.6970000000001	488	WOOLEN
1158.6970000000001	1159.462	310	OVERALLS
1159.462	1166.767	99999	sp
1166.767	1167.062	353	READING
1167.062	1167.229	217	IN
1167.229	1167.491	334	POOR
1167.491	1167.755	239	LIGHT
1167.755	1167.967	181	GIVES
1167.967	1168.101	494	YOU
1168.101	1168.721	150	EYESTRAIN
1168.721	1175.5720000000001	99999	sp
1175.5720000000001	1175.7820000000002	142	EVEN
1175.7820000000002	1176.0520000000001	211	I
1176.0520000000001	1176.525	292	OCCASIONALLY
1176.525	1176.696	177	GET
1176.696	1176.751	433	THE
1176.751	1177.069	264	MONDAY
1177.069	1177.591	56	BLUES
1177.591	1184.509	99999	sp
1184.509	1184.5819999999999	475	WE
1184.5819999999999	1184.761	30	ARE
1184.761	1185.142	300	OPEN
1185.142	1185.422	145	EVERY
1185.422	1185.741	264	MONDAY
1185.741	1186.221	143	EVENING
1186.221	1192.9859999999999	99999	sp
1192.9859999999999	1193.182	226	IT'S
1193.182	1193.3609999999999	284	NOT
1193.3609999999999	1193.699	133	EASY
1193.699	1193.873	445	TO
1193.873	1194.062	113	CREATE
1194.062	1194.6109999999999	215	ILLUMINATING
1194.6109999999999	1195.501	146	EXAMPLES
1195.501	1200.0	99999	sp
1200.0	1202.815	99999	sp
1202.815	1203.071	269	MUM
1203.071	1203.544	406	STRONGLY
1203.544	1203.921	126	DISLIKES
1203.921	1204.702	27	APPETIZERS
1204.702	1211.194	99999	sp
1211.194	1211.412	442	THOSE
1211.412	1211.575	483	WHO
1211.575	1211.851	426	TEACH
1211.851	1212.261	461	VALUES
1212.261	1212.521	156	FIRST
1212.521	1213.04	88888	ABOLISHED
1213.04	1213.461	87	CHEATING
1213.461	1220.891	99999	sp
1220.891	1220.962	433	THE
1220.962	1221.339	165	FRIGHTENED
1221.339	1221.632	89	CHILD
1221.632	1221.885	471	WAS
1221.885	1222.152	176	GENTLY
1222.152	1222.68	409	SUBDUED
1222.68	1222.832	73	BY
1222.832	1223.032	208	HIS
1223.032	1223.299	52	BIG
1223.299	1223.692	66	BROTHER
1223.692	1231.459	99999	sp
1231.459	1231.762	142	EVEN
1231.762	1231.922	1	A
1231.922	1232.351	382	SIMPLE
1232.351	1233.038	467	VOCABULARY
1233.038	1233.471	104	CONTAINS
1233.471	1234.121	421	SYMBOLS
1234.121	1241.435	99999	sp
1241.435	1241.5720000000001	1	A
1241.5720000000001	1241.934	110	CRAB
1241.934	1242.392	85	CHALLENGED
1242.392	1242.588	257	ME
1242.588	1242.881	70	BUT
1242.881	1243.291	99999	sp
1243.291	1243.476	1	A
1243.476	1243.681	349	QUICK
1243.681	1244.065	401	STAB
1244.065	1244.581	463	VANQUISHED
1244.581	1244.752	207	HIM
1244.752	1253.205	99999	sp
1253.205	1253.591	183	GLUCOSE
1253.591	1253.731	20	AND
1253.731	1254.231	167	FRUCTOSE
1254.231	1254.354	30	ARE
1254.354	1254.761	275	NATURAL
1254.761	1255.151	413	SUGARS
1255.151	1255.361	163	FOUND
1255.361	1255.481	217	IN
1255.481	1255.791	168	FRUIT
1255.791	1263.652	99999	sp
1263.652	1263.771	30	ARE
1263.771	1263.921	494	YOU
1263.921	1264.221	249	LOOKING
1264.221	1264.421	161	FOR
1264.421	1264.931	136	EMPLOYMENT
1264.931	1272.104	99999	sp
1272.104	1272.421	98	COFFEE
1272.421	1272.596	224	IS
1272.596	1272.852	198	GROWN
1272.852	1273.011	296	ON
1273.011	1273.4279999999999	403	STEEP
1273.4279999999999	1273.712	88888	JUNGLE
1273.712	1273.89	240	LIKE
1273.89	1274.261	389	SLOPES
1274.261	1274.426	217	IN
1274.426	1274.802	430	TEMPERATE
1274.802	1275.382	496	ZONES
1275.382	1283.375	99999	sp
1283.375	1283.492	475	WE
1283.492	1283.891	479	WELCOME
1283.891	1284.151	255	MANY
1284.151	1284.302	281	NEW
1284.302	1284.772	407	STUDENTS
1284.772	1285.014	132	EACH
1285.014	1285.221	490	YEAR
1285.221	1291.913	99999	sp
1291.913	1292.151	297	ONLY
1292.151	1292.329	433	THE
1292.329	1292.657	51	BEST
1292.657	1293.091	329	PLAYERS
1293.091	1293.441	139	ENJOY
1293.441	1294.212	335	POPULARITY
1294.212	1301.557	99999	sp
1301.557	1302.001	75	CALCIUM
1302.001	1302.313	253	MAKES
1302.313	1302.895	58	BONES
1302.895	1303.084	20	AND
1303.084	1303.281	429	TEETH
1303.281	1303.712	405	STRONG
1303.712	1310.819	99999	sp
1310.819	1311.121	285	NOTHING
1311.121	1311.3220000000001	224	IS
1311.3220000000001	1311.513	34	AS
1311.513	1312.041	294	OFFENSIVE
1312.041	1312.261	34	AS
1312.261	1312.992	219	INNOCENCE
1312.992	1319.685	99999	sp
1319.685	1320.055	404	STEVE
1320.055	1320.381	489	WORE
1320.381	1320.621	65	BRIGHT
1320.621	1320.927	355	RED
1320.927	1321.401	78	CASHMERE
1321.401	1322.001	88888	SWEATHER
1322.001	1329.495	99999	sp
1329.495	1329.805	46	BARB'S
1329.805	1330.033	188	GOLD
1330.033	1330.412	63	BRACELET
1330.412	1330.612	471	WAS
1330.612	1330.684	1	A
1330.684	1331.362	193	GRADUATION
1331.362	1331.712	338	PRESENT
1331.712	1338.542	99999	{NS}
1338.542	1339.143	99999	sp
1339.143	1339.392	130	DRAW
1339.392	1339.702	145	EVERY
1339.702	1340.0720000000001	307	OUTER
1340.0720000000001	1340.362	243	LINE
1340.362	1340.854	156	FIRST
1340.854	1341.002	435	THEN
1341.002	1341.202	154	FILL
1341.202	1341.371	217	IN
1341.371	1341.442	433	THE
1341.442	1342.032	222	INTERIOR
1342.032	1349.884	99999	sp
1349.884	1349.946	433	THE
1349.946	1350.342	474	WATER
1350.342	1350.763	103	CONTAINED
1350.763	1350.882	447	TOO
1350.882	1351.131	268	MUCH
1351.131	1351.632	90	CHLORINE
1351.632	1351.8220000000001	20	AND
1351.8220000000001	1352.142	408	STUNG
1352.142	1352.3319999999999	208	HIS
1352.3319999999999	1352.802	149	EYES
1352.802	1360.508	99999	sp
1360.508	1360.9279999999999	229	JOHN'S
1360.9279999999999	1361.181	66	BROTHER
1361.181	1361.684	362	REPAINTED
1361.684	1361.799	433	THE
1361.799	1362.372	173	GARAGE
1362.372	1369.607	99999	sp
1369.607	1370.0140000000001	84	CHALLENGE
1370.0140000000001	1370.181	132	EACH
1370.181	1370.722	175	GENERAL'S
1370.722	1371.552	221	INTELLIGENCE
1371.552	1379.995	99999	sp
1379.995	1380.8	17	AMBIDEXTROUS
1380.8	1381.342	326	PICKPOCKETS
1381.342	1381.779	6	ACCOMPLISH
1381.779	1382.104	266	MORE
1382.104	1389.172	99999	sp
1389.172	1389.215	1	A
1389.215	1389.762	270	MUSCULAR
1389.762	1390.132	2	ABDOMEN
1390.132	1390.402	224	IS
1390.402	1390.542	189	GOOD
1390.542	1390.702	161	FOR
1390.702	1390.83	495	YOUR
1390.83	1391.244	43	BACK
1391.244	1398.566	99999	sp
1398.566	1398.732	437	THEY
1398.732	1398.942	316	OWN
1398.942	1399.085	1	A
1399.085	1399.292	52	BIG
1399.292	1399.606	209	HOUSE
1399.606	1399.706	217	IN
1399.706	1399.866	433	THE
1399.866	1400.3	360	REMOTE
1400.3	1401.054	109	COUNTRYSIDE
1401.054	1408.6390000000001	99999	sp
1408.6390000000001	1409.092	433	THE
1409.092	1409.634	368	ROSE
1409.634	1410.0819999999999	106	CORSAGE
1410.0819999999999	1410.462	392	SMELLED
1410.462	1410.842	420	SWEET
1410.842	1417.834	99999	sp
1417.834	1418.048	432	THAT
1418.048	1418.662	325	PICKPOCKET
1418.662	1418.895	471	WAS
1418.895	1419.032	80	CAUGHT
1419.032	1419.242	355	RED
1419.242	1419.642	199	HANDED
1419.642	1426.022	99999	{NS}
1426.022	1426.079	19	AN
1426.079	1426.482	9	ADULT
1426.482	1426.733	254	MALE
1426.733	1427.289	42	BABOON'S
1427.289	1427.525	429	TEETH
1427.525	1427.602	30	ARE
1427.602	1427.792	284	NOT
1427.792	1428.172	414	SUITABLE
1428.172	1428.302	161	FOR
1428.302	1428.578	135	EATING
1428.578	1429.252	375	SHELLFISH
1429.252	1437.796	99999	sp
1437.796	1437.913	204	HER
1437.913	1438.427	469	WARDROBE
1438.427	1438.892	102	CONSISTS
1438.892	1439.062	293	OF
1439.062	1439.352	297	ONLY
1439.352	1439.802	384	SKIRTS
1439.802	1439.938	20	AND
1439.938	1440.612	54	BLOUSES
1440.612	1448.3220000000001	99999	sp
1448.3220000000001	1448.505	433	THE
1448.505	1448.712	452	TWO
1448.712	1449.193	33	ARTISTS
1449.193	1449.901	147	EXCHANGED
1449.901	1450.602	39	AUTOGRAPHS
1450.602	1457.798	99999	sp
1457.798	1458.312	71	BUTTERSCOTCH
1458.312	1458.676	169	FUDGE
1458.676	1458.912	186	GOES
1458.912	1459.132	480	WELL
1459.132	1459.341	486	WITH
1459.341	1459.661	462	VANILLA
1459.661	1460.046	212	ICE
1460.046	1460.312	112	CREAM
1460.312	1467.8890000000001	99999	sp
1467.8890000000001	1468.173	365	RICH
1468.173	1468.5520000000001	348	PURCHASED
1468.5520000000001	1469.012	373	SEVERAL
1469.012	1469.392	381	SIGNED
1469.392	1470.221	244	LITHOGRAPHS
1470.221	1477.495	99999	sp
1477.495	1477.606	24	ANY
1477.606	1478.409	105	CONTRIBUTIONS
1478.409	1478.482	484	WILL
1478.482	1478.592	47	BE
1478.592	1478.962	195	GREATLY
1478.962	1479.672	28	APPRECIATED
1479.672	1486.8220000000001	99999	sp
1486.8220000000001	1486.9569999999999	433	THE
1486.9569999999999	1487.521	111	CRANBERRY
1487.521	1487.826	57	BOG
1487.826	1488.091	178	GETS
1488.091	1488.394	464	VERY
1488.394	1488.622	339	PRETTY
1488.622	1488.762	217	IN
1488.762	1489.101	40	AUTUMN
1489.101	1496.396	99999	sp
1496.396	1496.563	210	HOW
1496.563	1496.682	128	DO
1496.682	1497.161	317	OYSTERS
1497.161	1497.359	252	MAKE
1497.359	1497.841	319	PEARLS
1497.841	1503.952	99999	sp
1503.952	1504.161	256	MAY
1504.161	1504.192	211	I
1504.192	1504.512	303	ORDER
1504.512	1504.599	1	A
1504.599	1504.971	318	PARFAIT
1504.971	1505.221	10	AFTER
1505.221	1505.252	211	I
1505.252	1505.46	134	EAT
1505.46	1505.781	124	DINNER
1505.781	1512.7060000000001	99999	sp
1512.7060000000001	1512.8020000000001	224	IS
1512.8020000000001	1513.0140000000001	374	SHE
1513.0140000000001	1513.3319999999999	187	GOING
1513.3319999999999	1513.563	486	WITH
1513.563	1513.781	494	YOU
1513.781	1519.878	99999	sp
1519.878	1520.0520000000001	76	CAN
1520.0520000000001	1520.112	433	THE
1520.112	1520.721	11	AGENCY
1520.721	1521.221	314	OVERTHROW
1521.221	1521.5819999999999	13	ALIEN
1521.5819999999999	1522.192	162	FORCES
1522.192	1529.641	99999	sp
1529.641	1529.699	1	A
1529.699	1530.341	370	SCREWDRIVER
1530.341	1530.502	224	IS
1530.502	1530.721	251	MADE
1530.721	1531.019	166	FROM
1531.019	1531.362	468	VODKA
1531.362	1531.612	20	AND
1531.612	1532.002	302	ORANGE
1532.002	1532.442	230	JUICE
1532.442	1540.04	99999	sp
1540.04	1540.151	210	HOW
1540.151	1540.392	268	MUCH
1540.392	1540.81	16	ALLOWANCE
1540.81	1540.892	128	DO
1540.892	1541.031	494	YOU
1541.031	1541.272	177	GET
1541.272	1547.659	99999	sp
1547.659	1548.3980000000001	88888	CYNICAL
1548.3980000000001	1548.862	345	PROGRAMS
1548.862	1548.952	484	WILL
1548.952	1549.221	280	NEVER
1549.221	1549.791	100	COMPILE
1549.791	1557.751	99999	sp
1557.751	1557.885	433	THE
1557.885	1558.3890000000001	61	BOSTON
1558.3890000000001	1558.721	45	BALLET
1558.721	1559.2060000000001	311	OVERCAME
1559.2060000000001	1559.341	434	THEIR
1559.341	1559.682	170	FUNDING
1559.682	1560.3220000000001	379	SHORTAGE
1560.3220000000001	1567.318	99999	sp
1567.318	1567.567	145	EVERY
1567.567	1567.812	74	CAB
1567.812	1568.1190000000001	279	NEEDS
1568.1190000000001	1568.591	363	REPAINTING
1568.591	1569.031	295	OFTEN
1569.031	1576.492	99999	{NS}
1576.492	1576.712	99999	sp
1576.712	1576.992	203	HELP
1576.992	1577.262	196	GREG
1577.262	1577.351	445	TO
1577.351	1577.732	324	PICK
1577.732	1577.841	1	A
1577.841	1578.161	320	PECK
1578.161	1578.242	293	OF
1578.242	1578.982	337	POTATOES
1578.982	1586.095	99999	sp
1586.095	1586.225	475	WE
1586.225	1586.512	240	LIKE
1586.512	1586.655	55	BLUE
1586.655	1586.9850000000001	88	CHEESE
1586.9850000000001	1587.151	70	BUT
1587.151	1587.411	465	VICTOR
1587.411	1587.79	241	LIKES
1587.79	1588.0819999999999	64	BRIE
1588.0819999999999	1595.629	99999	sp
1595.629	1595.872	108	COUNT
1595.872	1595.942	433	THE
1595.942	1596.3020000000001	288	NUMBER
1596.3020000000001	1596.416	293	OF
1596.416	1596.982	428	TEASPOONS
1596.982	1597.101	293	OF
1597.101	1597.622	394	SOYSAUCE
1597.622	1597.791	432	THAT
1597.791	1597.922	494	YOU
1597.922	1598.321	7	ADD
1598.321	1605.6979999999999	99999	sp
1605.6979999999999	1606.281	88888	BAGPIKES
1606.281	1606.482	20	AND
1606.482	1606.911	59	BONGOS
1606.911	1606.971	30	ARE
1606.971	1607.392	272	MUSICAL
1607.392	1608.132	220	INSTRUMENTS
1608.132	1615.18	99999	sp
1615.18	1615.406	210	HOW
1615.406	1615.531	189	GOOD
1615.531	1615.7069999999999	224	IS
1615.7069999999999	1615.812	495	YOUR
1615.812	1616.522	138	ENDURANCE
1616.522	1625.992	99999	{NS}
2119.022	2119.112	88888	OKAY
2119.112	2129.272	99999	{NS}
2129.272	2129.401	88888	HM
2129.401	2129.492	432	THAT
2129.492	2129.651	88888	ONE
2129.651	2129.901	88888	FELT
2129.901	2130.591	88888	SHORTER
2130.591	2133.382	99999	sp
2133.382	2133.612	122	DIDN'T
2133.612	2133.772	177	GET
2133.772	2133.872	433	THE
2133.872	2134.151	64	BRIE
2134.151	2134.661	88888	QUESTION
2134.661	2137.959	99999	sp
2137.959	2138.031	30	ARE
2138.031	2138.235	495	YOUR
2138.235	2138.522	192	GRADES
2138.522	2138.841	206	HIGHER
2138.841	2139.022	301	OR
2139.022	2139.341	250	LOWER
2139.341	2139.492	431	THAN
2139.492	2140.221	274	NANCY'S
2140.221	2147.185	99999	sp
2147.185	2147.351	374	SHE
2147.351	2147.987	489	WORE
2147.987	2148.492	470	WARM
2148.492	2149.031	158	FLEECY
2149.031	2149.332	488	WOOLEN
2149.332	2150.091	310	OVERALLS
2150.091	2157.45	99999	sp
2157.45	2157.732	353	READING
2157.732	2157.922	217	IN
2157.922	2158.172	334	POOR
2158.172	2158.419	239	LIGHT
2158.419	2158.622	181	GIVES
2158.622	2158.752	494	YOU
2158.752	2159.382	150	EYESTRAIN
2159.382	2165.613	99999	sp
2165.613	2165.732	211	I
2165.732	2166.018	142	EVEN
2166.018	2166.262	211	I
2166.262	2166.8	292	OCCASIONALLY
2166.8	2166.947	177	GET
2166.947	2167.012	433	THE
2167.012	2167.37	264	MONDAY
2167.37	2167.822	56	BLUES
2167.822	2175.973	99999	sp
2175.973	2176.082	475	WE
2176.082	2176.232	30	ARE
2176.232	2176.518	300	OPEN
2176.518	2176.781	145	EVERY
2176.781	2177.052	264	MONDAY
2177.052	2177.531	143	EVENING
2177.531	2183.912	99999	sp
2183.912	2184.101	226	IT'S
2184.101	2184.293	284	NOT
2184.293	2184.745	133	EASY
2184.745	2184.976	445	TO
2184.976	2185.302	113	CREATE
2185.302	2186.002	215	ILLUMINATING
2186.002	2186.762	146	EXAMPLES
2186.762	2194.463	99999	sp
2194.463	2194.682	269	MUM
2194.682	2195.163	406	STRONGLY
2195.163	2195.562	126	DISLIKES
2195.562	2196.401	27	APPETIZERS
2196.401	2202.613	99999	sp
2202.613	2202.862	442	THOSE
2202.862	2203.1530000000002	483	WHO
2203.1530000000002	2203.545	426	TEACH
2203.545	2203.971	461	VALUES
2203.971	2204.221	156	FIRST
2204.221	2204.684	4	ABOLISH
2204.684	2205.062	87	CHEATING
2205.062	2212.326	99999	sp
2212.326	2212.408	433	THE
2212.408	2212.772	165	FRIGHTENED
2212.772	2213.022	89	CHILD
2213.022	2213.262	471	WAS
2213.262	2213.582	176	GENTLY
2213.582	2214.075	409	SUBDUED
2214.075	2214.242	73	BY
2214.242	2214.504	208	HIS
2214.504	2214.721	52	BIG
2214.721	2215.142	66	BROTHER
2215.142	2222.908	99999	sp
2222.908	2223.143	142	EVEN
2223.143	2223.212	1	A
2223.212	2223.672	382	SIMPLE
2223.672	2224.281	467	VOCABULARY
2224.281	2224.702	104	CONTAINS
2224.702	2225.351	421	SYMBOLS
2225.351	2232.4719999999998	99999	sp
2232.4719999999998	2232.576	1	A
2232.576	2232.884	110	CRAB
2232.884	2233.312	85	CHALLENGED
2233.312	2233.554	257	ME
2233.554	2233.672	70	BUT
2233.672	2233.774	1	A
2233.774	2233.952	349	QUICK
2233.952	2234.273	401	STAB
2234.273	2234.351	99999	sp
2234.351	2234.802	463	VANQUISHED
2234.802	2234.992	207	HIM
2234.992	2242.446	99999	sp
2242.446	2242.869	183	GLUCOSE
2242.869	2243.031	20	AND
2243.031	2243.467	167	FRUCTOSE
2243.467	2243.692	30	ARE
2243.692	2244.053	275	NATURAL
2244.053	2244.462	413	SUGARS
2244.462	2244.692	163	FOUND
2244.692	2244.7799999999997	217	IN
2244.7799999999997	2245.101	168	FRUIT
2245.101	2252.272	99999	sp
2252.272	2252.339	30	ARE
2252.339	2252.42	494	YOU
2252.42	2252.742	249	LOOKING
2252.742	2252.911	161	FOR
2252.911	2253.442	136	EMPLOYMENT
2253.442	2259.291	99999	sp
2259.291	2259.582	98	COFFEE
2259.582	2259.771	224	IS
2259.771	2260.082	198	GROWN
2260.082	2260.291	296	ON
2260.291	2260.708	403	STEEP
2260.708	2261.041	88888	JUNGLE
2261.041	2261.242	240	LIKE
2261.242	2261.631	389	SLOPES
2261.631	2261.797	217	IN
2261.797	2262.215	430	TEMPERATE
2262.215	2262.772	496	ZONES
2262.772	2271.173	99999	{NS}
2271.173	2271.2780000000002	475	WE
2271.2780000000002	2271.632	479	WELCOME
2271.632	2271.901	255	MANY
2271.901	2272.052	281	NEW
2272.052	2272.422	407	STUDENTS
2272.422	2272.647	132	EACH
2272.647	2272.901	490	YEAR
2272.901	2279.21	99999	sp
2279.21	2279.392	297	ONLY
2279.392	2279.585	433	THE
2279.585	2279.849	51	BEST
2279.849	2280.132	329	PLAYERS
2280.132	2280.533	139	ENJOY
2280.533	2281.272	335	POPULARITY
2281.272	2287.924	99999	sp
2287.924	2288.332	75	CALCIUM
2288.332	2288.632	253	MAKES
2288.632	2288.882	58	BONES
2288.882	2289.052	20	AND
2289.052	2289.242	429	TEETH
2289.242	2289.682	405	STRONG
2289.682	2295.997	99999	sp
2295.997	2296.372	285	NOTHING
2296.372	2296.591	224	IS
2296.591	2296.791	34	AS
2296.791	2297.302	294	OFFENSIVE
2297.302	2297.522	34	AS
2297.522	2298.212	219	INNOCENCE
2298.212	2304.727	99999	sp
2304.727	2304.911	374	SHE
2304.911	2305.2200000000003	489	WORE
2305.2200000000003	2305.311	1	A
2305.311	2305.621	65	BRIGHT
2305.621	2305.948	355	RED
2305.948	2306.372	78	CASHMERE
2306.372	2306.882	419	SWEATER
2306.882	2313.687	99999	sp
2313.687	2314.014	46	BARB'S
2314.014	2314.23	188	GOLD
2314.23	2314.652	63	BRACELET
2314.652	2314.911	471	WAS
2314.911	2315.51	193	GRADUATION
2315.51	2315.932	338	PRESENT
2315.932	2322.89	99999	sp
2322.89	2323.131	130	DRAW
2323.131	2323.471	145	EVERY
2323.471	2323.741	307	OUTER
2323.741	2323.962	243	LINE
2323.962	2324.364	156	FIRST
2324.364	2324.509	435	THEN
2324.509	2324.741	154	FILL
2324.741	2324.875	217	IN
2324.875	2324.932	433	THE
2324.932	2325.562	222	INTERIOR
2325.562	2333.669	99999	sp
2333.669	2333.712	433	THE
2333.712	2334.125	474	WATER
2334.125	2334.54	103	CONTAINED
2334.54	2334.672	447	TOO
2334.672	2334.915	268	MUCH
2334.915	2335.383	90	CHLORINE
2335.383	2335.581	20	AND
2335.581	2335.916	408	STUNG
2335.916	2336.1	208	HIS
2336.1	2336.591	149	EYES
2336.591	2344.218	99999	sp
2344.218	2344.61	229	JOHN'S
2344.61	2344.851	66	BROTHER
2344.851	2345.341	362	REPAINTED
2345.341	2345.402	433	THE
2345.402	2345.772	173	GARAGE
2345.772	2346.052	129	DOOR
2346.052	2352.591	99999	sp
2352.591	2353.011	84	CHALLENGE
2353.011	2353.302	132	EACH
2353.302	2353.741	175	GENERAL'S
2353.741	2354.532	221	INTELLIGENCE
2354.532	2360.942	99999	sp
2360.942	2361.692	17	AMBIDEXTROUS
2361.692	2362.272	326	PICKPOCKETS
2362.272	2362.741	6	ACCOMPLISH
2362.741	2363.001	266	MORE
2363.001	2369.402	99999	sp
2369.402	2369.491	1	A
2369.491	2369.9809999999998	270	MUSCULAR
2369.9809999999998	2370.4120000000003	2	ABDOMEN
2370.4120000000003	2370.621	224	IS
2370.621	2370.772	189	GOOD
2370.772	2370.902	161	FOR
2370.902	2371.001	495	YOUR
2371.001	2371.392	43	BACK
2371.392	2378.169	99999	sp
2378.169	2378.292	437	THEY
2378.292	2378.4809999999998	316	OWN
2378.4809999999998	2378.6059999999998	1	A
2378.6059999999998	2378.781	52	BIG
2378.781	2379.111	209	HOUSE
2379.111	2379.192	217	IN
2379.192	2379.261	433	THE
2379.261	2379.591	360	REMOTE
2379.591	2380.251	109	COUNTRYSIDE
2380.251	2386.9030000000002	99999	sp
2386.9030000000002	2386.9809999999998	433	THE
2386.9809999999998	2387.317	368	ROSE
2387.317	2387.702	106	CORSAGE
2387.702	2388.022	392	SMELLED
2388.022	2388.332	420	SWEET
2388.332	2394.12	99999	sp
2394.12	2394.2960000000003	432	THAT
2394.2960000000003	2394.721	325	PICKPOCKET
2394.721	2394.908	471	WAS
2394.908	2395.091	80	CAUGHT
2395.091	2395.264	355	RED
2395.264	2395.702	199	HANDED
2395.702	2400.0	99999	sp
2400.0	2401.891	99999	sp
2401.891	2401.954	19	AN
2401.954	2402.291	9	ADULT
2402.291	2402.53	254	MALE
2402.53	2403.023	42	BABOON'S
2403.023	2403.252	429	TEETH
2403.252	2403.341	30	ARE
2403.341	2403.521	284	NOT
2403.521	2403.921	414	SUITABLE
2403.921	2404.072	161	FOR
2404.072	2404.38	135	EATING
2404.38	2405.032	375	SHELLFISH
2405.032	2412.789	99999	sp
2412.789	2412.941	204	HER
2412.941	2413.4	469	WARDROBE
2413.4	2413.801	102	CONSISTS
2413.801	2413.912	293	OF
2413.912	2414.082	297	ONLY
2414.082	2414.492	384	SKIRTS
2414.492	2414.619	20	AND
2414.619	2415.242	54	BLOUSES
2415.242	2422.019	99999	sp
2422.019	2422.081	433	THE
2422.081	2422.356	88888	ART
2422.356	2422.757	99999	sp
2422.757	2422.894	433	THE
2422.894	2423.072	452	TWO
2423.072	2423.611	33	ARTISTS
2423.611	2423.739	99999	sp
2423.739	2424.352	147	EXCHANGED
2424.352	2424.992	39	AUTOGRAPHS
2424.992	2432.595	99999	sp
2432.595	2433.101	71	BUTTERSCOTCH
2433.101	2433.51	169	FUDGE
2433.51	2433.741	186	GOES
2433.741	2433.892	480	WELL
2433.892	2434.091	486	WITH
2434.091	2434.351	462	VANILLA
2434.351	2434.706	212	ICE
2434.706	2434.962	112	CREAM
2434.962	2442.34	99999	sp
2442.34	2442.59	365	RICH
2442.59	2442.951	348	PURCHASED
2442.951	2443.435	373	SEVERAL
2443.435	2443.861	381	SIGNED
2443.861	2444.631	244	LITHOGRAPHS
2444.631	2451.62	99999	sp
2451.62	2451.811	24	ANY
2451.811	2452.531	105	CONTRIBUTIONS
2452.531	2452.665	484	WILL
2452.665	2452.798	47	BE
2452.798	2453.151	195	GREATLY
2453.151	2453.752	28	APPRECIATED
2453.752	2460.99	99999	sp
2460.99	2461.122	433	THE
2461.122	2461.631	111	CRANBERRY
2461.631	2461.889	57	BOG
2461.889	2462.121	178	GETS
2462.121	2462.411	464	VERY
2462.411	2462.712	339	PRETTY
2462.712	2462.791	217	IN
2462.791	2463.142	40	AUTUMN
2463.142	2465.102	99999	sp
2465.102	2470.012	99999	{NS}
2470.012	2470.195	210	HOW
2470.195	2470.331	128	DO
2470.331	2470.764	317	OYSTERS
2470.764	2470.943	252	MAKE
2470.943	2471.431	319	PEARLS
2471.431	2477.312	99999	sp
2477.312	2477.441	256	MAY
2477.441	2477.511	211	I
2477.511	2477.791	134	EAT
2477.791	2478.005	1	A
2478.005	2478.361	318	PARFAIT
2478.361	2478.691	10	AFTER
2478.691	2478.831	211	I
2478.831	2479.093	134	EAT
2479.093	2479.401	124	DINNER
2479.401	2486.13	99999	sp
2486.13	2486.2309999999998	224	IS
2486.2309999999998	2486.392	374	SHE
2486.392	2486.611	187	GOING
2486.611	2486.842	486	WITH
2486.842	2487.031	494	YOU
2487.031	2492.589	99999	sp
2492.589	2492.7309999999998	76	CAN
2492.7309999999998	2492.791	433	THE
2492.791	2493.341	11	AGENCY
2493.341	2493.831	314	OVERTHROW
2493.831	2494.195	13	ALIEN
2494.195	2494.781	162	FORCES
2494.781	2501.062	99999	sp
2501.062	2501.091	1	A
2501.091	2501.662	370	SCREWDRIVER
2501.662	2501.842	224	IS
2501.842	2502.031	251	MADE
2502.031	2502.2309999999998	166	FROM
2502.2309999999998	2502.591	468	VODKA
2502.591	2502.831	20	AND
2502.831	2503.276	302	ORANGE
2503.276	2503.681	230	JUICE
2503.681	2510.959	99999	sp
2510.959	2511.081	210	HOW
2511.081	2511.331	268	MUCH
2511.331	2511.742	16	ALLOWANCE
2511.742	2511.822	128	DO
2511.822	2511.966	494	YOU
2511.966	2512.201	177	GET
2512.201	2518.309	99999	sp
2518.309	2519.035	88888	CYNICAL
2519.035	2519.4809999999998	345	PROGRAMS
2519.4809999999998	2519.572	484	WILL
2519.572	2519.811	280	NEVER
2519.811	2520.361	100	COMPILE
2520.361	2528.334	99999	sp
2528.334	2528.741	61	BOSTON
2528.741	2529.072	45	BALLET
2529.072	2529.582	311	OVERCAME
2529.582	2529.742	434	THEIR
2529.742	2530.452	170	FUNDING
2530.452	2531.062	379	SHORTAGE
2531.062	2538.785	99999	sp
2538.785	2539.056	145	EVERY
2539.056	2539.376	74	CAB
2539.376	2539.646	279	NEEDS
2539.646	2540.082	363	REPAINTING
2540.082	2540.572	295	OFTEN
2540.572	2546.975	99999	sp
2546.975	2547.312	203	HELP
2547.312	2547.375	99999	sp
2547.375	2547.691	196	GREG
2547.691	2547.922	320	PECK
2547.922	2548.123	1	A
2548.123	2548.302	320	PECK
2548.302	2548.413	293	OF
2548.413	2549.102	337	POTATOES
2549.102	2555.855	99999	sp
2555.855	2555.982	475	WE
2555.982	2556.265	240	LIKE
2556.265	2556.462	55	BLUE
2556.462	2556.785	88	CHEESE
2556.785	2556.962	70	BUT
2556.962	2557.232	465	VICTOR
2557.232	2557.536	241	LIKES
2557.536	2557.852	64	BRIE
2557.852	2564.4139999999998	99999	sp
2564.4139999999998	2564.622	108	COUNT
2564.622	2564.692	433	THE
2564.692	2565.072	288	NUMBER
2565.072	2565.213	293	OF
2565.213	2565.802	428	TEASPOONS
2565.802	2565.882	293	OF
2565.882	2566.406	394	SOYSAUCE
2566.406	2566.532	432	THAT
2566.532	2566.642	494	YOU
2566.642	2566.912	7	ADD
2566.912	2574.091	99999	sp
2574.091	2574.607	44	BAGPIPES
2574.607	2574.7690000000002	20	AND
2574.7690000000002	2575.181	59	BONGOS
2575.181	2575.302	30	ARE
2575.302	2575.692	272	MUSICAL
2575.692	2576.392	220	INSTRUMENTS
2576.392	2583.72	99999	sp
2583.72	2583.942	210	HOW
2583.942	2584.082	189	GOOD
2584.082	2584.268	224	IS
2584.268	2584.372	495	YOUR
2584.372	2585.072	138	ENDURANCE
2585.072	2590.772	99999	sp
2590.772	2619.431	99999	{NS}
