18.563	18.652	30	ARE
18.652	18.944	495	YOUR
18.944	19.352	192	GRADES
19.352	19.782	206	HIGHER
19.782	19.872	301	OR
19.872	20.172	250	LOWER
20.172	20.332	431	THAN
20.332	21.042	274	NANCY'S
21.042	26.431	99999	{NS}
26.431	26.744	99999	sp
26.744	26.962	374	SHE
26.962	27.312	489	WORE
27.312	27.869	470	WARM
27.869	28.576	158	FLEECY
28.576	28.942	488	WOOLEN
28.942	29.722	310	OVERALLS
29.722	38.105	99999	sp
38.105	38.441	353	READING
38.441	38.696	217	IN
38.696	38.993	334	POOR
38.993	39.337	239	LIGHT
39.337	39.609	181	GIVES
39.609	39.741	494	YOU
39.741	40.331	150	EYESTRAIN
40.331	47.868	99999	sp
47.868	48.131	142	EVEN
48.131	48.381	211	I
48.381	48.925	292	OCCASIONALLY
48.925	49.137	177	GET
49.137	49.181	433	THE
49.181	49.538	264	MONDAY
49.538	50.051	56	BLUES
50.051	57.652	99999	sp
57.652	57.811	475	WE
57.811	57.981	30	ARE
57.981	58.481	300	OPEN
58.481	58.951	145	EVERY
58.951	59.401	264	MONDAY
59.401	59.991	143	EVENING
59.991	68.249	99999	sp
68.249	68.511	226	IT'S
68.511	68.733	284	NOT
68.733	69.111	133	EASY
69.111	69.25	445	TO
69.25	69.511	113	CREATE
69.511	70.251	215	ILLUMINATING
70.251	71.061	146	EXAMPLES
71.061	80.64	99999	sp
80.64	81.031	269	MUM
81.031	81.584	406	STRONGLY
81.584	81.992	126	DISLIKES
81.992	82.871	27	APPETIZERS
82.871	91.385	99999	sp
91.385	91.791	442	THOSE
91.791	92.046	483	WHO
92.046	92.361	426	TEACH
92.361	93.007	461	VALUES
93.007	93.412	156	FIRST
93.412	93.927	4	ABOLISH
93.927	94.331	87	CHEATING
94.331	104.026	99999	sp
104.026	104.111	433	THE
104.111	104.522	165	FRIGHTENED
104.522	104.931	89	CHILD
104.931	105.235	471	WAS
105.235	105.541	176	GENTLY
105.541	106.086	409	SUBDUED
106.086	106.272	73	BY
106.272	106.536	208	HIS
106.536	106.968	52	BIG
106.968	107.352	66	BROTHER
107.352	117.525	99999	sp
117.525	117.912	142	EVEN
117.912	118.05	1	A
118.05	118.552	382	SIMPLE
118.552	119.307	467	VOCABULARY
119.307	119.756	104	CONTAINS
119.756	120.492	88888	SYLLABLES
120.492	120.781	99999	sp
120.781	121.018	88888	ER
121.018	121.662	421	SYMBOLS
121.662	133.089	99999	sp
133.089	133.205	1	A
133.205	133.537	110	CRAB
133.537	134.062	85	CHALLENGED
134.062	134.382	257	ME
134.382	134.622	99999	sp
134.622	134.649	70	BUT
134.649	134.804	211	I
134.804	135.362	88888	QUICKLY
135.362	135.66	99999	sp
135.66	135.719	70	BUT
135.719	135.88	1	A
135.88	136.102	349	QUICK
136.102	136.522	401	STAB
136.522	137.067	463	VANQUISHED
137.067	137.202	207	HIM
137.202	147.908	99999	sp
147.908	148.356	183	GLUCOSE
148.356	148.592	20	AND
148.592	149.262	167	FRUCTOSE
149.262	149.505	30	ARE
149.505	149.962	275	NATURAL
149.962	150.512	413	SUGARS
150.512	150.763	99999	sp
150.763	151.072	163	FOUND
151.072	151.192	217	IN
151.192	151.512	168	FRUIT
151.512	162.119	99999	sp
162.119	162.192	30	ARE
162.192	162.412	494	YOU
162.412	162.722	249	LOOKING
162.722	162.982	161	FOR
162.982	163.522	136	EMPLOYMENT
163.522	171.054	99999	sp
171.054	171.412	98	COFFEE
171.412	171.626	224	IS
171.626	171.832	198	GROWN
171.832	171.992	296	ON
171.992	172.481	403	STEEP
172.481	172.842	88888	JUNGLE
172.842	173.042	240	LIKE
173.042	173.462	389	SLOPES
173.462	173.681	217	IN
173.681	174.181	430	TEMPERATE
174.181	174.762	496	ZONES
174.762	184.221	99999	sp
184.221	184.352	475	WE
184.352	184.822	479	WELCOME
184.822	185.102	255	MANY
185.102	185.252	281	NEW
185.252	185.658	407	STUDENTS
185.658	185.887	132	EACH
185.887	186.202	490	YEAR
186.202	194.669	99999	sp
194.669	195.012	297	ONLY
195.012	195.204	433	THE
195.204	195.555	51	BEST
195.555	195.982	329	PLAYERS
195.982	196.369	139	ENJOY
196.369	197.142	335	POPULARITY
197.142	205.646	99999	sp
205.646	206.151	75	CALCIUM
206.151	206.467	253	MAKES
206.467	206.781	58	BONES
206.781	206.912	20	AND
206.912	207.122	429	TEETH
207.122	207.602	405	STRONG
207.602	215.398	99999	sp
215.398	215.832	285	NOTHING
215.832	216.012	224	IS
216.012	216.302	34	AS
216.302	216.792	294	OFFENSIVE
216.792	217.02	34	AS
217.02	217.722	219	INNOCENCE
217.722	225.931	99999	sp
225.931	226.376	404	STEVE
226.376	226.572	489	WORE
226.572	226.722	1	A
226.722	227.03	65	BRIGHT
227.03	227.352	355	RED
227.352	227.605	99999	sp
227.605	228.102	78	CASHMERE
228.102	228.592	419	SWEATER
228.592	236.954	99999	sp
236.954	237.31	46	BARB'S
237.31	237.575	188	GOLD
237.575	238.021	63	BRACELET
238.021	238.217	471	WAS
238.217	238.301	1	A
238.301	239.291	193	GRADUATION
239.291	239.852	338	PRESENT
239.852	248.615	99999	sp
248.615	248.872	130	DRAW
248.872	249.272	145	EVERY
249.272	249.612	307	OUTER
249.612	249.901	243	LINE
249.901	250.482	156	FIRST
250.482	250.642	435	THEN
250.642	250.912	154	FILL
250.912	251.063	217	IN
251.063	251.151	433	THE
251.151	251.782	222	INTERIOR
251.782	260.621	99999	sp
260.621	260.692	433	THE
260.692	261.182	474	WATER
261.182	261.692	103	CONTAINED
261.692	261.851	447	TOO
261.851	262.083	268	MUCH
262.083	262.591	90	CHLORINE
262.591	262.752	20	AND
262.752	263.122	408	STUNG
263.122	263.351	208	HIS
263.351	263.851	149	EYES
263.851	273.46	99999	sp
273.46	273.899	229	JOHN'S
273.899	274.182	66	BROTHER
274.182	274.749	362	REPAINTED
274.749	274.845	433	THE
274.845	275.496	173	GARAGE
275.496	284.002	99999	sp
284.002	284.482	84	CHALLENGE
284.482	284.851	132	EACH
284.851	285.875	175	GENERAL'S
285.875	286.692	221	INTELLIGENCE
286.692	296.172	99999	sp
296.172	297.139	17	AMBIDEXTROUS
297.139	298.566	326	PICKPOCKETS
298.566	299.211	6	ACCOMPLISH
299.211	299.513	266	MORE
299.513	309.63	99999	{NS}
309.63	309.872	1	A
309.872	310.742	270	MUSCULAR
310.742	311.302	2	ABDOMEN
311.302	311.546	224	IS
311.546	311.682	189	GOOD
311.682	311.812	161	FOR
311.812	311.987	495	YOUR
311.987	312.382	43	BACK
312.382	320.954	99999	sp
320.954	321.132	437	THEY
321.132	321.372	316	OWN
321.372	321.499	1	A
321.499	321.692	52	BIG
321.692	322.083	209	HOUSE
322.083	322.326	217	IN
322.326	322.432	433	THE
322.432	322.843	360	REMOTE
322.843	323.601	109	COUNTRYSIDE
323.601	331.812	99999	sp
331.812	331.882	433	THE
331.882	332.432	368	ROSE
332.432	332.952	106	CORSAGE
332.952	333.332	392	SMELLED
333.332	333.702	420	SWEET
333.702	341.147	99999	sp
341.147	341.38	432	THAT
341.38	341.929	325	PICKPOCKET
341.929	342.421	471	WAS
342.421	342.715	80	CAUGHT
342.715	342.901	355	RED
342.901	343.568	199	HANDED
343.568	351.432	99999	sp
351.432	351.51	19	AN
351.51	351.942	9	ADULT
351.942	352.294	254	MALE
352.294	352.812	42	BABOON'S
352.812	353.128	429	TEETH
353.128	353.217	30	ARE
353.217	353.458	284	NOT
353.458	353.9	414	SUITABLE
353.9	354.159	161	FOR
354.159	354.474	135	EATING
354.474	355.122	375	SHELLFISH
355.122	364.871	99999	sp
364.871	365.101	204	HER
365.101	365.713	469	WARDROBE
365.713	366.252	102	CONSISTS
366.252	366.585	293	OF
366.585	366.911	297	ONLY
366.911	367.351	384	SKIRTS
367.351	367.609	20	AND
367.609	368.322	54	BLOUSES
368.322	377.167	99999	sp
377.167	377.389	433	THE
377.389	377.612	452	TWO
377.612	378.134	33	ARTISTS
378.134	378.881	147	EXCHANGED
378.881	379.651	39	AUTOGRAPHS
379.651	388.595	99999	sp
388.595	389.272	71	BUTTERSCOTCH
389.272	389.713	169	FUDGE
389.713	390.012	186	GOES
390.012	390.312	480	WELL
390.312	390.522	486	WITH
390.522	390.872	462	VANILLA
390.872	391.224	212	ICE
391.224	391.502	112	CREAM
391.502	400.528	99999	sp
400.528	400.909	365	RICH
400.909	401.715	348	PURCHASED
401.715	402.378	373	SEVERAL
402.378	402.962	381	SIGNED
402.962	403.225	99999	sp
403.225	404.122	244	LITHOGRAPHS
404.122	413.95	99999	{NS}
413.95	414.132	24	ANY
414.132	415.052	105	CONTRIBUTIONS
415.052	415.213	484	WILL
415.213	415.377	47	BE
415.377	415.742	195	GREATLY
415.742	416.565	28	APPRECIATED
416.565	424.302	99999	sp
424.302	424.46	433	THE
424.46	425.022	111	CRANBERRY
425.022	425.447	57	BOG
425.447	425.712	178	GETS
425.712	426.035	464	VERY
426.035	426.291	339	PRETTY
426.291	426.422	217	IN
426.422	426.791	40	AUTUMN
426.791	436.215	99999	sp
436.215	436.44	210	HOW
436.44	436.591	128	DO
436.591	437.101	317	OYSTERS
437.101	437.306	252	MAKE
437.306	437.851	319	PEARLS
437.851	444.712	99999	sp
444.712	444.971	256	MAY
444.971	445.151	211	I
445.151	445.522	303	ORDER
445.522	445.604	1	A
445.604	445.982	318	PARFAIT
445.982	446.281	10	AFTER
446.281	446.382	211	I
446.382	446.642	134	EAT
446.642	447.002	124	DINNER
447.002	455.077	99999	sp
455.077	455.182	224	IS
455.182	455.414	374	SHE
455.414	455.721	187	GOING
455.721	455.949	486	WITH
455.949	456.112	494	YOU
456.112	463.185	99999	sp
463.185	463.382	76	CAN
463.382	463.452	433	THE
463.452	464.101	11	AGENCY
464.101	464.762	314	OVERTHROW
464.762	465.132	13	ALIEN
465.132	465.762	162	FORCES
465.762	473.325	99999	sp
473.325	473.382	1	A
473.382	474.101	370	SCREWDRIVER
474.101	474.312	224	IS
474.312	474.541	251	MADE
474.541	474.772	166	FROM
474.772	475.392	468	VODKA
475.392	475.67	99999	sp
475.67	475.822	20	AND
475.822	476.091	302	ORANGE
476.091	476.612	230	JUICE
476.612	485.956	99999	sp
485.956	486.091	210	HOW
486.091	486.362	268	MUCH
486.362	486.823	16	ALLOWANCE
486.823	486.911	128	DO
486.911	487.102	494	YOU
487.102	487.332	177	GET
487.332	495.062	99999	sp
495.062	496.091	88888	CYCLE
496.091	497.106	99999	sp
497.106	497.522	88888	CYCLE
497.522	498.892	345	PROGRAMS
498.892	499.072	484	WILL
499.072	499.419	280	NEVER
499.419	499.911	100	COMPILE
499.911	511.846	99999	sp
511.846	512.039	433	THE
512.039	512.666	61	BOSTON
512.666	513.278	45	BALLET
513.278	513.832	311	OVERCAME
513.832	514.016	434	THEIR
514.016	514.412	170	FUNDING
514.412	515.032	379	SHORTAGE
515.032	524.869	99999	sp
524.869	525.18	145	EVERY
525.18	525.481	74	CAB
525.481	525.807	279	NEEDS
525.807	526.312	363	REPAINTING
526.312	526.881	295	OFTEN
526.881	534.601	99999	sp
534.601	534.946	203	HELP
534.946	535.473	196	GREG
535.473	535.658	445	TO
535.658	536.042	324	PICK
536.042	536.2	99999	sp
536.2	536.357	1	A
536.357	536.652	320	PECK
536.652	536.865	293	OF
536.865	537.532	337	POTATOES
537.532	546.111	99999	sp
546.111	546.231	475	WE
546.231	546.496	240	LIKE
546.496	546.705	55	BLUE
546.705	547.121	88	CHEESE
547.121	547.261	70	BUT
547.261	547.631	465	VICTOR
547.631	547.972	241	LIKES
547.972	548.302	64	BRIE
548.302	556.507	99999	sp
556.507	556.751	108	COUNT
556.751	556.832	433	THE
556.832	557.241	288	NUMBER
557.241	557.386	293	OF
557.386	557.991	428	TEASPOONS
557.991	558.082	293	OF
558.082	558.682	394	SOYSAUCE
558.682	558.812	432	THAT
558.812	558.971	494	YOU
558.971	559.376	7	ADD
559.376	568.126	99999	sp
568.126	568.652	44	BAGPIPES
568.652	568.878	20	AND
568.878	569.322	59	BONGOS
569.322	569.422	30	ARE
569.422	569.861	272	MUSICAL
569.861	570.552	220	INSTRUMENTS
570.552	578.241	99999	sp
578.241	578.491	210	HOW
578.491	578.692	189	GOOD
578.692	578.861	224	IS
578.861	579.052	495	YOUR
579.052	579.721	138	ENDURANCE
579.721	600.0	99999	{NS}
600.0	601.972	99999	sp
601.972	602.321	88888	ALRIGHT
602.321	607.13	99999	sp
607.13	607.252	30	ARE
607.252	607.482	495	YOUR
607.482	607.862	192	GRADES
607.862	608.242	206	HIGHER
608.242	608.374	301	OR
608.374	608.66	250	LOWER
608.66	608.832	431	THAN
608.832	609.511	274	NANCY'S
609.511	618.802	99999	sp
618.802	619.062	374	SHE
619.062	619.68	489	WORE
619.68	619.881	99999	sp
619.881	620.352	470	WARM
620.352	620.425	99999	sp
620.425	620.922	158	FLEECY
620.922	621.512	488	WOOLEN
621.512	622.236	310	OVERALLS
622.236	630.543	99999	sp
630.543	630.841	353	READING
630.841	631.031	217	IN
631.031	631.262	334	POOR
631.262	631.55	239	LIGHT
631.55	631.784	181	GIVES
631.784	631.912	494	YOU
631.912	632.531	150	EYESTRAIN
632.531	640.4110000000001	99999	sp
640.4110000000001	640.651	142	EVEN
640.651	640.901	211	I
640.901	641.402	292	OCCASIONALLY
641.402	641.576	177	GET
641.576	641.642	433	THE
641.642	641.997	264	MONDAY
641.997	642.531	56	BLUES
642.531	650.792	99999	sp
650.792	650.881	475	WE
650.881	651.031	30	ARE
651.031	651.401	300	OPEN
651.401	651.701	145	EVERY
651.701	652.081	264	MONDAY
652.081	652.5409999999999	143	EVENING
652.5409999999999	661.206	99999	sp
661.206	661.371	226	IT'S
661.371	661.606	284	NOT
661.606	662.002	133	EASY
662.002	662.156	445	TO
662.156	662.462	113	CREATE
662.462	663.1610000000001	215	ILLUMINATING
663.1610000000001	663.98	146	EXAMPLES
663.98	671.619	99999	sp
671.619	671.865	269	MUM
671.865	672.463	406	STRONGLY
672.463	672.891	126	DISLIKES
672.891	673.701	27	APPETIZERS
673.701	682.317	99999	sp
682.317	682.572	442	THOSE
682.572	682.74	483	WHO
682.74	683.058	426	TEACH
683.058	683.471	461	VALUES
683.471	683.781	156	FIRST
683.781	684.292	4	ABOLISH
684.292	684.811	87	CHEATING
684.811	694.384	99999	sp
694.384	694.485	433	THE
694.485	694.8389999999999	165	FRIGHTENED
694.8389999999999	695.212	89	CHILD
695.212	695.52	471	WAS
695.52	695.822	176	GENTLY
695.822	696.321	409	SUBDUED
696.321	696.501	73	BY
696.501	696.746	208	HIS
696.746	696.958	52	BIG
696.958	697.391	66	BROTHER
697.391	705.561	99999	sp
705.561	705.922	142	EVEN
705.922	706.015	1	A
706.015	706.641	382	SIMPLE
706.641	707.523	467	VOCABULARY
707.523	708.281	104	CONTAINS
708.281	708.401	99999	sp
708.401	709.1320000000001	421	SYMBOLS
709.1320000000001	718.328	99999	sp
718.328	718.434	1	A
718.434	718.74	110	CRAB
718.74	719.181	85	CHALLENGED
719.181	719.452	257	ME
719.452	719.611	70	BUT
719.611	719.74	1	A
719.74	719.941	349	QUICK
719.941	720.261	401	STAB
720.261	720.7909999999999	463	VANQUISHED
720.7909999999999	720.992	207	HIM
720.992	728.989	99999	sp
728.989	729.442	183	GLUCOSE
729.442	729.582	20	AND
729.582	730.162	167	FRUCTOSE
730.162	730.332	30	ARE
730.332	730.792	275	NATURAL
730.792	731.232	413	SUGARS
731.232	731.428	163	FOUND
731.428	731.572	217	IN
731.572	731.922	168	FRUIT
731.922	739.532	99999	sp
739.532	739.6510000000001	30	ARE
739.6510000000001	739.742	494	YOU
739.742	740.072	249	LOOKING
740.072	740.232	161	FOR
740.232	740.862	136	EMPLOYMENT
740.862	748.5	99999	sp
748.5	748.842	98	COFFEE
748.842	749.05	224	IS
749.05	749.242	198	GROWN
749.242	749.3820000000001	296	ON
749.3820000000001	749.794	403	STEEP
749.794	750.102	88888	JUNGLE
750.102	750.292	240	LIKE
750.292	750.7719999999999	389	SLOPES
750.7719999999999	750.991	217	IN
750.991	751.392	430	TEMPERATE
751.392	751.992	496	ZONES
751.992	759.84	99999	sp
759.84	759.972	475	WE
759.972	760.362	479	WELCOME
760.362	760.888	255	MANY
760.888	761.052	281	NEW
761.052	761.509	407	STUDENTS
761.509	761.712	132	EACH
761.712	761.982	490	YEAR
761.982	769.726	99999	sp
769.726	769.952	297	ONLY
769.952	770.152	433	THE
770.152	770.419	51	BEST
770.419	770.785	329	PLAYERS
770.785	771.157	139	ENJOY
771.157	771.922	335	POPULARITY
771.922	779.486	99999	sp
779.486	779.942	75	CALCIUM
779.942	780.283	253	MAKES
780.283	780.592	58	BONES
780.592	780.7139999999999	20	AND
780.7139999999999	780.942	429	TEETH
780.942	781.452	405	STRONG
781.452	789.8969999999999	99999	sp
789.8969999999999	790.252	285	NOTHING
790.252	790.452	224	IS
790.452	790.662	34	AS
790.662	791.172	294	OFFENSIVE
791.172	791.422	34	AS
791.422	792.162	219	INNOCENCE
792.162	800.3489999999999	99999	sp
800.3489999999999	800.722	404	STEVE
800.722	800.939	489	WORE
800.939	801.1	1	A
801.1	801.3820000000001	65	BRIGHT
801.3820000000001	801.645	355	RED
801.645	802.1320000000001	78	CASHMERE
802.1320000000001	802.642	419	SWEATER
802.642	810.648	99999	sp
810.648	811.095	46	BARB'S
811.095	811.347	188	GOLD
811.347	811.742	63	BRACELET
811.742	811.992	471	WAS
811.992	812.078	1	A
812.078	812.721	193	GRADUATION
812.721	813.142	338	PRESENT
813.142	824.508	99999	sp
824.508	824.832	130	DRAW
824.832	825.242	145	EVERY
825.242	825.607	307	OUTER
825.607	825.931	243	LINE
825.931	826.365	156	FIRST
826.365	826.532	435	THEN
826.532	826.732	154	FILL
826.732	826.887	217	IN
826.887	826.962	433	THE
826.962	827.572	222	INTERIOR
827.572	837.727	99999	sp
837.727	837.806	433	THE
837.806	838.065	474	WATER
838.065	838.517	103	CONTAINED
838.517	838.662	447	TOO
838.662	838.975	268	MUCH
838.975	839.327	90	CHLORINE
839.327	839.475	20	AND
839.475	839.792	408	STUNG
839.792	839.982	208	HIS
839.982	840.446	149	EYES
840.446	849.677	99999	sp
849.677	850.061	229	JOHN'S
850.061	850.322	66	BROTHER
850.322	850.871	362	REPAINTED
850.871	850.984	433	THE
850.984	851.452	173	GARAGE
851.452	860.259	99999	sp
860.259	860.6510000000001	84	CHALLENGE
860.6510000000001	860.954	132	EACH
860.954	861.422	175	GENERAL'S
861.422	862.202	221	INTELLIGENCE
862.202	869.077	99999	sp
869.077	869.9010000000001	17	AMBIDEXTROUS
869.9010000000001	870.492	326	PICKPOCKETS
870.492	871.014	6	ACCOMPLISH
871.014	871.252	266	MORE
871.252	879.009	99999	sp
879.009	879.172	1	A
879.172	879.832	270	MUSCULAR
879.832	880.3199999999999	2	ABDOMEN
880.3199999999999	880.5419999999999	224	IS
880.5419999999999	880.6610000000001	189	GOOD
880.6610000000001	880.781	161	FOR
880.781	880.9680000000001	495	YOUR
880.9680000000001	881.332	43	BACK
881.332	888.1990000000001	99999	sp
888.1990000000001	888.425	437	THEY
888.425	888.613	316	OWN
888.613	888.775	1	A
888.775	888.992	52	BIG
888.992	889.4110000000001	209	HOUSE
889.4110000000001	889.797	217	IN
889.797	889.922	433	THE
889.922	890.346	360	REMOTE
890.346	891.0409999999999	109	COUNTRYSIDE
891.0409999999999	900.352	99999	sp
900.352	900.432	433	THE
900.432	900.885	368	ROSE
900.885	901.3430000000001	106	CORSAGE
901.3430000000001	901.717	392	SMELLED
901.717	902.062	420	SWEET
902.062	909.9100000000001	99999	sp
909.9100000000001	910.102	432	THAT
910.102	910.6669999999999	325	PICKPOCKET
910.6669999999999	910.865	471	WAS
910.865	911.075	80	CAUGHT
911.075	911.232	355	RED
911.232	911.6320000000001	199	HANDED
911.6320000000001	919.177	99999	sp
919.177	919.38	19	AN
919.38	919.6700000000001	9	ADULT
919.6700000000001	919.923	254	MALE
919.923	920.4580000000001	42	BABOON'S
920.4580000000001	920.677	429	TEETH
920.677	920.752	30	ARE
920.752	920.943	284	NOT
920.943	921.409	414	SUITABLE
921.409	921.582	161	FOR
921.582	921.899	135	EATING
921.899	922.591	375	SHELLFISH
922.591	930.376	99999	sp
930.376	930.5319999999999	204	HER
930.5319999999999	931.0319999999999	469	WARDROBE
931.0319999999999	931.4870000000001	102	CONSISTS
931.4870000000001	931.736	293	OF
931.736	932.0799999999999	297	ONLY
932.0799999999999	932.572	384	SKIRTS
932.572	932.744	20	AND
932.744	933.4110000000001	54	BLOUSES
933.4110000000001	941.127	99999	sp
941.127	941.29	433	THE
941.29	941.531	452	TWO
941.531	942.223	33	ARTISTS
942.223	942.356	99999	sp
942.356	942.672	30	ARE
942.672	943.017	99999	sp
943.017	943.6220000000001	147	EXCHANGED
943.6220000000001	944.312	39	AUTOGRAPHS
944.312	950.6279999999999	99999	sp
950.6279999999999	951.101	71	BUTTERSCOTCH
951.101	951.454	169	FUDGE
951.454	951.688	186	GOES
951.688	951.851	480	WELL
951.851	952.0930000000001	486	WITH
952.0930000000001	952.341	462	VANILLA
952.341	952.697	212	ICE
952.697	952.942	112	CREAM
952.942	960.223	99999	sp
960.223	960.518	365	RICH
960.518	960.941	348	PURCHASED
960.941	961.472	373	SEVERAL
961.472	961.989	381	SIGNED
961.989	962.832	244	LITHOGRAPHS
962.832	971.379	99999	sp
971.379	971.54	19	AN
971.54	972.412	105	CONTRIBUTIONS
972.412	972.521	484	WILL
972.521	972.648	47	BE
972.648	972.977	195	GREATLY
972.977	973.672	28	APPRECIATED
973.672	983.404	99999	sp
983.404	983.508	433	THE
983.508	984.1089999999999	111	CRANBERRY
984.1089999999999	984.3720000000001	57	BOG
984.3720000000001	984.6610000000001	178	GETS
984.6610000000001	984.96	464	VERY
984.96	985.262	339	PRETTY
985.262	985.3720000000001	217	IN
985.3720000000001	985.721	40	AUTUMN
985.721	994.03	99999	sp
994.03	994.25	210	HOW
994.25	994.432	128	DO
994.432	994.85	317	OYSTERS
994.85	995.0350000000001	252	MAKE
995.0350000000001	995.531	319	PEARLS
995.531	1004.126	99999	sp
1004.126	1004.245	256	MAY
1004.245	1004.332	211	I
1004.332	1004.594	303	ORDER
1004.594	1004.71	1	A
1004.71	1005.072	318	PARFAIT
1005.072	1005.332	10	AFTER
1005.332	1005.4010000000001	211	I
1005.4010000000001	1005.595	134	EAT
1005.595	1005.971	124	DINNER
1005.971	1014.2660000000001	99999	sp
1014.2660000000001	1014.373	224	IS
1014.373	1014.5609999999999	374	SHE
1014.5609999999999	1015.219	187	GOING
1015.219	1015.46	486	WITH
1015.46	1015.6510000000001	494	YOU
1015.6510000000001	1024.219	99999	sp
1024.219	1024.372	76	CAN
1024.372	1024.519	433	THE
1024.519	1024.992	11	AGENCY
1024.992	1025.522	314	OVERTHROW
1025.522	1025.8319999999999	13	ALIEN
1025.8319999999999	1026.462	162	FORCES
1026.462	1034.176	99999	sp
1034.176	1034.344	1	A
1034.344	1034.791	370	SCREWDRIVER
1034.791	1034.969	224	IS
1034.969	1035.312	251	MADE
1035.312	1035.6689999999999	166	FROM
1035.6689999999999	1035.971	468	VODKA
1035.971	1036.252	20	AND
1036.252	1036.632	302	ORANGE
1036.632	1037.0819999999999	230	JUICE
1037.0819999999999	1045.135	99999	sp
1045.135	1045.262	210	HOW
1045.262	1045.512	268	MUCH
1045.512	1045.9189999999999	16	ALLOWANCE
1045.9189999999999	1046.012	128	DO
1046.012	1046.153	494	YOU
1046.153	1046.401	177	GET
1046.401	1052.855	99999	sp
1052.855	1053.422	88888	CYNICAL
1053.422	1053.911	345	PROGRAMS
1053.911	1054.002	484	WILL
1054.002	1054.252	280	NEVER
1054.252	1054.892	100	COMPILE
1054.892	1062.8899999999999	99999	sp
1062.8899999999999	1063.51	61	BOSTON
1063.51	1063.872	45	BALLET
1063.872	1063.961	99999	sp
1063.961	1064.471	311	OVERCAME
1064.471	1064.609	434	THEIR
1064.609	1064.959	161	FOR
1064.959	1065.308	99999	sp
1065.308	1065.728	170	FUNDING
1065.728	1066.312	379	SHORTAGE
1066.312	1073.817	99999	sp
1073.817	1074.0439999999999	145	EVERY
1074.0439999999999	1074.341	74	CAB
1074.341	1074.612	279	NEEDS
1074.612	1075.091	363	REPAINTING
1075.091	1075.591	295	OFTEN
1075.591	1083.815	99999	sp
1083.815	1084.112	203	HELP
1084.112	1084.443	196	GREG
1084.443	1084.509	99999	sp
1084.509	1084.69	445	TO
1084.69	1084.922	324	PICK
1084.922	1085.076	1	A
1085.076	1085.335	320	PECK
1085.335	1085.461	293	OF
1085.461	1086.182	337	POTATOES
1086.182	1093.3890000000001	99999	sp
1093.3890000000001	1093.535	475	WE
1093.535	1093.762	240	LIKE
1093.762	1093.847	99999	sp
1093.847	1094.057	55	BLUE
1094.057	1094.422	88	CHEESE
1094.422	1094.599	70	BUT
1094.599	1094.882	465	VICTOR
1094.882	1095.213	241	LIKES
1095.213	1095.541	64	BRIE
1095.541	1102.723	99999	sp
1102.723	1102.932	108	COUNT
1102.932	1103.002	433	THE
1103.002	1103.406	288	NUMBER
1103.406	1103.574	293	OF
1103.574	1104.192	428	TEASPOONS
1104.192	1104.281	293	OF
1104.281	1104.8220000000001	394	SOYSAUCE
1104.8220000000001	1105.022	432	THAT
1105.022	1105.212	494	YOU
1105.212	1105.471	7	ADD
1105.471	1112.8029999999999	99999	sp
1112.8029999999999	1113.261	44	BAGPIPES
1113.261	1113.414	20	AND
1113.414	1113.8319999999999	59	BONGOS
1113.8319999999999	1113.942	30	ARE
1113.942	1114.3319999999999	272	MUSICAL
1114.3319999999999	1115.062	220	INSTRUMENTS
1115.062	1122.105	99999	sp
1122.105	1122.345	210	HOW
1122.345	1122.511	189	GOOD
1122.511	1122.692	224	IS
1122.692	1122.8020000000001	495	YOUR
1122.8020000000001	1123.481	138	ENDURANCE
1123.481	1131.5720000000001	99999	{NS}
1131.5720000000001	1143.452	99999	{NS}
1143.452	1143.642	88888	ALRIGHT
1143.642	1143.761	99999	sp
1143.761	1144.042	88888	LET'S
1144.042	1144.182	128	DO
1144.182	1144.672	440	THIS
1144.672	1147.632	99999	sp
1147.632	1147.741	30	ARE
1147.741	1147.897	495	YOUR
1147.897	1148.187	192	GRADES
1148.187	1148.5810000000001	206	HIGHER
1148.5810000000001	1148.702	301	OR
1148.702	1148.991	250	LOWER
1148.991	1149.142	431	THAN
1149.142	1149.8220000000001	274	NANCY'S
1149.8220000000001	1156.804	99999	sp
1156.804	1157.011	374	SHE
1157.011	1157.3319999999999	489	WORE
1157.3319999999999	1157.9070000000002	470	WARM
1157.9070000000002	1158.272	158	FLEECY
1158.272	1158.6970000000001	488	WOOLEN
1158.6970000000001	1159.462	310	OVERALLS
1159.462	1166.767	99999	sp
1166.767	1167.062	353	READING
1167.062	1167.229	217	IN
1167.229	1167.491	334	POOR
1167.491	1167.755	239	LIGHT
1167.755	1167.967	181	GIVES
1167.967	1168.101	494	YOU
1168.101	1168.721	150	EYESTRAIN
1168.721	1175.5720000000001	99999	sp
1175.5720000000001	1175.7820000000002	142	EVEN
1175.7820000000002	1176.0520000000001	211	I
1176.0520000000001	1176.525	292	OCCASIONALLY
1176.525	1176.696	177	GET
1176.696	1176.751	433	THE
1176.751	1177.069	264	MONDAY
1177.069	1177.591	56	BLUES
1177.591	1184.509	99999	sp
1184.509	1184.5819999999999	475	WE
1184.5819999999999	1184.761	30	ARE
1184.761	1185.142	300	OPEN
1185.142	1185.422	145	EVERY
1185.422	1185.741	264	MONDAY
1185.741	1186.221	143	EVENING
1186.221	1192.9859999999999	99999	sp
1192.9859999999999	1193.182	226	IT'S
1193.182	1193.3609999999999	284	NOT
1193.3609999999999	1193.699	133	EASY
1193.699	1193.873	445	TO
1193.873	1194.062	113	CREATE
1194.062	1194.6109999999999	215	ILLUMINATING
1194.6109999999999	1195.501	146	EXAMPLES
1195.501	1200.0	99999	sp
1200.0	1202.815	99999	sp
1202.815	1203.071	269	MUM
1203.071	1203.544	406	STRONGLY
1203.544	1203.921	126	DISLIKES
1203.921	1204.702	27	APPETIZERS
1204.702	1211.194	99999	sp
1211.194	1211.412	442	THOSE
1211.412	1211.575	483	WHO
1211.575	1211.851	426	TEACH
1211.851	1212.261	461	VALUES
1212.261	1212.521	156	FIRST
1212.521	1213.04	88888	ABOLISHED
1213.04	1213.461	87	CHEATING
1213.461	1220.891	99999	sp
1220.891	1220.962	433	THE
1220.962	1221.339	165	FRIGHTENED
1221.339	1221.632	89	CHILD
1221.632	1221.885	471	WAS
1221.885	1222.152	176	GENTLY
1222.152	1222.68	409	SUBDUED
1222.68	1222.832	73	BY
1222.832	1223.032	208	HIS
1223.032	1223.299	52	BIG
1223.299	1223.692	66	BROTHER
1223.692	1231.459	99999	sp
1231.459	1231.762	142	EVEN
1231.762	1231.922	1	A
1231.922	1232.351	382	SIMPLE
1232.351	1233.038	467	VOCABULARY
1233.038	1233.471	104	CONTAINS
1233.471	1234.121	421	SYMBOLS
1234.121	1241.435	99999	sp
1241.435	1241.5720000000001	1	A
1241.5720000000001	1241.934	110	CRAB
1241.934	1242.392	85	CHALLENGED
1242.392	1242.588	257	ME
1242.588	1242.881	70	BUT
1242.881	1243.291	99999	sp
1243.291	1243.476	1	A
1243.476	1243.681	349	QUICK
1243.681	1244.065	401	STAB
1244.065	1244.581	463	VANQUISHED
1244.581	1244.752	207	HIM
1244.752	1253.205	99999	sp
1253.205	1253.591	183	GLUCOSE
1253.591	1253.731	20	AND
1253.731	1254.231	167	FRUCTOSE
1254.231	1254.354	30	ARE
1254.354	1254.761	275	NATURAL
1254.761	1255.151	413	SUGARS
1255.151	1255.361	163	FOUND
1255.361	1255.481	217	IN
1255.481	1255.791	168	FRUIT
1255.791	1263.652	99999	sp
1263.652	1263.771	30	ARE
1263.771	1263.921	494	YOU
1263.921	1264.221	249	LOOKING
1264.221	1264.421	161	FOR
1264.421	1264.931	136	EMPLOYMENT
1264.931	1272.104	99999	sp
1272.104	1272.421	98	COFFEE
1272.421	1272.596	224	IS
1272.596	1272.852	198	GROWN
1272.852	1273.011	296	ON
1273.011	1273.4279999999999	403	STEEP
1273.4279999999999	1273.712	88888	JUNGLE
1273.712	1273.89	240	LIKE
1273.89	1274.261	389	SLOPES
1274.261	1274.426	217	IN
1274.426	1274.802	430	TEMPERATE
1274.802	1275.382	496	ZONES
1275.382	1283.375	99999	sp
1283.375	1283.492	475	WE
1283.492	1283.891	479	WELCOME
1283.891	1284.151	255	MANY
1284.151	1284.302	281	NEW
1284.302	1284.772	407	STUDENTS
1284.772	1285.014	132	EACH
1285.014	1285.221	490	YEAR
1285.221	1291.913	99999	sp
1291.913	1292.151	297	ONLY
1292.151	1292.329	433	THE
1292.329	1292.657	51	BEST
1292.657	1293.091	329	PLAYERS
1293.091	1293.441	139	ENJOY
1293.441	1294.212	335	POPULARITY
1294.212	1301.557	99999	sp
1301.557	1302.001	75	CALCIUM
1302.001	1302.313	253	MAKES
1302.313	1302.895	58	BONES
1302.895	1303.084	20	AND
1303.084	1303.281	429	TEETH
1303.281	1303.712	405	STRONG
1303.712	1310.819	99999	sp
1310.819	1311.121	285	NOTHING
1311.121	1311.3220000000001	224	IS
1311.3220000000001	1311.513	34	AS
1311.513	1312.041	294	OFFENSIVE
1312.041	1312.261	34	AS
1312.261	1312.992	219	INNOCENCE
1312.992	1319.685	99999	sp
1319.685	1320.055	404	STEVE
1320.055	1320.381	489	WORE
1320.381	1320.621	65	BRIGHT
1320.621	1320.927	355	RED
1320.927	1321.401	78	CASHMERE
1321.401	1322.001	88888	SWEATHER
1322.001	1329.495	99999	sp
1329.495	1329.805	46	BARB'S
1329.805	1330.033	188	GOLD
1330.033	1330.412	63	BRACELET
1330.412	1330.612	471	WAS
1330.612	1330.684	1	A
1330.684	1331.362	193	GRADUATION
1331.362	1331.712	338	PRESENT
1331.712	1338.542	99999	{NS}
1338.542	1339.143	99999	sp
1339.143	1339.392	130	DRAW
1339.392	1339.702	145	EVERY
1339.702	1340.0720000000001	307	OUTER
1340.0720000000001	1340.362	243	LINE
1340.362	1340.854	156	FIRST
1340.854	1341.002	435	THEN
1341.002	1341.202	154	FILL
1341.202	1341.371	217	IN
1341.371	1341.442	433	THE
1341.442	1342.032	222	INTERIOR
1342.032	1349.884	99999	sp
1349.884	1349.946	433	THE
1349.946	1350.342	474	WATER
1350.342	1350.763	103	CONTAINED
1350.763	1350.882	447	TOO
1350.882	1351.131	268	MUCH
1351.131	1351.632	90	CHLORINE
1351.632	1351.8220000000001	20	AND
1351.8220000000001	1352.142	408	STUNG
1352.142	1352.3319999999999	208	HIS
1352.3319999999999	1352.802	149	EYES
1352.802	1360.508	99999	sp
1360.508	1360.9279999999999	229	JOHN'S
1360.9279999999999	1361.181	66	BROTHER
1361.181	1361.684	362	REPAINTED
1361.684	1361.799	433	THE
1361.799	1362.372	173	GARAGE
1362.372	1369.607	99999	sp
1369.607	1370.0140000000001	84	CHALLENGE
1370.0140000000001	1370.181	132	EACH
1370.181	1370.722	175	GENERAL'S
1370.722	1371.552	221	INTELLIGENCE
1371.552	1379.995	99999	sp
1379.995	1380.8	17	AMBIDEXTROUS
1380.8	1381.342	326	PICKPOCKETS
1381.342	1381.779	6	ACCOMPLISH
1381.779	1382.104	266	MORE
1382.104	1389.172	99999	sp
1389.172	1389.215	1	A
1389.215	1389.762	270	MUSCULAR
1389.762	1390.132	2	ABDOMEN
1390.132	1390.402	224	IS
1390.402	1390.542	189	GOOD
1390.542	1390.702	161	FOR
1390.702	1390.83	495	YOUR
1390.83	1391.244	43	BACK
1391.244	1398.566	99999	sp
1398.566	1398.732	437	THEY
1398.732	1398.942	316	OWN
1398.942	1399.085	1	A
1399.085	1399.292	52	BIG
1399.292	1399.606	209	HOUSE
1399.606	1399.706	217	IN
1399.706	1399.866	433	THE
1399.866	1400.3	360	REMOTE
1400.3	1401.054	109	COUNTRYSIDE
1401.054	1408.6390000000001	99999	sp
1408.6390000000001	1409.092	433	THE
1409.092	1409.634	368	ROSE
1409.634	1410.0819999999999	106	CORSAGE
1410.0819999999999	1410.462	392	SMELLED
1410.462	1410.842	420	SWEET
1410.842	1417.834	99999	sp
1417.834	1418.048	432	THAT
1418.048	1418.662	325	PICKPOCKET
1418.662	1418.895	471	WAS
1418.895	1419.032	80	CAUGHT
1419.032	1419.242	355	RED
1419.242	1419.642	199	HANDED
1419.642	1426.022	99999	{NS}
1426.022	1426.079	19	AN
1426.079	1426.482	9	ADULT
1426.482	1426.733	254	MALE
1426.733	1427.289	42	BABOON'S
1427.289	1427.525	429	TEETH
1427.525	1427.602	30	ARE
1427.602	1427.792	284	NOT
1427.792	1428.172	414	SUITABLE
1428.172	1428.302	161	FOR
1428.302	1428.578	135	EATING
1428.578	1429.252	375	SHELLFISH
1429.252	1437.796	99999	sp
1437.796	1437.913	204	HER
1437.913	1438.427	469	WARDROBE
1438.427	1438.892	102	CONSISTS
1438.892	1439.062	293	OF
1439.062	1439.352	297	ONLY
1439.352	1439.802	384	SKIRTS
1439.802	1439.938	20	AND
1439.938	1440.612	54	BLOUSES
1440.612	1448.3220000000001	99999	sp
1448.3220000000001	1448.505	433	THE
1448.505	1448.712	452	TWO
1448.712	1449.193	33	ARTISTS
1449.193	1449.901	147	EXCHANGED
1449.901	1450.602	39	AUTOGRAPHS
1450.602	1457.798	99999	sp
1457.798	1458.312	71	BUTTERSCOTCH
1458.312	1458.676	169	FUDGE
1458.676	1458.912	186	GOES
1458.912	1459.132	480	WELL
1459.132	1459.341	486	WITH
1459.341	1459.661	462	VANILLA
1459.661	1460.046	212	ICE
1460.046	1460.312	112	CREAM
1460.312	1467.8890000000001	99999	sp
1467.8890000000001	1468.173	365	RICH
1468.173	1468.5520000000001	348	PURCHASED
1468.5520000000001	1469.012	373	SEVERAL
1469.012	1469.392	381	SIGNED
1469.392	1470.221	244	LITHOGRAPHS
1470.221	1477.495	99999	sp
1477.495	1477.606	24	ANY
1477.606	1478.409	105	CONTRIBUTIONS
1478.409	1478.482	484	WILL
1478.482	1478.592	47	BE
1478.592	1478.962	195	GREATLY
1478.962	1479.672	28	APPRECIATED
1479.672	1486.8220000000001	99999	sp
1486.8220000000001	1486.9569999999999	433	THE
1486.9569999999999	1487.521	111	CRANBERRY
1487.521	1487.826	57	BOG
1487.826	1488.091	178	GETS
1488.091	1488.394	464	VERY
1488.394	1488.622	339	PRETTY
1488.622	1488.762	217	IN
1488.762	1489.101	40	AUTUMN
1489.101	1496.396	99999	sp
1496.396	1496.563	210	HOW
1496.563	1496.682	128	DO
1496.682	1497.161	317	OYSTERS
1497.161	1497.359	252	MAKE
1497.359	1497.841	319	PEARLS
1497.841	1503.952	99999	sp
1503.952	1504.161	256	MAY
1504.161	1504.192	211	I
1504.192	1504.512	303	ORDER
1504.512	1504.599	1	A
1504.599	1504.971	318	PARFAIT
1504.971	1505.221	10	AFTER
1505.221	1505.252	211	I
1505.252	1505.46	134	EAT
1505.46	1505.781	124	DINNER
1505.781	1512.7060000000001	99999	sp
1512.7060000000001	1512.8020000000001	224	IS
1512.8020000000001	1513.0140000000001	374	SHE
1513.0140000000001	1513.3319999999999	187	GOING
1513.3319999999999	1513.563	486	WITH
1513.563	1513.781	494	YOU
1513.781	1519.878	99999	sp
1519.878	1520.0520000000001	76	CAN
1520.0520000000001	1520.112	433	THE
1520.112	1520.721	11	AGENCY
1520.721	1521.221	314	OVERTHROW
1521.221	1521.5819999999999	13	ALIEN
1521.5819999999999	1522.192	162	FORCES
1522.192	1529.641	99999	sp
1529.641	1529.699	1	A
1529.699	1530.341	370	SCREWDRIVER
1530.341	1530.502	224	IS
1530.502	1530.721	251	MADE
1530.721	1531.019	166	FROM
1531.019	1531.362	468	VODKA
1531.362	1531.612	20	AND
1531.612	1532.002	302	ORANGE
1532.002	1532.442	230	JUICE
1532.442	1540.04	99999	sp
1540.04	1540.151	210	HOW
1540.151	1540.392	268	MUCH
1540.392	1540.81	16	ALLOWANCE
1540.81	1540.892	128	DO
1540.892	1541.031	494	YOU
1541.031	1541.272	177	GET
1541.272	1547.659	99999	sp
1547.659	1548.3980000000001	88888	CYNICAL
1548.3980000000001	1548.862	345	PROGRAMS
1548.862	1548.952	484	WILL
1548.952	1549.221	280	NEVER
1549.221	1549.791	100	COMPILE
1549.791	1557.751	99999	sp
1557.751	1557.885	433	THE
1557.885	1558.3890000000001	61	BOSTON
1558.3890000000001	1558.721	45	BALLET
1558.721	1559.2060000000001	311	OVERCAME
1559.2060000000001	1559.341	434	THEIR
1559.341	1559.682	170	FUNDING
1559.682	1560.3220000000001	379	SHORTAGE
1560.3220000000001	1567.318	99999	sp
1567.318	1567.567	145	EVERY
1567.567	1567.812	74	CAB
1567.812	1568.1190000000001	279	NEEDS
1568.1190000000001	1568.591	363	REPAINTING
1568.591	1569.031	295	OFTEN
1569.031	1576.492	99999	{NS}
1576.492	1576.712	99999	sp
1576.712	1576.992	203	HELP
1576.992	1577.262	196	GREG
1577.262	1577.351	445	TO
1577.351	1577.732	324	PICK
1577.732	1577.841	1	A
1577.841	1578.161	320	PECK
1578.161	1578.242	293	OF
1578.242	1578.982	337	POTATOES
1578.982	1586.095	99999	sp
1586.095	1586.225	475	WE
1586.225	1586.512	240	LIKE
1586.512	1586.655	55	BLUE
1586.655	1586.9850000000001	88	CHEESE
1586.9850000000001	1587.151	70	BUT
1587.151	1587.411	465	VICTOR
1587.411	1587.79	241	LIKES
1587.79	1588.0819999999999	64	BRIE
1588.0819999999999	1595.629	99999	sp
1595.629	1595.872	108	COUNT
1595.872	1595.942	433	THE
1595.942	1596.3020000000001	288	NUMBER
1596.3020000000001	1596.416	293	OF
1596.416	1596.982	428	TEASPOONS
1596.982	1597.101	293	OF
1597.101	1597.622	394	SOYSAUCE
1597.622	1597.791	432	THAT
1597.791	1597.922	494	YOU
1597.922	1598.321	7	ADD
1598.321	1605.6979999999999	99999	sp
1605.6979999999999	1606.281	88888	BAGPIKES
1606.281	1606.482	20	AND
1606.482	1606.911	59	BONGOS
1606.911	1606.971	30	ARE
1606.971	1607.392	272	MUSICAL
1607.392	1608.132	220	INSTRUMENTS
1608.132	1615.18	99999	sp
1615.18	1615.406	210	HOW
1615.406	1615.531	189	GOOD
1615.531	1615.7069999999999	224	IS
1615.7069999999999	1615.812	495	YOUR
1615.812	1616.522	138	ENDURANCE
1616.522	1625.992	99999	{NS}
1625.992	1643.007	99999	{NS}
1643.007	1643.0819999999999	30	ARE
1643.0819999999999	1643.311	495	YOUR
1643.311	1643.772	192	GRADES
1643.772	1644.202	206	HIGHER
1644.202	1644.3020000000001	301	OR
1644.3020000000001	1644.6770000000001	250	LOWER
1644.6770000000001	1644.791	431	THAN
1644.791	1645.502	274	NANCY'S
1645.502	1653.319	99999	sp
1653.319	1653.522	374	SHE
1653.522	1653.851	489	WORE
1653.851	1654.3319999999999	470	WARM
1654.3319999999999	1654.862	158	FLEECY
1654.862	1655.262	488	WOOLEN
1655.262	1656.062	310	OVERALLS
1656.062	1663.76	99999	sp
1663.76	1664.041	353	READING
1664.041	1664.21	217	IN
1664.21	1664.492	334	POOR
1664.492	1664.729	239	LIGHT
1664.729	1664.9850000000001	181	GIVES
1664.9850000000001	1665.291	494	YOU
1665.291	1666.041	150	EYESTRAIN
1666.041	1672.315	99999	sp
1672.315	1672.492	142	EVEN
1672.492	1672.702	211	I
1672.702	1673.19	292	OCCASIONALLY
1673.19	1673.362	177	GET
1673.362	1673.422	433	THE
1673.422	1673.798	264	MONDAY
1673.798	1674.312	56	BLUES
1674.312	1681.283	99999	sp
1681.283	1681.362	475	WE
1681.362	1681.492	30	ARE
1681.492	1681.8220000000001	300	OPEN
1681.8220000000001	1682.091	145	EVERY
1682.091	1682.372	264	MONDAY
1682.372	1682.932	143	EVENING
1682.932	1690.341	99999	sp
1690.341	1690.502	226	IT'S
1690.502	1690.682	284	NOT
1690.682	1691.036	133	EASY
1691.036	1691.1779999999999	445	TO
1691.1779999999999	1691.422	113	CREATE
1691.422	1692.031	215	ILLUMINATING
1692.031	1692.8319999999999	146	EXAMPLES
1692.8319999999999	1699.884	99999	sp
1699.884	1700.112	269	MUM
1700.112	1700.608	406	STRONGLY
1700.608	1701.031	126	DISLIKES
1701.031	1701.901	27	APPETIZERS
1701.901	1708.848	99999	sp
1708.848	1709.092	442	THOSE
1709.092	1709.262	483	WHO
1709.262	1709.5520000000001	426	TEACH
1709.5520000000001	1710.041	461	VALUES
1710.041	1710.29	156	FIRST
1710.29	1710.752	4	ABOLISH
1710.752	1711.223	87	CHEATING
1711.223	1718.499	99999	sp
1718.499	1718.5520000000001	433	THE
1718.5520000000001	1718.942	165	FRIGHTENED
1718.942	1719.292	89	CHILD
1719.292	1719.516	471	WAS
1719.516	1719.812	176	GENTLY
1719.812	1720.312	409	SUBDUED
1720.312	1720.481	73	BY
1720.481	1720.743	208	HIS
1720.743	1720.962	52	BIG
1720.962	1721.3319999999999	66	BROTHER
1721.3319999999999	1721.652	99999	sp
1721.652	1728.3609999999999	99999	{NS}
1728.3609999999999	1728.663	99999	sp
1728.663	1728.9560000000001	142	EVEN
1728.9560000000001	1729.011	1	A
1729.011	1729.422	382	SIMPLE
1729.422	1730.0549999999998	467	VOCABULARY
1730.0549999999998	1730.501	104	CONTAINS
1730.501	1731.162	421	SYMBOLS
1731.162	1738.752	99999	sp
1738.752	1738.865	1	A
1738.865	1739.1309999999999	110	CRAB
1739.1309999999999	1739.5720000000001	85	CHALLENGED
1739.5720000000001	1739.799	257	ME
1739.799	1739.922	70	BUT
1739.922	1740.045	1	A
1740.045	1740.272	349	QUICK
1740.272	1740.621	401	STAB
1740.621	1741.0720000000001	463	VANQUISHED
1741.0720000000001	1741.221	207	HIM
1741.221	1748.2559999999999	99999	sp
1748.2559999999999	1748.682	183	GLUCOSE
1748.682	1748.772	20	AND
1748.772	1749.341	167	FRUCTOSE
1749.341	1749.422	30	ARE
1749.422	1749.851	275	NATURAL
1749.851	1750.251	413	SUGARS
1750.251	1750.462	163	FOUND
1750.462	1750.5720000000001	217	IN
1750.5720000000001	1750.8609999999999	168	FRUIT
1750.8609999999999	1757.414	99999	sp
1757.414	1757.491	30	ARE
1757.491	1757.5520000000001	494	YOU
1757.5520000000001	1757.8809999999999	249	LOOKING
1757.8809999999999	1758.0520000000001	161	FOR
1758.0520000000001	1758.5720000000001	136	EMPLOYMENT
1758.5720000000001	1765.3429999999998	99999	sp
1765.3429999999998	1765.662	98	COFFEE
1765.662	1766.156	224	IS
1766.156	1766.432	198	GROWN
1766.432	1766.963	296	ON
1766.963	1767.1770000000001	0	 
1767.1770000000001	1767.745	403	STEEP
1767.745	1768.101	88888	JUNGLE
1768.101	1768.3020000000001	240	LIKE
1768.3020000000001	1768.702	389	SLOPES
1768.702	1768.827	217	IN
1768.827	1769.162	430	TEMPERATE
1769.162	1769.731	496	ZONES
1769.731	1777.498	99999	sp
1777.498	1777.6309999999999	475	WE
1777.6309999999999	1778.279	479	WELCOME
1778.279	1778.591	255	MANY
1778.591	1778.761	281	NEW
1778.761	1779.1799999999998	407	STUDENTS
1779.1799999999998	1779.374	132	EACH
1779.374	1779.5720000000001	490	YEAR
1779.5720000000001	1786.317	99999	sp
1786.317	1786.601	297	ONLY
1786.601	1786.8110000000001	433	THE
1786.8110000000001	1787.086	51	BEST
1787.086	1787.449	329	PLAYERS
1787.449	1787.7930000000001	139	ENJOY
1787.7930000000001	1788.5320000000002	335	POPULARITY
1788.5320000000002	1795.342	99999	sp
1795.342	1795.812	75	CALCIUM
1795.812	1796.12	253	MAKES
1796.12	1796.371	58	BONES
1796.371	1796.5520000000001	20	AND
1796.5520000000001	1796.741	429	TEETH
1796.741	1797.221	405	STRONG
1797.221	1800.0	99999	sp
1800.0	1804.691	99999	sp
1804.691	1805.015	285	NOTHING
1805.015	1805.212	224	IS
1805.212	1805.381	34	AS
1805.381	1805.894	294	OFFENSIVE
1805.894	1806.131	34	AS
1806.131	1806.862	219	INNOCENCE
1806.862	1814.387	99999	sp
1814.387	1814.721	404	STEVE
1814.721	1814.961	489	WORE
1814.961	1815.051	1	A
1815.051	1815.342	65	BRIGHT
1815.342	1815.579	355	RED
1815.579	1816.082	78	CASHMERE
1816.082	1816.582	419	SWEATER
1816.582	1823.861	99999	sp
1823.861	1824.234	46	BARB'S
1824.234	1824.473	188	GOLD
1824.473	1824.916	63	BRACELET
1824.916	1825.082	471	WAS
1825.082	1825.162	1	A
1825.162	1825.807	193	GRADUATION
1825.807	1826.162	338	PRESENT
1826.162	1833.706	99999	sp
1833.706	1833.962	130	DRAW
1833.962	1834.341	145	EVERY
1834.341	1834.701	307	OUTER
1834.701	1835.04	243	LINE
1835.04	1835.486	156	FIRST
1835.486	1835.651	435	THEN
1835.651	1835.892	154	FILL
1835.892	1836.027	217	IN
1836.027	1836.111	433	THE
1836.111	1836.801	222	INTERIOR
1836.801	1845.3220000000001	99999	sp
1845.3220000000001	1845.432	433	THE
1845.432	1845.681	474	WATER
1845.681	1846.121	103	CONTAINED
1846.121	1846.271	447	TOO
1846.271	1846.536	268	MUCH
1846.536	1846.962	90	CHLORINE
1846.962	1847.093	20	AND
1847.093	1847.4279999999999	408	STUNG
1847.4279999999999	1847.601	208	HIS
1847.601	1848.081	149	EYES
1848.081	1855.051	99999	sp
1855.051	1855.486	229	JOHN'S
1855.486	1855.721	66	BROTHER
1855.721	1856.227	362	REPAINTED
1856.227	1856.308	433	THE
1856.308	1856.857	173	GARAGE
1856.857	1857.181	129	DOOR
1857.181	1864.369	99999	sp
1864.369	1864.753	84	CHALLENGE
1864.753	1865.232	132	EACH
1865.232	1865.722	175	GENERAL'S
1865.722	1866.511	221	INTELLIGENCE
1866.511	1873.525	99999	sp
1873.525	1874.342	17	AMBIDEXTROUS
1874.342	1874.941	326	PICKPOCKETS
1874.941	1875.422	6	ACCOMPLISH
1875.422	1875.681	266	MORE
1875.681	1882.694	99999	sp
1882.694	1882.772	1	A
1882.772	1883.412	270	MUSCULAR
1883.412	1883.891	2	ABDOMEN
1883.891	1884.113	224	IS
1884.113	1884.242	189	GOOD
1884.242	1884.401	161	FOR
1884.401	1884.53	495	YOUR
1884.53	1884.951	43	BACK
1884.951	1891.508	99999	sp
1891.508	1891.671	437	THEY
1891.671	1891.864	316	OWN
1891.864	1892.06	1	A
1892.06	1892.272	52	BIG
1892.272	1892.561	209	HOUSE
1892.561	1892.621	217	IN
1892.621	1892.681	433	THE
1892.681	1893.004	360	REMOTE
1893.004	1893.651	109	COUNTRYSIDE
1893.651	1901.7930000000001	99999	sp
1901.7930000000001	1901.861	433	THE
1901.861	1902.174	368	ROSE
1902.174	1902.623	106	CORSAGE
1902.623	1902.971	392	SMELLED
1902.971	1903.311	420	SWEET
1903.311	1910.585	99999	sp
1910.585	1910.811	432	THAT
1910.811	1911.291	325	PICKPOCKET
1911.291	1911.497	471	WAS
1911.497	1911.632	80	CAUGHT
1911.632	1911.861	355	RED
1911.861	1912.291	199	HANDED
1912.291	1919.539	99999	sp
1919.539	1919.666	19	AN
1919.666	1920.012	9	ADULT
1920.012	1920.284	254	MALE
1920.284	1920.79	42	BABOON'S
1920.79	1920.992	429	TEETH
1920.992	1921.081	30	ARE
1921.081	1921.271	284	NOT
1921.271	1921.659	414	SUITABLE
1921.659	1921.8220000000001	161	FOR
1921.8220000000001	1922.144	135	EATING
1922.144	1922.811	375	SHELLFISH
1922.811	1929.675	99999	sp
1929.675	1929.792	204	HER
1929.792	1930.266	469	WARDROBE
1930.266	1930.672	102	CONSISTS
1930.672	1930.782	293	OF
1930.782	1930.996	297	ONLY
1930.996	1931.412	384	SKIRTS
1931.412	1931.522	20	AND
1931.522	1932.181	54	BLOUSES
1932.181	1938.79	99999	sp
1938.79	1938.923	433	THE
1938.923	1939.102	452	TWO
1939.102	1939.587	33	ARTISTS
1939.587	1940.252	147	EXCHANGED
1940.252	1941.012	39	AUTOGRAPHS
1941.012	1946.951	99999	sp
1946.951	1947.452	71	BUTTERSCOTCH
1947.452	1947.79	88888	FUDGEsp
1947.79	1948.008	186	GOES
1948.008	1948.212	480	WELL
1948.212	1948.431	486	WITH
1948.431	1948.692	462	VANILLA
1948.692	1949.04	212	ICE
1949.04	1949.312	112	CREAM
1949.312	1955.989	99999	sp
1955.989	1956.258	365	RICH
1956.258	1956.622	348	PURCHASED
1956.622	1956.997	373	SEVERAL
1956.997	1957.472	381	SIGNED
1957.472	1958.262	244	LITHOGRAPHS
1958.262	1966.133	99999	sp
1966.133	1966.28	24	ANY
1966.28	1967.055	105	CONTRIBUTIONS
1967.055	1967.253	484	WILL
1967.253	1967.727	88888	GREE
1967.727	1967.927	99999	sp
1967.927	1968.114	47	BE
1968.114	1968.512	195	GREATLY
1968.512	1969.142	28	APPRECIATED
1969.142	1976.081	99999	{NS}
1976.081	1976.2	433	THE
1976.2	1976.701	111	CRANBERRY
1976.701	1976.9569999999999	57	BOG
1976.9569999999999	1977.244	178	GETS
1977.244	1977.484	464	VERY
1977.484	1977.782	339	PRETTY
1977.782	1977.872	217	IN
1977.872	1978.232	40	AUTUMN
1978.232	1985.681	99999	sp
1985.681	1985.845	210	HOW
1985.845	1986.002	128	DO
1986.002	1986.434	317	OYSTERS
1986.434	1986.631	252	MAKE
1986.631	1987.142	319	PEARLS
1987.142	1994.925	99999	sp
1994.925	1995.0720000000001	256	MAY
1995.0720000000001	1995.102	211	I
1995.102	1995.392	303	ORDER
1995.392	1995.492	1	A
1995.492	1995.862	318	PARFAIT
1995.862	1996.3220000000001	10	AFTER
1996.3220000000001	1996.47	99999	sp
1996.47	1996.642	211	I
1996.642	1996.865	134	EAT
1996.865	1997.172	124	DINNER
1997.172	2004.587	99999	sp
2004.587	2004.672	224	IS
2004.672	2004.874	374	SHE
2004.874	2005.102	88888	GOIN
2005.102	2005.337	486	WITH
2005.337	2005.472	494	YOU
2005.472	2013.164	99999	sp
2013.164	2013.302	76	CAN
2013.302	2013.362	433	THE
2013.362	2013.942	11	AGENCY
2013.942	2014.422	314	OVERTHROW
2014.422	2014.812	13	ALIEN
2014.812	2015.442	162	FORCES
2015.442	2021.564	99999	sp
2021.564	2021.631	1	A
2021.631	2022.172	370	SCREWDRIVER
2022.172	2022.3220000000001	224	IS
2022.3220000000001	2022.542	251	MADE
2022.542	2022.782	166	FROM
2022.782	2023.132	468	VODKA
2023.132	2023.401	20	AND
2023.401	2023.702	302	ORANGE
2023.702	2024.242	230	JUICE
2024.242	2031.2359999999999	99999	sp
2031.2359999999999	2031.352	210	HOW
2031.352	2031.602	268	MUCH
2031.602	2031.959	16	ALLOWANCE
2031.959	2032.042	128	DO
2032.042	2032.192	494	YOU
2032.192	2032.412	177	GET
2032.412	2039.897	99999	sp
2039.897	2040.994	88888	CYNICAL
2040.994	2041.472	345	PROGRAMS
2041.472	2041.562	484	WILL
2041.562	2041.925	280	NEVER
2041.925	2042.512	100	COMPILE
2042.512	2049.878	99999	sp
2049.878	2050.006	433	THE
2050.006	2050.436	61	BOSTON
2050.436	2050.772	45	BALLET
2050.772	2051.26	311	OVERCAME
2051.26	2051.396	434	THEIR
2051.396	2052.046	170	FUNDING
2052.046	2052.692	379	SHORTAGE
2052.692	2059.022	99999	sp
2059.022	2059.248	145	EVERY
2059.248	2059.502	74	CAB
2059.502	2059.798	279	NEEDS
2059.798	2060.272	363	REPAINTING
2060.272	2060.762	295	OFTEN
2060.762	2067.643	99999	sp
2067.643	2067.913	203	HELP
2067.913	2068.182	196	GREG
2068.182	2068.313	445	TO
2068.313	2068.482	324	PICK
2068.482	2068.596	1	A
2068.596	2068.781	320	PECK
2068.781	2068.872	293	OF
2068.872	2069.541	337	POTATOES
2069.541	2076.258	99999	sp
2076.258	2076.351	475	WE
2076.351	2076.618	240	LIKE
2076.618	2076.7889999999998	55	BLUE
2076.7889999999998	2077.109	88	CHEESE
2077.109	2077.276	70	BUT
2077.276	2077.552	465	VICTOR
2077.552	2077.877	241	LIKES
2077.877	2078.172	64	BRIE
2078.172	2084.033	99999	sp
2084.033	2084.252	108	COUNT
2084.252	2084.302	433	THE
2084.302	2084.672	288	NUMBER
2084.672	2084.796	293	OF
2084.796	2085.302	428	TEASPOONS
2085.302	2085.382	293	OF
2085.382	2085.975	394	SOYSAUCE
2085.975	2086.053	432	THAT
2086.053	2086.221	494	YOU
2086.221	2086.482	7	ADD
2086.482	2093.426	99999	sp
2093.426	2093.882	44	BAGPIPES
2093.882	2094.064	20	AND
2094.064	2094.452	59	BONGOS
2094.452	2094.531	30	ARE
2094.531	2094.971	272	MUSICAL
2094.971	2095.692	220	INSTRUMENTS
2095.692	2101.267	99999	sp
2101.267	2101.483	210	HOW
2101.483	2101.642	189	GOOD
2101.642	2101.802	224	IS
2101.802	2101.901	495	YOUR
2101.901	2102.531	138	ENDURANCE
2102.531	2109.601	99999	sp
2109.601	2119.022	99999	{NS}
2119.022	2119.112	88888	OKAY
2119.112	2129.272	99999	{NS}
2129.272	2129.401	88888	HM
2129.401	2129.492	432	THAT
2129.492	2129.651	88888	ONE
2129.651	2129.901	88888	FELT
2129.901	2130.591	88888	SHORTER
2130.591	2133.382	99999	sp
2133.382	2133.612	122	DIDN'T
2133.612	2133.772	177	GET
2133.772	2133.872	433	THE
2133.872	2134.151	64	BRIE
2134.151	2134.661	88888	QUESTION
2134.661	2137.959	99999	sp
2137.959	2138.031	30	ARE
2138.031	2138.235	495	YOUR
2138.235	2138.522	192	GRADES
2138.522	2138.841	206	HIGHER
2138.841	2139.022	301	OR
2139.022	2139.341	250	LOWER
2139.341	2139.492	431	THAN
2139.492	2140.221	274	NANCY'S
2140.221	2147.185	99999	sp
2147.185	2147.351	374	SHE
2147.351	2147.987	489	WORE
2147.987	2148.492	470	WARM
2148.492	2149.031	158	FLEECY
2149.031	2149.332	488	WOOLEN
2149.332	2150.091	310	OVERALLS
2150.091	2157.45	99999	sp
2157.45	2157.732	353	READING
2157.732	2157.922	217	IN
2157.922	2158.172	334	POOR
2158.172	2158.419	239	LIGHT
2158.419	2158.622	181	GIVES
2158.622	2158.752	494	YOU
2158.752	2159.382	150	EYESTRAIN
2159.382	2165.613	99999	sp
2165.613	2165.732	211	I
2165.732	2166.018	142	EVEN
2166.018	2166.262	211	I
2166.262	2166.8	292	OCCASIONALLY
2166.8	2166.947	177	GET
2166.947	2167.012	433	THE
2167.012	2167.37	264	MONDAY
2167.37	2167.822	56	BLUES
2167.822	2175.973	99999	sp
2175.973	2176.082	475	WE
2176.082	2176.232	30	ARE
2176.232	2176.518	300	OPEN
2176.518	2176.781	145	EVERY
2176.781	2177.052	264	MONDAY
2177.052	2177.531	143	EVENING
2177.531	2183.912	99999	sp
2183.912	2184.101	226	IT'S
2184.101	2184.293	284	NOT
2184.293	2184.745	133	EASY
2184.745	2184.976	445	TO
2184.976	2185.302	113	CREATE
2185.302	2186.002	215	ILLUMINATING
2186.002	2186.762	146	EXAMPLES
2186.762	2194.463	99999	sp
2194.463	2194.682	269	MUM
2194.682	2195.163	406	STRONGLY
2195.163	2195.562	126	DISLIKES
2195.562	2196.401	27	APPETIZERS
2196.401	2202.613	99999	sp
2202.613	2202.862	442	THOSE
2202.862	2203.1530000000002	483	WHO
2203.1530000000002	2203.545	426	TEACH
2203.545	2203.971	461	VALUES
2203.971	2204.221	156	FIRST
2204.221	2204.684	4	ABOLISH
2204.684	2205.062	87	CHEATING
2205.062	2212.326	99999	sp
2212.326	2212.408	433	THE
2212.408	2212.772	165	FRIGHTENED
2212.772	2213.022	89	CHILD
2213.022	2213.262	471	WAS
2213.262	2213.582	176	GENTLY
2213.582	2214.075	409	SUBDUED
2214.075	2214.242	73	BY
2214.242	2214.504	208	HIS
2214.504	2214.721	52	BIG
2214.721	2215.142	66	BROTHER
2215.142	2222.908	99999	sp
2222.908	2223.143	142	EVEN
2223.143	2223.212	1	A
2223.212	2223.672	382	SIMPLE
2223.672	2224.281	467	VOCABULARY
2224.281	2224.702	104	CONTAINS
2224.702	2225.351	421	SYMBOLS
2225.351	2232.4719999999998	99999	sp
2232.4719999999998	2232.576	1	A
2232.576	2232.884	110	CRAB
2232.884	2233.312	85	CHALLENGED
2233.312	2233.554	257	ME
2233.554	2233.672	70	BUT
2233.672	2233.774	1	A
2233.774	2233.952	349	QUICK
2233.952	2234.273	401	STAB
2234.273	2234.351	99999	sp
2234.351	2234.802	463	VANQUISHED
2234.802	2234.992	207	HIM
2234.992	2242.446	99999	sp
2242.446	2242.869	183	GLUCOSE
2242.869	2243.031	20	AND
2243.031	2243.467	167	FRUCTOSE
2243.467	2243.692	30	ARE
2243.692	2244.053	275	NATURAL
2244.053	2244.462	413	SUGARS
2244.462	2244.692	163	FOUND
2244.692	2244.7799999999997	217	IN
2244.7799999999997	2245.101	168	FRUIT
2245.101	2252.272	99999	sp
2252.272	2252.339	30	ARE
2252.339	2252.42	494	YOU
2252.42	2252.742	249	LOOKING
2252.742	2252.911	161	FOR
2252.911	2253.442	136	EMPLOYMENT
2253.442	2259.291	99999	sp
2259.291	2259.582	98	COFFEE
2259.582	2259.771	224	IS
2259.771	2260.082	198	GROWN
2260.082	2260.291	296	ON
2260.291	2260.708	403	STEEP
2260.708	2261.041	88888	JUNGLE
2261.041	2261.242	240	LIKE
2261.242	2261.631	389	SLOPES
2261.631	2261.797	217	IN
2261.797	2262.215	430	TEMPERATE
2262.215	2262.772	496	ZONES
2262.772	2271.173	99999	{NS}
2271.173	2271.2780000000002	475	WE
2271.2780000000002	2271.632	479	WELCOME
2271.632	2271.901	255	MANY
2271.901	2272.052	281	NEW
2272.052	2272.422	407	STUDENTS
2272.422	2272.647	132	EACH
2272.647	2272.901	490	YEAR
2272.901	2279.21	99999	sp
2279.21	2279.392	297	ONLY
2279.392	2279.585	433	THE
2279.585	2279.849	51	BEST
2279.849	2280.132	329	PLAYERS
2280.132	2280.533	139	ENJOY
2280.533	2281.272	335	POPULARITY
2281.272	2287.924	99999	sp
2287.924	2288.332	75	CALCIUM
2288.332	2288.632	253	MAKES
2288.632	2288.882	58	BONES
2288.882	2289.052	20	AND
2289.052	2289.242	429	TEETH
2289.242	2289.682	405	STRONG
2289.682	2295.997	99999	sp
2295.997	2296.372	285	NOTHING
2296.372	2296.591	224	IS
2296.591	2296.791	34	AS
2296.791	2297.302	294	OFFENSIVE
2297.302	2297.522	34	AS
2297.522	2298.212	219	INNOCENCE
2298.212	2304.727	99999	sp
2304.727	2304.911	374	SHE
2304.911	2305.2200000000003	489	WORE
2305.2200000000003	2305.311	1	A
2305.311	2305.621	65	BRIGHT
2305.621	2305.948	355	RED
2305.948	2306.372	78	CASHMERE
2306.372	2306.882	419	SWEATER
2306.882	2313.687	99999	sp
2313.687	2314.014	46	BARB'S
2314.014	2314.23	188	GOLD
2314.23	2314.652	63	BRACELET
2314.652	2314.911	471	WAS
2314.911	2315.51	193	GRADUATION
2315.51	2315.932	338	PRESENT
2315.932	2322.89	99999	sp
2322.89	2323.131	130	DRAW
2323.131	2323.471	145	EVERY
2323.471	2323.741	307	OUTER
2323.741	2323.962	243	LINE
2323.962	2324.364	156	FIRST
2324.364	2324.509	435	THEN
2324.509	2324.741	154	FILL
2324.741	2324.875	217	IN
2324.875	2324.932	433	THE
2324.932	2325.562	222	INTERIOR
2325.562	2333.669	99999	sp
2333.669	2333.712	433	THE
2333.712	2334.125	474	WATER
2334.125	2334.54	103	CONTAINED
2334.54	2334.672	447	TOO
2334.672	2334.915	268	MUCH
2334.915	2335.383	90	CHLORINE
2335.383	2335.581	20	AND
2335.581	2335.916	408	STUNG
2335.916	2336.1	208	HIS
2336.1	2336.591	149	EYES
2336.591	2344.218	99999	sp
2344.218	2344.61	229	JOHN'S
2344.61	2344.851	66	BROTHER
2344.851	2345.341	362	REPAINTED
2345.341	2345.402	433	THE
2345.402	2345.772	173	GARAGE
2345.772	2346.052	129	DOOR
2346.052	2352.591	99999	sp
2352.591	2353.011	84	CHALLENGE
2353.011	2353.302	132	EACH
2353.302	2353.741	175	GENERAL'S
2353.741	2354.532	221	INTELLIGENCE
2354.532	2360.942	99999	sp
2360.942	2361.692	17	AMBIDEXTROUS
2361.692	2362.272	326	PICKPOCKETS
2362.272	2362.741	6	ACCOMPLISH
2362.741	2363.001	266	MORE
2363.001	2369.402	99999	sp
2369.402	2369.491	1	A
2369.491	2369.9809999999998	270	MUSCULAR
2369.9809999999998	2370.4120000000003	2	ABDOMEN
2370.4120000000003	2370.621	224	IS
2370.621	2370.772	189	GOOD
2370.772	2370.902	161	FOR
2370.902	2371.001	495	YOUR
2371.001	2371.392	43	BACK
2371.392	2378.169	99999	sp
2378.169	2378.292	437	THEY
2378.292	2378.4809999999998	316	OWN
2378.4809999999998	2378.6059999999998	1	A
2378.6059999999998	2378.781	52	BIG
2378.781	2379.111	209	HOUSE
2379.111	2379.192	217	IN
2379.192	2379.261	433	THE
2379.261	2379.591	360	REMOTE
2379.591	2380.251	109	COUNTRYSIDE
2380.251	2386.9030000000002	99999	sp
2386.9030000000002	2386.9809999999998	433	THE
2386.9809999999998	2387.317	368	ROSE
2387.317	2387.702	106	CORSAGE
2387.702	2388.022	392	SMELLED
2388.022	2388.332	420	SWEET
2388.332	2394.12	99999	sp
2394.12	2394.2960000000003	432	THAT
2394.2960000000003	2394.721	325	PICKPOCKET
2394.721	2394.908	471	WAS
2394.908	2395.091	80	CAUGHT
2395.091	2395.264	355	RED
2395.264	2395.702	199	HANDED
2395.702	2400.0	99999	sp
2400.0	2401.891	99999	sp
2401.891	2401.954	19	AN
2401.954	2402.291	9	ADULT
2402.291	2402.53	254	MALE
2402.53	2403.023	42	BABOON'S
2403.023	2403.252	429	TEETH
2403.252	2403.341	30	ARE
2403.341	2403.521	284	NOT
2403.521	2403.921	414	SUITABLE
2403.921	2404.072	161	FOR
2404.072	2404.38	135	EATING
2404.38	2405.032	375	SHELLFISH
2405.032	2412.789	99999	sp
2412.789	2412.941	204	HER
2412.941	2413.4	469	WARDROBE
2413.4	2413.801	102	CONSISTS
2413.801	2413.912	293	OF
2413.912	2414.082	297	ONLY
2414.082	2414.492	384	SKIRTS
2414.492	2414.619	20	AND
2414.619	2415.242	54	BLOUSES
2415.242	2422.019	99999	sp
2422.019	2422.081	433	THE
2422.081	2422.356	88888	ART
2422.356	2422.757	99999	sp
2422.757	2422.894	433	THE
2422.894	2423.072	452	TWO
2423.072	2423.611	33	ARTISTS
2423.611	2423.739	99999	sp
2423.739	2424.352	147	EXCHANGED
2424.352	2424.992	39	AUTOGRAPHS
2424.992	2432.595	99999	sp
2432.595	2433.101	71	BUTTERSCOTCH
2433.101	2433.51	169	FUDGE
2433.51	2433.741	186	GOES
2433.741	2433.892	480	WELL
2433.892	2434.091	486	WITH
2434.091	2434.351	462	VANILLA
2434.351	2434.706	212	ICE
2434.706	2434.962	112	CREAM
2434.962	2442.34	99999	sp
2442.34	2442.59	365	RICH
2442.59	2442.951	348	PURCHASED
2442.951	2443.435	373	SEVERAL
2443.435	2443.861	381	SIGNED
2443.861	2444.631	244	LITHOGRAPHS
2444.631	2451.62	99999	sp
2451.62	2451.811	24	ANY
2451.811	2452.531	105	CONTRIBUTIONS
2452.531	2452.665	484	WILL
2452.665	2452.798	47	BE
2452.798	2453.151	195	GREATLY
2453.151	2453.752	28	APPRECIATED
2453.752	2460.99	99999	sp
2460.99	2461.122	433	THE
2461.122	2461.631	111	CRANBERRY
2461.631	2461.889	57	BOG
2461.889	2462.121	178	GETS
2462.121	2462.411	464	VERY
2462.411	2462.712	339	PRETTY
2462.712	2462.791	217	IN
2462.791	2463.142	40	AUTUMN
2463.142	2465.102	99999	sp
2465.102	2470.012	99999	{NS}
2470.012	2470.195	210	HOW
2470.195	2470.331	128	DO
2470.331	2470.764	317	OYSTERS
2470.764	2470.943	252	MAKE
2470.943	2471.431	319	PEARLS
2471.431	2477.312	99999	sp
2477.312	2477.441	256	MAY
2477.441	2477.511	211	I
2477.511	2477.791	134	EAT
2477.791	2478.005	1	A
2478.005	2478.361	318	PARFAIT
2478.361	2478.691	10	AFTER
2478.691	2478.831	211	I
2478.831	2479.093	134	EAT
2479.093	2479.401	124	DINNER
2479.401	2486.13	99999	sp
2486.13	2486.2309999999998	224	IS
2486.2309999999998	2486.392	374	SHE
2486.392	2486.611	187	GOING
2486.611	2486.842	486	WITH
2486.842	2487.031	494	YOU
2487.031	2492.589	99999	sp
2492.589	2492.7309999999998	76	CAN
2492.7309999999998	2492.791	433	THE
2492.791	2493.341	11	AGENCY
2493.341	2493.831	314	OVERTHROW
2493.831	2494.195	13	ALIEN
2494.195	2494.781	162	FORCES
2494.781	2501.062	99999	sp
2501.062	2501.091	1	A
2501.091	2501.662	370	SCREWDRIVER
2501.662	2501.842	224	IS
2501.842	2502.031	251	MADE
2502.031	2502.2309999999998	166	FROM
2502.2309999999998	2502.591	468	VODKA
2502.591	2502.831	20	AND
2502.831	2503.276	302	ORANGE
2503.276	2503.681	230	JUICE
2503.681	2510.959	99999	sp
2510.959	2511.081	210	HOW
2511.081	2511.331	268	MUCH
2511.331	2511.742	16	ALLOWANCE
2511.742	2511.822	128	DO
2511.822	2511.966	494	YOU
2511.966	2512.201	177	GET
2512.201	2518.309	99999	sp
2518.309	2519.035	88888	CYNICAL
2519.035	2519.4809999999998	345	PROGRAMS
2519.4809999999998	2519.572	484	WILL
2519.572	2519.811	280	NEVER
2519.811	2520.361	100	COMPILE
2520.361	2528.334	99999	sp
2528.334	2528.741	61	BOSTON
2528.741	2529.072	45	BALLET
2529.072	2529.582	311	OVERCAME
2529.582	2529.742	434	THEIR
2529.742	2530.452	170	FUNDING
2530.452	2531.062	379	SHORTAGE
2531.062	2538.785	99999	sp
2538.785	2539.056	145	EVERY
2539.056	2539.376	74	CAB
2539.376	2539.646	279	NEEDS
2539.646	2540.082	363	REPAINTING
2540.082	2540.572	295	OFTEN
2540.572	2546.975	99999	sp
2546.975	2547.312	203	HELP
2547.312	2547.375	99999	sp
2547.375	2547.691	196	GREG
2547.691	2547.922	320	PECK
2547.922	2548.123	1	A
2548.123	2548.302	320	PECK
2548.302	2548.413	293	OF
2548.413	2549.102	337	POTATOES
2549.102	2555.855	99999	sp
2555.855	2555.982	475	WE
2555.982	2556.265	240	LIKE
2556.265	2556.462	55	BLUE
2556.462	2556.785	88	CHEESE
2556.785	2556.962	70	BUT
2556.962	2557.232	465	VICTOR
2557.232	2557.536	241	LIKES
2557.536	2557.852	64	BRIE
2557.852	2564.4139999999998	99999	sp
2564.4139999999998	2564.622	108	COUNT
2564.622	2564.692	433	THE
2564.692	2565.072	288	NUMBER
2565.072	2565.213	293	OF
2565.213	2565.802	428	TEASPOONS
2565.802	2565.882	293	OF
2565.882	2566.406	394	SOYSAUCE
2566.406	2566.532	432	THAT
2566.532	2566.642	494	YOU
2566.642	2566.912	7	ADD
2566.912	2574.091	99999	sp
2574.091	2574.607	44	BAGPIPES
2574.607	2574.7690000000002	20	AND
2574.7690000000002	2575.181	59	BONGOS
2575.181	2575.302	30	ARE
2575.302	2575.692	272	MUSICAL
2575.692	2576.392	220	INSTRUMENTS
2576.392	2583.72	99999	sp
2583.72	2583.942	210	HOW
2583.942	2584.082	189	GOOD
2584.082	2584.268	224	IS
2584.268	2584.372	495	YOUR
2584.372	2585.072	138	ENDURANCE
2585.072	2590.772	99999	sp
2590.772	2619.431	99999	{NS}
2619.431	2619.532	88888	OKAY
2619.532	2619.779	99999	sp
2619.779	2619.893	30	ARE
2619.893	2620.052	495	YOUR
2620.052	2620.342	192	GRADES
2620.342	2620.651	206	HIGHER
2620.651	2620.832	301	OR
2620.832	2621.075	250	LOWER
2621.075	2621.312	431	THAN
2621.312	2621.992	274	NANCY'S
2621.992	2629.384	99999	sp
2629.384	2629.542	374	SHE
2629.542	2629.822	489	WORE
2629.822	2630.232	470	WARM
2630.232	2630.681	158	FLEECY
2630.681	2631.022	488	WOOLEN
2631.022	2631.822	310	OVERALLS
2631.822	2638.3	99999	sp
2638.3	2638.592	353	READING
2638.592	2638.764	217	IN
2638.764	2639.002	334	POOR
2639.002	2639.244	239	LIGHT
2639.244	2639.452	181	GIVES
2639.452	2639.572	494	YOU
2639.572	2640.151	150	EYESTRAIN
2640.151	2645.886	99999	sp
2645.886	2646.071	142	EVEN
2646.071	2646.262	211	I
2646.262	2646.716	292	OCCASIONALLY
2646.716	2646.874	177	GET
2646.874	2646.922	433	THE
2646.922	2647.262	264	MONDAY
2647.262	2647.772	56	BLUES
2647.772	2654.428	99999	sp
2654.428	2654.542	475	WE
2654.542	2654.681	30	ARE
2654.681	2655.002	300	OPEN
2655.002	2655.232	145	EVERY
2655.232	2655.542	264	MONDAY
2655.542	2656.031	143	EVENING
2656.031	2663.526	99999	sp
2663.526	2663.632	226	IT'S
2663.632	2663.791	284	NOT
2663.791	2664.142	133	EASY
2664.142	2664.312	445	TO
2664.312	2664.651	113	CREATE
2664.651	2665.242	215	ILLUMINATING
2665.242	2666.112	146	EXAMPLES
2666.112	2672.761	99999	sp
2672.761	2673.002	269	MUM
2673.002	2673.51	406	STRONGLY
2673.51	2673.932	126	DISLIKES
2673.932	2674.732	27	APPETIZERS
2674.732	2681.651	99999	{NS}
2681.651	2682.134	99999	sp
2682.134	2682.332	442	THOSE
2682.332	2682.533	483	WHO
2682.533	2682.851	426	TEACH
2682.851	2683.291	461	VALUES
2683.291	2683.562	156	FIRST
2683.562	2684.031	4	ABOLISH
2684.031	2684.471	87	CHEATING
2684.471	2691.536	99999	sp
2691.536	2691.582	433	THE
2691.582	2691.911	165	FRIGHTENED
2691.911	2692.142	89	CHILD
2692.142	2692.372	471	WAS
2692.372	2692.672	176	GENTLY
2692.672	2693.166	409	SUBDUED
2693.166	2693.312	73	BY
2693.312	2693.512	208	HIS
2693.512	2693.749	52	BIG
2693.749	2694.082	66	BROTHER
2694.082	2701.496	99999	sp
2701.496	2701.672	142	EVEN
2701.672	2701.752	1	A
2701.752	2702.182	382	SIMPLE
2702.182	2702.838	467	VOCABULARY
2702.838	2703.281	104	CONTAINS
2703.281	2703.982	421	SYMBOLS
2703.982	2711.027	99999	sp
2711.027	2711.146	1	A
2711.146	2711.432	110	CRAB
2711.432	2711.812	85	CHALLENGED
2711.812	2712.046	257	ME
2712.046	2712.151	70	BUT
2712.151	2712.349	1	A
2712.349	2712.552	349	QUICK
2712.552	2712.931	401	STAB
2712.931	2713.422	463	VANQUISHED
2713.422	2713.601	207	HIM
2713.601	2720.343	99999	sp
2720.343	2720.743	183	GLUCOSE
2720.743	2720.892	20	AND
2720.892	2721.341	167	FRUCTOSE
2721.341	2721.411	30	ARE
2721.411	2721.781	275	NATURAL
2721.781	2722.161	413	SUGARS
2722.161	2722.401	163	FOUND
2722.401	2722.522	217	IN
2722.522	2722.872	168	FRUIT
2722.872	2729.313	99999	sp
2729.313	2729.3559999999998	30	ARE
2729.3559999999998	2729.422	494	YOU
2729.422	2729.752	249	LOOKING
2729.752	2729.932	161	FOR
2729.932	2730.467	136	EMPLOYMENT
2730.467	2736.923	99999	sp
2736.923	2737.262	98	COFFEE
2737.262	2737.457	224	IS
2737.457	2737.672	198	GROWN
2737.672	2737.822	296	ON
2737.822	2738.205	403	STEEP
2738.205	2738.512	88888	JUNGLE
2738.512	2738.702	240	LIKE
2738.702	2739.101	389	SLOPES
2739.101	2739.237	217	IN
2739.237	2739.612	430	TEMPERATE
2739.612	2740.252	496	ZONES
2740.252	2747.215	99999	sp
2747.215	2747.322	475	WE
2747.322	2747.672	479	WELCOME
2747.672	2748.072	255	MANY
2748.072	2748.132	281	NEW
2748.132	2748.582	407	STUDENTS
2748.582	2748.805	132	EACH
2748.805	2749.022	490	YEAR
2749.022	2755.334	99999	sp
2755.334	2755.547	297	ONLY
2755.547	2755.68	433	THE
2755.68	2755.942	51	BEST
2755.942	2756.291	329	PLAYERS
2756.291	2756.668	139	ENJOY
2756.668	2757.432	335	POPULARITY
2757.432	2763.504	99999	sp
2763.504	2763.942	75	CALCIUM
2763.942	2764.236	253	MAKES
2764.236	2764.512	58	BONES
2764.512	2764.702	20	AND
2764.702	2764.911	429	TEETH
2764.911	2765.362	405	STRONG
2765.362	2771.646	99999	sp
2771.646	2771.992	285	NOTHING
2771.992	2772.172	224	IS
2772.172	2772.351	34	AS
2772.351	2772.872	294	OFFENSIVE
2772.872	2773.055	34	AS
2773.055	2773.762	219	INNOCENCE
2773.762	2780.946	99999	sp
2780.946	2781.312	374	SHE
2781.312	2781.531	99999	sp
2781.531	2781.952	404	STEVE
2781.952	2782.232	489	WORE
2782.232	2782.293	1	A
2782.293	2782.607	65	BRIGHT
2782.607	2782.843	355	RED
2782.843	2783.226	78	CASHMERE
2783.226	2783.632	419	SWEATER
2783.632	2790.282	99999	sp
2790.282	2790.5860000000002	46	BARB'S
2790.5860000000002	2790.804	188	GOLD
2790.804	2791.192	63	BRACELET
2791.192	2791.382	471	WAS
2791.382	2791.471	1	A
2791.471	2792.073	193	GRADUATION
2792.073	2792.422	338	PRESENT
2792.422	2799.791	99999	sp
2799.791	2800.082	130	DRAW
2800.082	2800.362	145	EVERY
2800.362	2800.661	307	OUTER
2800.661	2800.901	243	LINE
2800.901	2801.341	156	FIRST
2801.341	2801.477	435	THEN
2801.477	2801.732	154	FILL
2801.732	2801.862	217	IN
2801.862	2801.922	433	THE
2801.922	2802.482	222	INTERIOR
2802.482	2810.282	99999	sp
2810.282	2810.369	433	THE
2810.369	2810.698	474	WATER
2810.698	2811.131	103	CONTAINED
2811.131	2811.272	447	TOO
2811.272	2811.526	268	MUCH
2811.526	2811.992	90	CHLORINE
2811.992	2812.192	20	AND
2812.192	2812.512	408	STUNG
2812.512	2812.672	208	HIS
2812.672	2813.142	149	EYES
2813.142	2819.877	99999	sp
2819.877	2820.265	229	JOHN'S
2820.265	2820.522	66	BROTHER
2820.522	2821.031	362	REPAINTED
2821.031	2821.132	433	THE
2821.132	2821.5	173	GARAGE
2821.5	2821.802	129	DOOR
2821.802	2828.841	99999	sp
2828.841	2829.281	84	CHALLENGE
2829.281	2829.598	132	EACH
2829.598	2830.031	175	GENERAL'S
2830.031	2830.802	221	INTELLIGENCE
2830.802	2836.749	99999	sp
2836.749	2837.551	17	AMBIDEXTROUS
2837.551	2838.101	326	PICKPOCKETS
2838.101	2838.561	6	ACCOMPLISH
2838.561	2838.862	266	MORE
2838.862	2846.601	99999	sp
2846.601	2846.692	1	A
2846.692	2847.262	270	MUSCULAR
2847.262	2847.712	2	ABDOMEN
2847.712	2847.92	224	IS
2847.92	2848.052	189	GOOD
2848.052	2848.202	161	FOR
2848.202	2848.334	495	YOUR
2848.334	2848.692	43	BACK
2848.692	2854.624	99999	sp
2854.624	2854.772	437	THEY
2854.772	2854.962	316	OWN
2854.962	2855.1059999999998	1	A
2855.1059999999998	2855.312	52	BIG
2855.312	2855.632	209	HOUSE
2855.632	2855.702	217	IN
2855.702	2855.762	433	THE
2855.762	2856.0860000000002	360	REMOTE
2856.0860000000002	2856.781	109	COUNTRYSIDE
2856.781	2864.397	99999	sp
2864.397	2864.471	433	THE
2864.471	2864.805	368	ROSE
2864.805	2865.192	106	CORSAGE
2865.192	2865.562	392	SMELLED
2865.562	2865.901	420	SWEET
2865.901	2873.471	99999	sp
2873.471	2873.698	432	THAT
2873.698	2874.172	325	PICKPOCKET
2874.172	2874.348	471	WAS
2874.348	2874.522	80	CAUGHT
2874.522	2874.701	355	RED
2874.701	2875.172	199	HANDED
2875.172	2881.492	99999	sp
2881.492	2881.612	19	AN
2881.612	2881.942	9	ADULT
2881.942	2882.189	254	MALE
2882.189	2882.712	42	BABOON'S
2882.712	2882.947	429	TEETH
2882.947	2883.031	30	ARE
2883.031	2883.212	284	NOT
2883.212	2883.601	414	SUITABLE
2883.601	2883.732	161	FOR
2883.732	2883.988	135	EATING
2883.988	2884.622	375	SHELLFISH
2884.622	2891.185	99999	sp
2891.185	2891.288	204	HER
2891.288	2891.757	469	WARDROBE
2891.757	2892.192	102	CONSISTS
2892.192	2892.322	293	OF
2892.322	2892.502	297	ONLY
2892.502	2892.932	384	SKIRTS
2892.932	2893.068	20	AND
2893.068	2893.772	54	BLOUSES
2893.772	2900.297	99999	sp
2900.297	2900.423	433	THE
2900.423	2900.612	452	TWO
2900.612	2901.022	33	ARTISTS
2901.022	2901.541	147	EXCHANGED
2901.541	2902.272	39	AUTOGRAPHS
2902.272	2908.108	99999	sp
2908.108	2908.601	71	BUTTERSCOTCH
2908.601	2908.935	169	FUDGE
2908.935	2909.192	186	GOES
2909.192	2909.392	480	WELL
2909.392	2909.601	486	WITH
2909.601	2909.932	462	VANILLA
2909.932	2910.204	212	ICE
2910.204	2910.482	112	CREAM
2910.482	2918.196	99999	sp
2918.196	2918.471	365	RICH
2918.471	2918.902	348	PURCHASED
2918.902	2919.212	373	SEVERAL
2919.212	2919.582	381	SIGNED
2919.582	2920.361	244	LITHOGRAPHS
2920.361	2928.3869999999997	99999	sp
2928.3869999999997	2928.601	24	ANY
2928.601	2929.292	105	CONTRIBUTIONS
2929.292	2929.432	484	WILL
2929.432	2929.565	47	BE
2929.565	2929.9809999999998	195	GREATLY
2929.9809999999998	2930.692	28	APPRECIATED
2930.692	2937.76	99999	sp
2937.76	2937.891	433	THE
2937.891	2938.367	111	CRANBERRY
2938.367	2938.661	57	BOG
2938.661	2938.932	178	GETS
2938.932	2939.189	464	VERY
2939.189	2939.452	339	PRETTY
2939.452	2939.542	217	IN
2939.542	2939.881	40	AUTUMN
2939.881	2947.351	99999	sp
2947.351	2947.642	210	HOW
2947.642	2947.749	1	A
2947.749	2948.011	128	DO
2948.011	2948.553	317	OYSTERS
2948.553	2948.8	252	MAKE
2948.8	2949.4120000000003	319	PEARLS
2949.4120000000003	2957.052	99999	{NS}
2957.052	2957.518	99999	sp
2957.518	2957.692	256	MAY
2957.692	2957.721	211	I
2957.721	2958.032	303	ORDER
2958.032	2958.11	1	A
2958.11	2958.522	318	PARFAIT
2958.522	2958.942	10	AFTER
2958.942	2959.062	211	I
2959.062	2959.318	134	EAT
2959.318	2959.692	124	DINNER
2959.692	2966.87	99999	sp
2966.87	2966.971	224	IS
2966.971	2967.186	374	SHE
2967.186	2967.522	187	GOING
2967.522	2967.761	486	WITH
2967.761	2967.942	494	YOU
2967.942	2975.556	99999	sp
2975.556	2975.712	76	CAN
2975.712	2975.782	433	THE
2975.782	2976.361	11	AGENCY
2976.361	2976.881	314	OVERTHROW
2976.881	2977.261	13	ALIEN
2977.261	2977.932	162	FORCES
2977.932	2984.44	99999	sp
2984.44	2984.4809999999998	1	A
2984.4809999999998	2985.082	370	SCREWDRIVER
2985.082	2985.2709999999997	224	IS
2985.2709999999997	2985.452	251	MADE
2985.452	2985.682	166	FROM
2985.682	2986.052	468	VODKA
2986.052	2986.2309999999998	20	AND
2986.2309999999998	2986.6620000000003	302	ORANGE
2986.6620000000003	2987.121	230	JUICE
2987.121	2994.073	99999	sp
2994.073	2994.172	210	HOW
2994.172	2994.4120000000003	268	MUCH
2994.4120000000003	2994.761	16	ALLOWANCE
2994.761	2994.841	128	DO
2994.841	2994.947	494	YOU
2994.947	2995.172	177	GET
2995.172	3000.0	99999	sp
3000.0	3001.891	99999	sp
3001.891	3002.241	88888	CYN
3002.241	3002.671	99999	sp
3002.671	3004.822	88888	CYCLINICAL
3004.822	3005.199	99999	sp
3005.199	3006.042	88888	CYCLINICAL
3006.042	3006.482	345	PROGRAMS
3006.482	3006.572	484	WILL
3006.572	3006.872	280	NEVER
3006.872	3007.341	100	COMPILE
3007.341	3014.294	99999	sp
3014.294	3014.408	433	THE
3014.408	3014.846	0	' 
3014.846	3015.194	45	BALLET
3015.194	3015.601	311	OVERCAME
3015.601	3015.731	434	THEIR
3015.731	3016.05	170	FUNDING
3016.05	3016.681	379	SHORTAGE
3016.681	3022.906	99999	sp
3022.906	3023.148	145	EVERY
3023.148	3023.422	74	CAB
3023.422	3023.692	279	NEEDS
3023.692	3024.152	363	REPAINTING
3024.152	3024.662	295	OFTEN
3024.662	3031.555	99999	sp
3031.555	3031.815	203	HELP
3031.815	3032.061	196	GREG
3032.061	3032.185	445	TO
3032.185	3032.351	324	PICK
3032.351	3032.485	1	A
3032.485	3032.651	320	PECK
3032.651	3032.774	293	OF
3032.774	3033.431	337	POTATOES
3033.431	3039.647	99999	sp
3039.647	3039.761	475	WE
3039.761	3040.02	240	LIKE
3040.02	3040.217	55	BLUE
3040.217	3040.528	88	CHEESE
3040.528	3040.678	70	BUT
3040.678	3040.981	465	VICTOR
3040.981	3041.293	241	LIKES
3041.293	3041.621	64	BRIE
3041.621	3047.693	99999	sp
3047.693	3047.917	108	COUNT
3047.917	3047.981	433	THE
3047.981	3048.363	288	NUMBER
3048.363	3048.457	293	OF
3048.457	3049.002	428	TEASPOONS
3049.002	3049.105	293	OF
3049.105	3049.607	394	SOYSAUCE
3049.607	3049.731	432	THAT
3049.731	3049.861	494	YOU
3049.861	3050.252	7	ADD
3050.252	3057.016	99999	sp
3057.016	3057.616	88888	BAGPIKES
3057.616	3057.833	20	AND
3057.833	3058.303	59	BONGOS
3058.303	3058.371	30	ARE
3058.371	3058.831	272	MUSICAL
3058.831	3059.611	220	INSTRUMENTS
3059.611	3065.222	99999	sp
3065.222	3065.438	210	HOW
3065.438	3065.611	189	GOOD
3065.611	3065.824	224	IS
3065.824	3065.931	495	YOUR
3065.931	3066.681	138	ENDURANCE
3066.681	3073.2309999999998	99999	{NS}
3073.2309999999998	3073.802	99999	sp
3073.802	3074.522	88888	YAY
3074.522	3074.651	88888	I'M
3074.651	3075.081	88888	DONE
3075.081	3077.742	99999	sp
