388.7627501995464	389.01218310657595	476	WE
389.01218310657595	389.1817976190476	30	ARE
389.1817976190476	389.56093594104306	301	OPEN
389.56093594104306	389.9101422902494	145	EVERY
389.9101422902494	390.32918990929704	265	MONDAY
390.32918990929704	390.84801077097507	143	EVENING
390.84801077097507	399.4481250997732	99999	sp
399.4481250997732	399.83724064625846	354	READING
399.83724064625846	400.00685515873016	217	IN
400.00685515873016	400.2762429138322	335	POOR
400.2762429138322	400.6154719387755	240	LIGHT
400.6154719387755	400.8948370181406	181	GIVES
400.8948370181406	400.9846329365079	495	YOU
400.9846329365079	401.74290958049886	150	EYESTRAIN
401.74290958049886	409.21068750000006	99999	sp
409.21068750000006	409.4401659580499	375	SHE
409.4401659580499	409.72950836167803	490	WORE
409.72950836167803	410.2084199263039	471	WARM
410.2084199263039	410.8270140306123	88888	FLEECEY
410.8270140306123	411.1363110827665	489	WOOLEN
411.1363110827665	412.06607903330854	311	OVERALLS
412.06607903330854	430.2316875	99999	sp
430.2316875	430.5709165249433	142	EVEN
430.5709165249433	430.8303269557823	211	I
430.8303269557823	431.508785005669	293	OCCASIONALLY
431.508785005669	431.73826346371885	177	GET
431.73826346371885	431.8180820578232	434	THE
431.8180820578232	432.2171750283447	265	MONDAY
432.2171750283447	432.8856557539683	56	BLUES
432.8856557539683	541.1915625997733	99999	sp
1923.28375	1923.8225255102043	405	STEVE
1923.8225255102043	1924.2016638321998	490	WORE
1924.2016638321998	1924.2315958049887	1	A
1924.2315958049887	1924.5209382086168	65	BRIGHT
1924.5209382086168	1924.8900992063493	356	RED
1924.8900992063493	1925.398942743764	78	CASHMERE
1925.398942743764	1925.8978089569162	420	SWEATER
1925.8978089569162	1934.6699375	99999	sp
1934.6699375	1934.7646381332938	434	THE
1934.7646381332938	1935.236516876896	268	MORNING
1935.236516876896	1935.5957005503656	120	DEW
1935.5957005503656	1935.755337738574	297	ON
1935.755337738574	1935.8152016841523	434	THE
1935.8152016841523	1936.2342493032	398	SPIDER
1936.2342493032	1936.483682409776	479	WEB
1936.483682409776	1937.02245791998	182	GLISTENED
1937.02245791998	1937.148791051569	217	IN
1937.148791051569	1937.2440328313387	434	THE
1937.2440328313387	1937.6932984151106	416	SUN
1937.6932984151106	1949.934375	99999	sp
1949.934375	1950.2636267006803	433	THAT
1950.2636267006803	1950.912152777778	326	PICKPOCKET
1950.912152777778	1951.1017219387757	472	WAS
1951.1017219387757	1951.4010416666667	80	CAUGHT
1951.4010416666667	1951.6504747732426	356	RED
1951.6504747732426	1952.508524659864	199	HANDED
1952.508524659864	1969.977875	99999	sp
1969.977875	1970.2472627551022	367	RIGHT
1970.2472627551022	1970.516650510204	288	NOW
1970.516650510204	1970.736151643991	257	MAY
1970.736151643991	1970.9456754535147	285	NOT
1970.9456754535147	1971.1551992630386	47	BE
1971.1551992630386	1971.2350178571428	434	THE
1971.2350178571428	1971.5842242063493	51	BEST
1971.5842242063493	1971.8735666099774	445	TIME
1971.8735666099774	1972.053158446712	161	FOR
1972.053158446712	1972.4821833900228	69	BUSINESS
1972.4821833900228	1973.1107548185942	260	MERGERS
1973.1107548185942	1980.18225	99999	sp
1980.18225	1980.2941982679856	438	THEY
1980.2941982679856	1980.7053503391116	296	OFTEN
1980.7053503391116	1980.8949195001096	184	GO
1980.8949195001096	1981.1144206338963	306	OUT
1981.1144206338963	1981.2241712007897	217	IN
1981.2241712007897	1981.4336950103136	434	THE
1981.4336950103136	1981.9126065749394	143	EVENING
1981.9126065749394	1993.120294437169	99999	sp
1993.120294437169	1993.4512640205305	441	THIS
1993.4512640205305	1993.6390996136984	472	WAS
1993.6390996136984	1993.9883059629046	133	EASY
1993.9883059629046	1994.317557663585	161	FOR
1994.317557663585	1994.7097941408385	460	US
1994.7097941408385	2002.0498125	99999	sp
2002.0498125	2002.1595630668935	434	THE
2002.1595630668935	2002.7382478741497	61	BOSTON
2002.7382478741497	2003.2371140873015	45	BALLET
2003.2371140873015	2003.85570819161	312	OVERCAME
2003.85570819161	2003.9854134070295	435	THEIR
2003.9854134070295	2004.424415674603	170	FUNDING
2004.424415674603	2005.0729417517007	380	SHORTAGE
2005.0729417517007	2015.352875	99999	sp
2015.352875	2015.9016278344673	116	DECEMBER
2015.9016278344673	2016.0512876984128	20	AND
2016.0512876984128	2016.7796323696148	227	JANUARY
2016.7796323696148	2016.8993602607711	30	ARE
2016.8993602607711	2017.3084305555558	283	NICE
2017.3084305555558	2017.7374554988664	266	MONTHS
2017.7374554988664	2017.8272514172336	446	TO
2017.8272514172336	2018.206389739229	397	SPEND
2018.206389739229	2018.3261176303856	217	IN
2018.3261176303856	2018.924757086168	261	MIAMI
2018.924757086168	2026.7740625	99999	sp
2026.7740625	2027.1332461734692	145	EVERY
2027.1332461734692	2027.6620443594104	74	CAB
2027.6620443594104	2027.9414094387753	280	NEEDS
2027.9414094387753	2028.639822137188	364	REPAINTING
2028.639822137188	2029.178597647392	296	OFTEN
2029.178597647392	2037.00175	99999	sp
2037.00175	2037.1015232426303	434	THE
2037.1015232426303	2037.5205708616782	475	WATER
2037.5205708616782	2038.1092329931973	103	CONTAINED
2038.1092329931973	2038.3985753968254	448	TOO
2038.3985753968254	2038.6380311791384	269	MUCH
2038.6380311791384	2039.2167159863945	90	CHLORINE
2039.2167159863945	2039.4262397959183	20	AND
2039.4262397959183	2039.4561717687075	99999	sp
2039.4561717687075	2039.7954007936507	409	STUNG
2039.7954007936507	2039.9749926303855	208	HIS
2039.9749926303855	2040.5337227891157	149	EYES
2040.5337227891157	2049.148875	99999	sp
2049.148875	2050.206471371882	115	CYCLICAL
2050.206471371882	2050.8849294217684	346	PROGRAMS
2050.8849294217684	2051.004657312925	485	WILL
2051.004657312925	2051.3837956349207	281	NEVER
2051.3837956349207	2052.1021629818592	100	COMPILE
2052.1021629818592	2061.1371875	99999	sp
2061.1371875	2061.2968246882083	434	THE
2061.2968246882083	2061.7458042800454	369	ROSE
2061.7458042800454	2062.5439902210883	106	CORSAGE
2062.5439902210883	2062.6138314909294	99999	sp
2062.6138314909294	2063.1126977040813	393	SMELLED
2063.1126977040813	2063.573050264419	421	SWEET
2063.573050264419	2070.2093125	99999	sp
2070.2093125	2070.6982013888887	229	JOHN'S
2070.6982013888887	2071.1471809807254	66	BROTHER
2071.1471809807254	2071.8455936791383	363	REPAINTED
2071.8455936791383	2071.9353895975055	434	THE
2071.9353895975055	2072.414301162132	173	GARAGE
2072.414301162132	2072.8832354024944	129	DOOR
2072.8832354024944	2082.3200625	99999	sp
2082.3200625	2082.6912574132893	236	LAST
2082.6912574132893	2082.918701955782	492	YEAR'S
2082.918701955782	2083.2878629535144	174	GAS
2083.2878629535144	2084.205776785714	380	SHORTAGE
2084.205776785714	2084.644779053288	99999	sp
2084.644779053288	2085.113713293651	81	CAUSED
2085.113713293651	2085.5427382369617	404	STEEP
2085.5427382369617	2085.8919445861675	341	PRICE
2085.8919445861675	2086.859745039683	218	INCREASES
2086.859745039683	2102.6322624326376	99999	sp
2102.6322624326376	2103.031355403159	108	COUNT
2103.031355403159	2103.1011966730002	434	THE
2103.1011966730002	2103.480334994996	289	NUMBER
2103.480334994996	2103.5900855618893	294	OF
2103.5900855618893	2104.3383848816175	429	TEASPOONS
2104.3383848816175	2104.4481354485106	294	OF
2104.4481354485106	2105.066729552819	395	SOYSAUCE
2105.066729552819	2105.0966615256084	99999	sp
2105.0966615256084	2105.3261399836583	433	THAT
2105.3261399836583	2105.4658225233406	495	YOU
2105.4658225233406	2105.8948474666513	7	ADD
2105.8948474666513	2113.1926874002265	99999	sp
2113.1926874002265	2113.6416670918366	204	HER
2113.6416670918366	2114.21037457483	470	WARDROBE
2114.21037457483	2114.8389460034014	102	CONSISTS
2114.8389460034014	2114.9387192460317	294	OF
2114.9387192460317	2115.257993622449	298	ONLY
2115.257993622449	2115.7069732142854	385	SKIRTS
2115.7069732142854	2115.836678429705	20	AND
2115.836678429705	2116.57500042517	54	BLOUSES
2116.57500042517	2124.8491581389108	99999	sp
2124.8491581389108	2125.677276052743	17	AMBIDEXTROUS
2125.677276052743	2126.4555073452602	327	PICKPOCKETS
2126.4555073452602	2127.064124125305	6	ACCOMPLISH
2127.064124125305	2127.712650202403	267	MORE
2127.712650202403	2134.533289467794	99999	sp
2134.533289467794	2134.7328359530547	438	THEY
2134.7328359530547	2135.131928923576	14	ALL
2135.131928923576	2135.6008631639393	139	ENJOY
2135.6008631639393	2135.9101602160936	212	ICE
2135.9101602160936	2136.269343889563	112	CREAM
2136.269343889563	2136.339185159404	99999	sp
2136.339185159404	2136.848028696819	128	DO
2136.848028696819	2143.7457798112177	99999	sp
2143.7457798112177	2144.144902574455	270	MUM
2144.144902574455	2144.657864476348	407	STRONGLY
2144.657864476348	2145.0775605778967	126	DISLIKES
2145.0775605778967	2146.048622146186	27	APPETIZERS
2146.048622146186	2158.121875	99999	sp
2158.121875	2158.2914895124713	476	WE
2158.2914895124713	2158.4611040249433	30	ARE
2158.4611040249433	2158.8003330498864	301	OPEN
2158.8003330498864	2159.1096301020407	145	EVERY
2159.1096301020407	2159.488768424036	265	MONDAY
2159.488768424036	2160.0774305555556	143	EVENING
2160.0774305555556	2168.5226875	99999	sp
2168.5226875	2168.732211309524	257	MAY
2168.732211309524	2168.9118031462585	211	I
2168.9118031462585	2169.6900344387755	304	ORDER
2169.6900344387755	2169.9294902210886	1	A
2169.9294902210886	2170.32858319161	10	AFTER
2170.32858319161	2170.418379109977	211	I
2170.418379109977	2170.647857568027	134	EAT
2170.647857568027	2171.0968371598638	124	DINNER
2171.0968371598638	2179.4355502295725	99999	sp
2179.4355502295725	2180.115211146722	194	GRANDMOTHER
2180.115211146722	2180.692636175323	309	OUTGREW
2180.692636175323	2180.934030011508	204	HER
2180.934030011508	2181.588008830788	459	UPBRINGING
2181.588008830788	2181.7649395402645	217	IN
2181.7649395402645	2182.5413739295996	323	PETTICOATS
2182.5413739295996	2189.828625	99999	sp
2189.828625	2189.9621716169668	19	AN
2189.9621716169668	2190.3797661320004	9	ADULT
2190.3797661320004	2190.7289724812067	255	MALE
2190.7289724812067	2191.287702639937	42	BABOON'S
2191.287702639937	2191.686795610459	430	TEETH
2191.686795610459	2191.846432798667	30	ARE
2191.846432798667	2192.1158205537695	285	NOT
2192.1158205537695	2192.6545960639733	415	SUITABLE
2192.6545960639733	2192.834187900708	161	FOR
2192.834187900708	2193.133507628599	135	EATING
2193.133507628599	2193.911738921116	376	SHELLFISH
2193.911738921116	2201.900531132576	99999	sp
2201.900531132576	2202.219805309447	476	WE
2202.219805309447	2202.4692384160226	190	GOT
2202.4692384160226	2202.9780819534376	131	DRENCHED
2202.9780819534376	2203.1876057629615	166	FROM
2203.1876057629615	2203.337265626907	434	THE
2203.337265626907	2204.0556329738456	457	UNINTERRUPTED
2204.0556329738456	2204.5245672142087	351	RAIN
2204.5245672142087	2211.8226875	99999	sp
2211.8226875	2212.620873441043	451	TORNADOS
2212.620873441043	2213.0199664115644	296	OFTEN
2213.0199664115644	2213.5088553004534	118	DESTROY
2213.5088553004534	2214.4866330782315	41	AVIARIES
2214.4866330782315	2221.6103125	99999	sp
2221.6103125	2222.2688159013605	44	BAGPIPES
2222.2688159013605	2222.39852111678	20	AND
2222.39852111678	2222.967228599773	59	BONGOS
2222.967228599773	2223.0670018424034	30	ARE
2223.0670018424034	2223.5758453798185	273	MUSICAL
2223.5758453798185	2224.5886737760356	220	INSTRUMENTS
2224.5886737760356	2231.54075	99999	sp
2231.54075	2231.6305459183677	434	THE
2231.6305459183677	2232.2890493197283	82	CAUSEWAY
2232.2890493197283	2232.6781649659865	137	ENDED
2232.6781649659865	2233.306736394558	5	ABRUPTLY
2233.306736394558	2233.4563962585034	37	AT
2233.4563962585034	2233.536214852608	434	THE
2233.536214852608	2234.0151264172337	379	SHORE
2234.0151264172337	2241.2973746099447	99999	sp
2241.2973746099447	2241.4825346547455	438	THEY
2241.4825346547455	2241.8679418591087	360	REMAINED
2241.8679418591087	2242.40833487875	239	LIFELONG
2242.40833487875	2242.92266833653	164	FRIENDS
2242.92266833653	2243.169548396265	20	AND
2243.169548396265	2244.143353076329	99	COMPANIONS
2244.143353076329	2251.615625	99999	sp
2251.615625	2252.27412840136	478	WEATHERPROOF
2252.27412840136	2253.022427721088	172	GALOSHES
2253.022427721088	2253.182064909297	30	ARE
2253.182064909297	2253.491361961451	465	VERY
2253.491361961451	2254.050092120181	461	USEFUL
2254.050092120181	2254.2197066326526	217	IN
2254.2197066326526	2255.107688492063	372	SEATTLE
2255.107688492063	2264.252125	99999	sp
2264.252125	2264.9505376984125	71	BUTTERSCOTCH
2264.9505376984125	2265.4593812358275	169	FUDGE
2265.4593812358275	2265.788632936508	186	GOES
2265.788632936508	2266.1478166099773	481	WELL
2266.1478166099773	2266.327408446712	487	WITH
2266.327408446712	2266.7065467687075	463	VANILLA
2266.7065467687075	2267.095662414966	212	ICE
2267.095662414966	2267.604505952381	112	CREAM
2267.604505952381	2279.34275	99999	sp
2279.34275	2279.67200170068	203	HELP
2279.67200170068	2280.170867913832	196	GREG
2280.170867913832	2280.3205277777774	446	TO
2280.3205277777774	2280.6697341269837	325	PICK
2280.6697341269837	2280.729598072562	1	A
2280.729598072562	2281.028917800453	321	PECK
2281.028917800453	2281.258396258503	294	OF
2281.258396258503	2281.3182602040815	99999	sp
2281.3182602040815	2282.091856216419	338	POTATOES
2282.091856216419	2289.6895625	99999	sp
2289.6895625	2290.0687008219957	434	THE
2290.0687008219957	2290.467793792517	316	OVERWEIGHT
2290.467793792517	2290.916773384354	86	CHARMER
2290.916773384354	2291.1262971938777	107	COULD
2291.1262971938777	2291.415639597506	387	SLIP
2291.415639597506	2291.8845738378686	333	POISON
2291.8845738378686	2292.124029620182	223	INTO
2292.124029620182	2292.662805130386	25	ANYONE'S
2292.662805130386	2293.0219888038555	426	TEA
2293.0219888038555	2301.0145	99999	sp
2301.0145	2301.0843412698414	1	A
2301.0843412698414	2301.463479591837	60	BORING
2301.463479591837	2301.9623458049887	287	NOVEL
2301.9623458049887	2302.281620181406	224	IS
2302.281620181406	2302.341484126984	1	A
2302.341484126984	2302.7904637188212	418	SUPERB
2302.7904637188212	2303.339216553288	386	SLEEPING
2303.339216553288	2303.7183548752837	328	PILL
2303.7183548752837	2311.660625	99999	sp
2311.660625	2312.2492871315194	75	CALCIUM
2312.2492871315194	2312.6384027777776	254	MAKES
2312.6384027777776	2313.207110260771	58	BONES
2313.207110260771	2313.406656746032	20	AND
2313.406656746032	2313.7658404195013	430	TEETH
2313.7658404195013	2314.424343820862	406	STRONG
2314.424343820862	2323.5448125	99999	sp
2323.5448125	2324.2831344954648	447	TODD
2324.2831344954648	2324.313066468254	99999	sp
2324.313066468254	2324.652295493197	329	PLACED
2324.652295493197	2324.9416378968253	450	TOP
2324.9416378968253	2325.4903907312923	342	PRIORITY
2325.4903907312923	2325.640050595238	297	ON
2325.640050595238	2325.9094383503398	179	GETTING
2325.9094383503398	2326.0790528628117	208	HIS
2326.0790528628117	2326.358417942177	53	BIKE
2326.358417942177	2327.226445153061	157	FIXED
2327.226445153061	2334.209	99999	sp
2334.209	2334.6787930004934	98	COFFEE
2334.6787930004934	2334.895649709369	224	IS
2334.895649709369	2335.2548333828386	198	GROWN
2335.2548333828386	2335.4843118408885	297	ON
2335.4843118408885	2335.524221137941	99999	sp
2335.524221137941	2336.053019323882	404	STEEP
2336.053019323882	2336.4820442671926	231	JUNGLE
2336.4820442671926	2336.7215000495053	241	LIKE
2336.7215000495053	2336.7414546980312	99999	sp
2336.7414546980312	2337.2103889383943	390	SLOPES
2337.2103889383943	2337.380003450866	217	IN
2337.380003450866	2337.888846988281	431	TEMPERATE
2337.888846988281	2338.507441092589	497	ZONES
2338.507441092589	2345.53375	99999	sp
2345.53375	2345.823092403628	210	HOW
2345.823092403628	2346.032616213152	269	MUCH
2346.032616213152	2346.561414399093	16	ALLOWANCE
2346.561414399093	2346.6611876417232	128	DO
2346.6611876417232	2346.850756802721	495	YOU
2346.850756802721	2347.1700311791383	177	GET
2347.1700311791383	2355.179160134111	99999	sp
2355.179160134111	2355.328819998057	434	THE
2355.328819998057	2355.937436778102	263	MISPRINT
2355.937436778102	2356.446280315517	348	PROVOKED
2356.446280315517	2356.5560308824106	19	AN
2356.5560308824106	2357.024965122773	216	IMMEDIATE
2357.024965122773	2357.743332469712	125	DISCLAIMER
2357.743332469712	2364.7175625	99999	sp
2364.7175625	2364.996444825566	142	EVEN
2364.996444825566	2365.0753319716664	1	A
2365.0753319716664	2365.4850475036046	383	SIMPLE
2365.4850475036046	2366.2227121537194	468	VOCABULARY
2366.2227121537194	2366.7814423124496	104	CONTAINS
2366.7814423124496	2367.459900362336	422	SYMBOLS
2367.459900362336	2376.666652008098	99999	sp
2376.666652008098	2376.7434591377933	434	THE
2376.7434591377933	2377.376701326428	264	MISQUOTE
2377.376701326428	2377.59382378799	472	WAS
2377.59382378799	2378.1890790431275	365	RETRACTED
2378.1890790431275	2378.335835523081	487	WITH
2378.335835523081	2378.429101323425	19	AN
2378.429101323425	2379.0833334817216	26	APOLOGY
2379.0833334817216	2389.198149617031	99999	sp
2389.198149617031	2389.4874920206594	208	HIS
2389.4874920206594	2389.8167437213397	413	SUDDEN
2389.8167437213397	2390.3355645830175	117	DEPARTURE
2390.3355645830175	2390.8942947417477	377	SHOCKED
2390.8942947417477	2390.984090660115	434	THE
2390.984090660115	2391.6141195189907	79	CAST
2391.6141195189907	2398.552375	99999	sp
2398.552375	2398.750775818792	47	BE
2398.750775818792	2399.1310598072564	77	CAREFUL
2399.1310598072564	2399.330606292517	285	NOT
2399.330606292517	2399.4104248866215	446	TO
2399.4104248866215	2399.729699263039	332	PLOW
2399.729699263039	2400.0090643424037	310	OVER
2400.0090643424037	2400.088882936508	434	THE
2400.088882936508	2400.4979532312927	159	FLOWER
2400.4979532312927	2401.0067967687073	49	BEDS
2401.0067967687073	2408.692	99999	sp
2408.692	2409.5600272108845	292	OBJECTS
2409.5600272108845	2409.7595736961453	252	MADE
2409.7595736961453	2409.8593469387756	294	OF
2409.8593469387756	2410.547782312925	324	PEWTER
2410.547782312925	2410.807192743764	99999	sp
2410.807192743764	2410.95685260771	30	ARE
2410.95685260771	2411.6452879818594	48	BEAUTIFUL
2411.6452879818594	2425.622065434849	99999	sp
2425.622065434849	2425.6685	1	A
2425.6685	2426.569911040291	371	SCREWDRIVER
2426.569911040291	2426.7395255527626	224	IS
2426.7395255527626	2427.0089133078645	252	MADE
2427.0089133078645	2427.258346414441	166	FROM
2427.258346414441	2427.667416709225	469	VODKA
2427.667416709225	2427.9567591128534	20	AND
2427.9567591128534	2428.3259201105857	303	ORANGE
2428.3259201105857	2428.8247863237375	230	JUICE
2428.8247863237375	2435.7068125	99999	sp
2435.7068125	2435.9063589852612	476	WE
2435.9063589852612	2436.3653159013606	480	WELCOME
2436.3653159013606	2436.604771683674	256	MANY
2436.604771683674	2436.7843635204085	282	NEW
2436.7843635204085	2437.3131617063495	408	STUDENTS
2437.3131617063495	2437.622458758504	132	EACH
2437.622458758504	2437.991619756236	491	YEAR
2437.991619756236	2446.707294523315	99999	sp
2446.707294523315	2447.2061607364667	165	FRIGHTENED
2447.2061607364667	2447.6551403283033	89	CHILD
2447.6551403283033	2447.824754840775	472	WAS
2447.824754840775	2448.1240745686664	176	GENTLY
2448.1240745686664	2448.612963457555	410	SUBDUED
2448.612963457555	2448.7925552942897	73	BY
2448.7925552942897	2448.9422151582353	208	HIS
2448.9422151582353	2449.12180699497	52	BIG
2449.12180699497	2449.58076391107	66	BROTHER
2449.58076391107	2460.8218431296864	99999	sp
2460.8218431296864	2461.400527936943	84	CHALLENGE
2461.400527936943	2461.440437233995	99999	sp
2461.440437233995	2461.7996209074645	132	EACH
2461.7996209074645	2462.4182150117726	175	GENERAL'S
2462.4182150117726	2463.1764916557636	221	INTELLIGENCE
2463.1764916557636	2475.99675	99999	sp
2475.99675	2476.166364512472	213	I'D
2476.166364512472	2476.4557069160996	353	RATHER
2476.4557069160996	2476.7151173469383	285	NOT
2476.7151173469383	2476.9545731292515	72	BUY
2476.9545731292515	2477.2139835600906	437	THESE
2477.2139835600906	2477.7627363945576	378	SHOES
2477.7627363945576	2478.012169501134	432	THAN
2478.012169501134	2478.1718066893422	47	BE
2478.1718066893422	2479.0099019274376	313	OVERCHARGED
2479.0099019274376	2487.049	99999	sp
2487.049	2487.1570243800643	434	THE
2487.1570243800643	2487.7758709497575	91	CIGARETTES
2487.7758709497575	2487.875644192388	217	IN
2487.875644192388	2487.9554627864927	434	THE
2487.9554627864927	2488.3046691356985	94	CLAY
2488.3046691356985	2489.0030818341115	35	ASHTRAY
2489.0030818341115	2489.651607911209	314	OVERFLOWED
2489.651607911209	2489.9509276391	299	ONTO
2489.9509276391	2490.18040609715	434	THE
2490.18040609715	2490.2702020155175	290	OAK
2490.2702020155175	2490.7990002014585	424	TABLE
2490.7990002014585	2499.2966875997736	99999	sp
2499.2966875997736	2499.6259392006805	298	ONLY
2499.6259392006805	2499.715735119048	434	THE
2499.715735119048	2500.1347827380955	51	BEST
2500.1347827380955	2500.623671626984	330	PLAYERS
2500.623671626984	2501.022764597506	139	ENJOY
2501.022764597506	2501.9207237811793	336	POPULARITY
2501.9207237811793	2510.3963125	99999	sp
2510.3963125	2511.1346344954645	121	DIANE
2511.1346344954645	2511.2842943594105	257	MAY
2511.2842943594105	2511.982707057823	399	SPLURGE
2511.982707057823	2512.172276218821	20	AND
2512.172276218821	2512.461618622449	72	BUY
2512.461618622449	2512.5813465136052	1	A
2512.5813465136052	2513.189963293651	452	TURQUOISE
2513.189963293651	2513.708784155329	278	NECKLACE
2513.708784155329	2521.758148594754	99999	sp
2521.758148594754	2522.2167354344892	442	THOMAS
2522.2167354344892	2522.2865767043304	99999	sp
2522.2865767043304	2522.526032486643	440	THINKS
2522.526032486643	2522.5559644594323	1	A
2522.5559644594323	2523.054830672584	235	LARGER
2523.054830672584	2523.4639009673688	92	CLAMP
2523.4639009673688	2523.8330619651015	394	SOLVES
2523.8330619651015	2523.9128805592054	434	THE
2523.9128805592054	2524.521497339251	343	PROBLEM
2524.521497339251	2537.26685843934	99999	sp
2537.26685843934	2537.5405620049173	483	WHICH
2537.5405620049173	2537.980606423889	247	LONG
2537.980606423889	2538.5221995549323	31	ARTICLE
2538.5221995549323	2538.6602016508227	472	WAS
2538.6602016508227	2539.1575299586552	300	OPAQUE
2539.1575299586552	2539.303343493936	20	AND
2539.303343493936	2539.712142155348	279	NEEDED
2539.712142155348	2540.6915139082553	93	CLARIFICATION
2540.6915139082553	2549.0315768816545	99999	sp
2549.0315768816545	2549.2125952670094	375	SHE
2549.2125952670094	2549.6018973627497	388	SLIPPED
2549.6018973627497	2549.71125751421	20	AND
2549.71125751421	2550.1453915453453	400	SPRAINED
2550.1453915453453	2550.267770762456	204	HER
2550.267770762456	2550.5773852589487	22	ANKLE
2550.5773852589487	2550.738821673009	297	ON
2550.738821673009	2550.8045161462496	434	THE
2550.8045161462496	2551.064897459251	404	STEEP
2551.064897459251	2551.4235941564857	389	SLOPE
2551.4235941564857	2559.136875	99999	sp
2559.136875	2559.2929348683265	73	BY
2559.2929348683265	2559.582277271955	135	EATING
2559.582277271955	2560.0212795395287	494	YOGURT
2560.0212795395287	2560.2308033490526	495	YOU
2560.2308033490526	2560.4303498343133	257	MAY
2560.4303498343133	2560.709714913678	246	LIVE
2560.709714913678	2561.238513099619	248	LONGER
2561.238513099619	2573.5603125	99999	sp
2573.5603125	2573.7997682823125	434	THE
2573.7997682823125	2574.2886571712015	141	ESSAY
2574.2886571712015	2575.156684382086	454	UNDENIABLY
2575.156684382086	2575.685482568027	358	REFLECTS
2575.685482568027	2575.865074404762	305	OUR
2575.865074404762	2576.3240313208616	467	VIEW
2576.3240313208616	2576.992512046485	3	ABLY
2576.992512046485	2584.6828125	99999	sp
2584.6828125	2585.0519734977324	354	READING
2585.0519734977324	2585.1717013888892	217	IN
2585.1717013888892	2585.441089143991	335	POOR
2585.441089143991	2585.740408871882	240	LIGHT
2585.740408871882	2585.989841978458	181	GIVES
2585.989841978458	2586.089615221089	495	YOU
2586.089615221089	2586.7780505952383	150	EYESTRAIN
2586.7780505952383	2594.9480625	99999	sp
2594.9480625	2595.2573595521544	485	WILL
2595.2573595521544	2595.686384495465	368	ROBIN
2595.686384495465	2596.1652960600904	477	WEAR
2596.1652960600904	2596.2451146541953	1	A
2596.2451146541953	2596.5643890306123	493	YELLOW
2596.5643890306123	2596.993413973923	243	LILY
2596.993413973923	2633.2382499002265	99999	sp
2633.2382499002265	2633.377932539682	211	I
2633.377932539682	2633.6473202947845	233	JUST
2633.6473202947845	2633.767048185941	370	SAW
2633.767048185941	2634.1661411564623	228	JIM
2634.1661411564623	2634.4455062358275	277	NEAR
2634.4455062358275	2634.535302154195	434	THE
2634.535302154195	2634.784735260771	282	NEW
2634.784735260771	2635.6427851473923	29	ARCHEOLOGICAL
2635.6427851473923	2637.4212431972787	272	MUSEUM
2637.4212431972787	2645.9004375	99999	sp
2645.9004375	2646.440702674311	347	PROJECT
2646.440702674311	2647.009410157304	119	DEVELOPMENT
2647.009410157304	2647.169047345513	472	WAS
2647.169047345513	2647.7876414498214	344	PROCEEDING
2647.7876414498214	2648.007142583608	448	TOO
2648.007142583608	2648.6391582356723	391	SLOWLY
2648.6391582356723	2656.644875	99999	sp
2656.644875	2656.864376133787	305	OUR
2656.864376133787	2657.5627888321997	148	EXPERIMENT'S
2657.5627888321997	2658.0616550453515	337	POSITIVE
2658.0616550453515	2658.5405666099773	307	OUTCOME
2658.5405666099773	2658.7101811224493	472	WAS
2658.7101811224493	2659.488412414966	456	UNEXPECTED
2659.488412414966	2668.3499375	99999	sp
2668.3499375	2668.485169638324	485	WILL
2668.485169638324	2668.6229471890847	495	YOU
2668.6229471890847	2668.9951720858717	331	PLEASE
2668.9951720858717	2669.4940382990235	101	CONFIRM
2669.4940382990235	2670.0128591607013	191	GOVERNMENT
2670.0128591607013	2670.5915439679575	334	POLICY
2670.5915439679575	2671.0505008840573	359	REGARDING
2671.0505008840573	2671.3897299090004	473	WASTE
2671.3897299090004	2671.9484600677306	362	REMOVAL
2671.9484600677306	2679.6025625997736	99999	sp
2679.6025625997736	2679.7023357426306	1	A
2679.7023357426306	2680.1612926587304	110	CRAB
2680.1612926587304	2680.74995479025	85	CHALLENGED
2680.74995479025	2681.009365221089	258	ME
2681.009365221089	2681.1789797335605	70	BUT
2681.1789797335605	2681.2188890306124	1	A
2681.2188890306124	2681.5182087585035	350	QUICK
2681.5182087585035	2682.0270522959186	402	STAB
2682.0270522959186	2682.565827806123	464	VANQUISHED
2682.565827806123	2682.88510218254	207	HIM
2682.88510218254	2691.550625	99999	sp
2691.550625	2691.9397406462585	438	THEY
2691.9397406462585	2692.1891737528344	317	OWN
2692.1891737528344	2692.2590150226756	1	A
2692.2590150226756	2692.5583347505667	52	BIG
2692.5583347505667	2693.0771556122445	209	HOUSE
2693.0771556122445	2693.2667247732425	217	IN
2693.2667247732425	2693.35652069161	434	THE
2693.35652069161	2693.885318877551	361	REMOTE
2693.885318877551	2694.8331646825395	109	COUNTRYSIDE
2694.8331646825395	2703.63175	99999	sp
2703.63175	2704.130616213152	46	BARB'S
2704.130616213152	2704.4897998866213	188	GOLD
2704.4897998866213	2705.0185980725623	63	BRACELET
2705.0185980725623	2705.168257936508	472	WAS
2705.168257936508	2705.20816723356	1	A
2705.20816723356	2706.0462624716556	193	GRADUATION
2706.0462624716556	2706.6149699546486	339	PRESENT
2706.6149699546486	2715.5037463492495	99999	sp
2715.5037463492495	2715.7300530706725	128	DO
2715.7300530706725	2716.5123877445417	38	ATYPICAL
2716.5123877445417	2717.091072551798	151	FARMERS
2717.091072551798	2717.5101201708458	197	GROW
2717.5101201708458	2718.098782302365	291	OATS
2718.098782302365	2755.8114375	99999	sp
2755.8114375	2756.360190334467	32	ARTIFICIAL
2756.360190334467	2757.0685803571428	221	INTELLIGENCE
2757.0685803571428	2757.377877409297	224	IS
2757.377877409297	2757.4078093820863	99999	sp
2757.4078093820863	2757.687174461451	161	FOR
2757.687174461451	2758.166086026077	355	REAL
2758.166086026077	2765.881281101738	99999	sp
2765.881281101738	2766.3003287207857	303	ORANGE
2766.3003287207857	2766.649535069992	230	JUICE
2766.649535069992	2767.148401283144	425	TASTES
2767.148401283144	2767.198287904459	99999	sp
2767.198287904459	2767.517562280876	171	FUNNY
2767.517562280876	2767.8967006028715	10	AFTER
2767.8967006028715	2768.6849092196517	449	TOOTHPASTE
2768.6849092196517	2776.5331875	99999	sp
2776.5331875	2776.6182151261846	434	THE
2776.6182151261846	2777.017370530608	453	TWO
2777.017370530608	2777.496282095234	33	ARTISTS
2777.496282095234	2777.5960553378645	99999	sp
2777.5960553378645	2778.3543319818555	147	EXCHANGED
2778.3543319818555	2779.2024045442136	39	AUTOGRAPHS
2779.2024045442136	2786.81075	99999	sp
2786.81075	2786.9304778911564	434	THE
2786.9304778911564	2787.549071995465	111	CRANBERRY
2787.549071995465	2787.9980515873017	57	BOG
2787.9980515873017	2788.237507369615	178	GETS
2788.237507369615	2788.5168724489795	465	VERY
2788.5168724489795	2788.876056122449	340	PRETTY
2788.876056122449	2789.0157386621318	217	IN
2789.0157386621318	2789.524582199547	40	AUTUMN
2789.524582199547	2796.9447902191314	99999	sp
2796.9447902191314	2797.2241552984965	210	HOW
2797.2241552984965	2797.56338432344	189	GOOD
2797.56338432344	2797.7030668631223	224	IS
2797.7030668631223	2797.852726727068	496	YOUR
2797.852726727068	2798.6010260467956	138	ENDURANCE
2798.6010260467956	2807.1134001156965	99999	sp
2807.1134001156965	2807.45262914064	142	EVEN
2807.45262914064	2807.7120395714787	211	I
2807.7120395714787	2808.3904976213653	293	OCCASIONALLY
2808.3904976213653	2808.619976079415	177	GET
2808.619976079415	2808.6997946735196	434	THE
2808.6997946735196	2809.098887644041	265	MONDAY
2809.098887644041	2809.767368369665	56	BLUES
2809.767368369665	2820.824066841751	99999	sp
2820.824066841751	2820.8895231110123	99999	sp
2820.8895231110123	2821.030676887168	76	CAN
2821.030676887168	2821.243114460799	434	THE
2821.243114460799	2821.9714591320007	11	AGENCY
2821.9714591320007	2822.819531694359	315	OVERTHROW
2822.819531694359	2823.2585339619327	13	ALIEN
2823.2585339619327	2824.0267879301864	162	FORCES
2824.0267879301864	2830.8637556885988	99999	sp
2830.8637556885988	2831.352644577488	366	RICH
2831.352644577488	2831.9413067090068	349	PURCHASED
2831.9413067090068	2832.430195597896	374	SEVERAL
2832.430195597896	2832.819311244154	382	SIGNED
2832.819311244154	2833.7072931035646	245	LITHOGRAPHS
2833.7072931035646	2840.801149948711	99999	sp
2840.801149948711	2841.2800615133374	286	NOTHING
2841.2800615133374	2841.4596533500717	224	IS
2841.4596533500717	2841.6192905382804	34	AS
2841.6192905382804	2842.1780206970107	295	OFFENSIVE
2842.1780206970107	2842.397521830798	34	AS
2842.397521830798	2843.066002556421	219	INNOCENCE
2843.066002556421	2849.798374900227	99999	sp
2849.798374900227	2850.566628968254	114	CURIOSITY
2850.566628968254	2850.7063115079363	20	AND
2850.7063115079363	2851.594293367347	88888	MEDIOCRISY
2851.594293367347	2852.26277409297	99999	sp
2852.26277409297	2852.631935090703	373	SELDOM
2852.631935090703	2853.559826247166	97	COEXIST
2853.559826247166	2862.405706190298	99999	sp
2862.405706190298	2862.5412005714675	434	THE
2862.5412005714675	2863.000773588915	21	ANGRY
2863.000773588915	2863.3223445104713	62	BOY
2863.3223445104713	2863.9404147644623	23	ANSWERED
2863.9404147644623	2864.1669465067735	70	BUT
2864.1669465067735	2864.46247929703	122	DIDNT
2864.46247929703	2864.778674910134	249	LOOK
2864.778674910134	2865.1236801498612	458	UP
2865.1236801498612	2873.29062529932	99999	sp
2873.29062529932	2873.450262188209	438	THEY
2873.450262188209	2873.8693098072563	36	ASSUME
2873.8693098072563	2874.1386975623586	284	NO
2874.1386975623586	2874.627586451247	68	BURGLAR
2874.627586451247	2874.8670422335604	485	WILL
2874.8670422335604	2875.1763392857147	144	EVER
2875.1763392857147	2875.545500283447	140	ENTER
2875.545500283447	2875.8348426870753	205	HERE
2875.8348426870753	2883.7403930121855	99999	sp
2883.7403930121855	2883.8601209033422	224	IS
2883.8601209033422	2884.2492365496005	375	SHE
2884.2492365496005	2884.5784882502808	187	GOING
2884.5784882502808	2884.7580800870155	487	WITH
2884.7580800870155	2885.3367648942717	495	YOU
2885.3367648942717	2891.9668125	99999	sp
2891.9668125	2892.1763363095233	30	ARE
2892.1763363095233	2892.4157920918365	495	YOU
2892.4157920918365	2892.75502111678	250	LOOKING
2892.75502111678	2892.9146583049883	161	FOR
2892.9146583049883	2893.55580332271	136	EMPLOYMENT
2893.55580332271	2901.3110625	99999	sp
2901.3110625	2901.5106089852607	226	IT'S
2901.5106089852607	2901.7500647675733	285	NOT
2901.7500647675733	2902.0593618197277	133	EASY
2902.0593618197277	2902.139180413832	446	TO
2902.139180413832	2902.5582280328795	113	CREATE
2902.5582280328795	2903.206754109977	215	ILLUMINATING
2903.206754109977	2903.975008078231	146	EXAMPLES
2903.975008078231	2910.867421485984	99999	sp
2910.867421485984	2911.0769450959615	381	SHOULD
2911.0769450959615	2911.5957659576393	180	GIRAFFES
2911.5957659576393	2911.735448497322	47	BE
2911.735448497322	2912.054722873739	234	KEPT
2912.054722873739	2912.1744507648955	217	IN
2912.1744507648955	2912.563566411154	392	SMALL
2912.563566411154	2913.1222965698844	498	ZOOS
2913.1222965698844	2920.3028125	99999	sp
2920.3028125	2920.562222930839	132	EACH
2920.562222930839	2921.150885062358	403	STAG
2921.150885062358	2921.639773951247	419	SURELY
2921.639773951247	2922.0588215702946	155	FINDS
2922.0588215702946	2922.1087081916103	1	A
2922.1087081916103	2922.3282093253965	52	BIG
2922.3282093253965	2922.89691680839	153	FAWN
2922.89691680839	2930.0792413189	99999	sp
2930.0792413189	2930.2527434222493	202	HE
2930.2527434222493	2930.451603525319	485	WILL
2930.451603525319	2930.9894600457014	15	ALLOW
2930.9894600457014	2931.089953873764	1	A
2931.089953873764	2931.4291828987075	352	RARE
2931.4291828987075	2931.9280491118593	238	LIE
2931.9280491118593	2939.4455	99999	sp
2939.4455	2939.834615646258	443	THOSE
2939.834615646258	2939.9343888888884	484	WHO
2939.9343888888884	2940.2636405895687	427	TEACH
2940.2636405895687	2940.7724841269837	462	VALUES
2940.7724841269837	2941.2015090702944	156	FIRST
2941.2015090702944	2941.6903979591834	4	ABOLISH
2941.6903979591834	2942.3089920634916	87	CHEATING
2942.3089920634916	2950.123125099773	99999	sp
2950.123125099773	2950.202943594104	1	A
2950.202943594104	2950.8614469954646	271	MUSCULAR
2950.8614469954646	2951.519950396825	2	ABDOMEN
2951.519950396825	2951.719496882086	224	IS
2951.719496882086	2951.92902069161	189	GOOD
2951.92902069161	2952.0786805555554	161	FOR
2952.0786805555554	2952.228340419501	496	YOUR
2952.228340419501	2952.71722930839	43	BACK
2952.71722930839	2960.23825	99999	sp
2960.23825	2960.4178418367346	476	WE
2960.4178418367346	2960.6672749433105	241	LIKE
2960.6672749433105	2960.9466400226756	55	BLUE
2960.9466400226756	2961.4255515873015	88	CHEESE
2961.4255515873015	2961.605143424036	70	BUT
2961.605143424036	2962.0441456916096	466	VICTOR
2962.0441456916096	2962.363420068027	242	LIKES
2962.363420068027	2962.8323543083898	64	BRIE
2962.8323543083898	2971.89875	99999	sp
2971.89875	2972.437525510204	130	DRAW
2972.437525510204	2972.8266411564623	145	EVERY
2972.8266411564623	2973.2257341269838	308	OUTER
2973.2257341269838	2973.6348044217684	244	LINE
2973.6348044217684	2974.26337585034	156	FIRST
2974.26337585034	2974.4329903628113	99999	sp
2974.4329903628113	2974.9917205215415	436	THEN
2974.9917205215415	2975.301017573696	154	FILL
2975.301017573696	2975.4107681405894	217	IN
2975.4107681405894	2975.5205187074826	434	THE
2975.5205187074826	2976.2887726757367	222	INTERIOR
2976.2887726757367	2983.8944374002267	99999	sp
2983.8944374002267	2983.9742560941045	1	A
2983.9742560941045	2984.3035077947848	52	BIG
2984.3035077947848	2984.672668792517	185	GOAT
2984.672668792517	2985.14160303288	214	IDLY
2985.14160303288	2985.5506733276643	18	AMBLED
2985.5506733276643	2985.730265164399	444	THROUGH
2985.730265164399	2985.8100837585034	434	THE
2985.8100837585034	2986.5883150510203	152	FARMYARD
2986.5883150510203	2994.8767500997733	99999	sp
2994.8767500997733	2995.0363871882087	375	SHE
2995.0363871882087	2995.2658656462586	490	WORE
2995.2658656462586	2995.6350266439913	471	WARM
2995.6350266439913	2996.153847505669	158	FLEECY
2996.153847505669	2996.5329858276646	489	WOOLEN
2996.5329858276646	2997.27515649187	311	OVERALLS
2997.27515649187	3004.3595625	99999	sp
3004.3595625	3004.45933574263	434	THE
3004.45933574263	3004.938247307256	486	WILLOWY
3004.938247307256	3005.3373402777775	488	WOMAN
3005.3373402777775	3005.6865466269837	490	WORE
3005.6865466269837	3005.8062745181405	1	A
3005.8062745181405	3006.4049139739227	274	MUSKRAT
3006.4049139739227	3006.813984268707	96	COAT
3006.813984268707	3013.3646875	99999	sp
3013.3646875	3013.574211309524	482	WHEN
3013.574211309524	3014.0331682256237	322	PEELING
3014.0331682256237	3014.2027827380953	19	AN
3014.2027827380953	3014.671716978458	303	ORANGE
3014.671716978458	3014.7914448696147	225	IT
3014.7914448696147	3014.961059382086	224	IS
3014.961059382086	3015.4000616496596	200	HARD
3015.4000616496596	3015.6395174319728	285	NOT
3015.6395174319728	3015.759245323129	446	TO
3015.759245323129	3016.208224914966	401	SPRAY
3016.208224914966	3016.8567509920636	230	JUICE
3016.8567509920636	3025.256884533433	99999	sp
3025.256884533433	3025.5037064767034	203	HELP
3025.5037064767034	3026.075645281755	83	CELEBRATE
3026.075645281755	3026.164796414437	496	YOUR
3026.164796414437	3026.5661652434997	67	BROTHERS
3026.5661652434997	3027.225883625346	412	SUCCESS
3027.225883625346	3034.3581875	99999	sp
3034.3581875	3034.9767816043086	183	GLUCOSE
3034.9767816043086	3035.156373441043	20	AND
3035.156373441043	3035.7550128968255	167	FRUCTOSE
3035.7550128968255	3035.894695436508	30	ARE
3035.894695436508	3036.3037657312925	276	NATURAL
3036.3037657312925	3036.8525185657595	414	SUGARS
3036.8525185657595	3037.191747590703	163	FOUND
3037.191747590703	3037.3414074546486	217	IN
3037.3414074546486	3037.723020967974	168	FRUIT
3037.723020967974	3045.7432500000004	99999	sp
3045.7432500000004	3045.9028871882088	210	HOW
3045.9028871882088	3046.1024336734695	128	DO
3046.1024336734695	3046.701073129252	318	OYSTERS
3046.701073129252	3046.940528911565	253	MAKE
3046.940528911565	3047.729203135386	320	PEARLS
3047.729203135386	3055.340375	99999	sp
3055.340375	3055.6596493764173	24	ANY
3055.6596493764173	3056.5675858843542	105	CONTRIBUTIONS
3056.5675858843542	3056.7072684240366	485	WILL
3056.7072684240366	3056.826996315193	47	BE
3056.826996315193	3057.2659985827668	195	GREATLY
3057.2659985827668	3058.1739350907033	28	APPRECIATED
3058.1739350907033	3065.997125	99999	sp
3065.997125	3066.7753562925172	12	AGRICULTURAL
3066.7753562925172	3067.34406377551	345	PRODUCTS
3067.34406377551	3067.6334061791385	30	ARE
3067.6334061791385	3068.092363095238	455	UNEVENLY
3068.092363095238	3068.9204810090705	127	DISTRIBUTED
3068.9204810090705	3076.243875	99999	sp
3076.243875	3076.3017249983786	434	THE
3076.3017249983786	3076.794366860692	160	FOOTBALL
3076.794366860692	3077.0437999672677	428	TEAM
3077.0437999672677	3077.5127342076307	95	COACH
3077.5127342076307	3077.7023033686282	201	HAS
3077.7023033686282	3077.752189989944	1	A
3077.752189989944	3078.2111469060437	474	WATCH
3078.2111469060437	3078.400716067041	34	AS
3078.400716067041	3078.440625364093	99999	sp
3078.440625364093	3078.670103822143	439	THIN
3078.670103822143	3078.8596729831406	34	AS
3078.8596729831406	3078.9295142529822	1	A
3078.9295142529822	3079.5580856815536	123	DIME
3079.5580856815536	3521.8738125	99999	sp
3521.8738125	3522.0733589852607	375	SHE
4654.395770904627	4654.631248632688	453	TWO
4654.631248632688	4655.0602735759985	33	ARTISTS
4655.0602735759985	4655.249842736996	99999	sp
4655.249842736996	4655.958232759671	147	EXCHANGED
4655.958232759671	4656.716509403663	39	AUTOGRAPHS
4656.716509403663	4663.9920625	99999	sp
4663.9920625	4664.391155470522	447	TODD
4664.391155470522	4664.750339143991	329	PLACED
4664.750339143991	4665.029704223356	450	TOP
4665.029704223356	4665.648298327665	342	PRIORITY
4665.648298327665	4665.79795819161	297	ON
4665.79795819161	4666.087300595238	179	GETTING
4666.087300595238	4666.306801729025	208	HIS
4666.306801729025	4666.606121456916	53	BIKE
4666.606121456916	4667.134919642857	157	FIXED
4667.134919642857	4680.6631875	99999	sp
4680.6631875	4681.521237386622	451	TORNADOS
4681.521237386622	4681.840511763038	296	OFTEN
4681.840511763038	4682.259559382086	118	DESTROY
4682.259559382086	4683.177473214286	41	AVIARIES
4683.177473214286	4690.11275	99999	sp
4690.11275	4690.67148015873	71	BUTTERSCOTCH
4690.67148015873	4690.721366780046	99999	sp
4690.721366780046	4691.0506184807255	169	FUDGE
4691.0506184807255	4691.2701196145135	186	GOES
4691.2701196145135	4691.499598072563	481	WELL
4691.499598072563	4691.629303287982	487	WITH
4691.629303287982	4691.669212585035	99999	sp
4691.669212585035	4692.008441609978	463	VANILLA
4692.008441609978	4692.27782936508	212	ICE
4692.27782936508	4692.686899659864	112	CREAM
4692.686899659864	4698.95275	99999	sp
4698.95275	4699.7808679138325	114	CURIOSITY
4699.7808679138325	4699.880641156463	20	AND
4699.880641156463	4700.708759070295	259	MEDIOCRITY
4700.708759070295	4701.0280334467125	99999	sp
4701.0280334467125	4701.477013038549	373	SELDOM
4701.477013038549	4702.155471088436	97	COEXIST
4702.155471088436	4709.940693946826	99999	sp
4709.940693946826	4710.0951573324655	375	SHE
4710.0951573324655	4710.415123015875	388	SLIPPED
4710.415123015875	4710.4878621013195	20	AND
4710.4878621013195	4710.8393768738715	400	SPRAINED
4710.8393768738715	4710.963057997547	204	HER
4710.963057997547	4711.279421292844	22	ANKLE
4711.279421292844	4711.4929339695045	297	ON
4711.4929339695045	4711.545010232106	434	THE
4711.545010232106	4711.842675821714	404	STEEP
4711.842675821714	4712.1857084261	389	SLOPE
4712.1857084261	4719.357375	99999	sp
4719.357375	4719.556578791373	354	READING
4719.556578791373	4719.734024384103	217	IN
4719.734024384103	4719.903638896574	335	POOR
4719.903638896574	4720.202958624466	240	LIGHT
4720.202958624466	4720.402505109727	181	GIVES
4720.402505109727	4720.482323703831	495	YOU
4720.482323703831	4721.120872456666	150	EYESTRAIN
4721.120872456666	4728.5175625	99999	sp
4728.5175625	4729.092574969144	121	DIANE
4729.092574969144	4729.232257508827	257	MAY
4729.232257508827	4729.80096499182	399	SPLURGE
4729.80096499182	4729.920692882976	20	AND
4729.920692882976	4730.180103313815	72	BUY
4730.180103313815	4730.220012610867	1	A
4730.220012610867	4730.728856148282	452	TURQUOISE
4730.728856148282	4731.217745037171	278	NECKLACE
4731.217745037171	4738.859081871898	99999	sp
4738.859081871898	4739.124670811159	142	EVEN
4739.124670811159	4739.31995679591	211	I
4739.31995679591	4739.918833815814	293	OCCASIONALLY
4739.918833815814	4740.14666746469	177	GET
4740.14666746469	4740.22478185859	434	THE
4740.22478185859	4740.6518072119125	265	MONDAY
4740.6518072119125	4741.124399295009	56	BLUES
4741.124399295009	4748.370422724337	99999	sp
4748.370422724337	4748.639810479439	24	ANY
4748.639810479439	4749.428019096219	105	CONTRIBUTIONS
4749.428019096219	4749.517815014586	485	WILL
4749.517815014586	4749.647520230006	47	BE
4749.647520230006	4750.046613200528	195	GREATLY
4750.046613200528	4750.824844493044	28	APPRECIATED
4750.824844493044	4757.889625	99999	sp
4757.889625	4758.139058106575	305	OUR
4758.139058106575	4758.647901643991	148	EXPERIMENT'S
4758.647901643991	4759.276473072562	337	POSITIVE
4759.276473072562	4759.745407312925	307	OUTCOME
4759.745407312925	4759.974885770975	472	WAS
4759.974885770975	4760.803003684807	456	UNEXPECTED
4760.803003684807	4768.3315625	99999	sp
4768.3315625	4768.471245039682	211	I
4768.471245039682	4768.690746173469	233	JUST
4768.690746173469	4768.810474064625	370	SAW
4768.810474064625	4769.159680413832	228	JIM
4769.159680413832	4769.389158871882	277	NEAR
4769.389158871882	4769.44902281746	434	THE
4769.44902281746	4769.608660005669	282	NEW
4769.608660005669	4770.3769139739225	29	ARCHEOLOGICAL
4770.3769139739225	4770.945621456916	272	MUSEUM
4770.945621456916	4776.872375	99999	sp
4776.872375	4777.380198191737	99999	sp
4777.380198191737	4777.780139456699	442	THOMAS
4777.780139456699	4778.041585159943	440	THINKS
4778.041585159943	4778.139097341153	1	A
4778.139097341153	4778.401399943311	235	LARGER
4778.401399943311	4778.780538265306	92	CLAMP
4778.780538265306	4779.139721938775	394	SOLVES
4779.139721938775	4779.209563208617	434	THE
4779.209563208617	4779.788248015873	343	PROBLEM
4779.788248015873	4787.978874800454	99999	sp
4787.978874800454	4788.112999982281	476	WE
4788.112999982281	4788.288172052155	190	GOT
4788.288172052155	4788.806992913833	131	DRENCHED
4788.806992913833	4788.99656207483	166	FROM
4788.99656207483	4789.196108560091	434	THE
4789.196108560091	4789.964362528345	457	UNINTERRUPTED
4789.964362528345	4790.443274092971	351	RAIN
4790.443274092971	4797.411046778213	99999	sp
4797.411046778213	4797.889958342838	116	DECEMBER
4797.889958342838	4798.009686233995	20	AND
4798.009686233995	4798.628280338304	227	JANUARY
4798.628280338304	4798.767962877986	30	ARE
4798.767962877986	4799.037350633088	283	NICE
4799.037350633088	4799.386556982295	266	MONTHS
4799.386556982295	4799.466375576399	446	TO
4799.466375576399	4799.855491222657	397	SPEND
4799.855491222657	4800.005151086602	217	IN
4800.005151086602	4800.573858569596	261	MIAMI
4800.573858569596	4818.664125	99999	sp
4818.664125	4819.212877834467	88888	WATERPROOF
4819.212877834467	4819.791562641723	172	GALOSHES
4819.791562641723	4819.871381235827	30	ARE
4819.871381235827	4820.190655612245	465	VERY
4820.190655612245	4820.679544501134	461	USEFUL
4820.679544501134	4820.749385770975	217	IN
4820.749385770975	4821.367979875284	372	SEATTLE
4821.367979875284	4828.4078125	99999	sp
4828.4078125	4828.517563066893	434	THE
4828.517563066893	4828.946588010203	61	BOSTON
4828.946588010203	4829.325726332199	45	BALLET
4829.325726332199	4829.85452451814	312	OVERCAME
4829.85452451814	4829.974252409296	435	THEIR
4829.974252409296	4830.323458758503	170	FUNDING
4830.323458758503	4830.942052862812	380	SHORTAGE
4830.942052862812	4837.971125	99999	sp
4837.971125	4838.144777308511	1	A
4838.144777308511	4838.317836025304	52	BIG
4838.317836025304	4838.6969743473	185	GOAT
4838.6969743473	4839.106044642084	214	IDLY
4839.106044642084	4839.505137612607	18	AMBLED
4839.505137612607	4839.6248655037625	444	THROUGH
4839.6248655037625	4839.704684097867	434	THE
4839.704684097867	4840.423051444805	152	FARMYARD
4840.423051444805	4848.15425	99999	sp
4848.15425	4848.25402324263	434	THE
4848.25402324263	4848.772844104308	111	CRANBERRY
4848.772844104308	4849.082141156463	57	BOG
4849.082141156463	4849.2517556689345	178	GETS
4849.2517556689345	4849.461279478458	465	VERY
4849.461279478458	4849.710712585034	340	PRETTY
4849.710712585034	4849.850395124717	217	IN
4849.850395124717	4850.229533446712	40	AUTUMN
4850.229533446712	4859.55	99999	sp
4859.55	4860.13866213152	292	OBJECTS
4860.13866213152	4860.298299319728	252	MADE
4860.298299319728	4860.388095238096	294	OF
4860.388095238096	4860.4080498866215	99999	sp
4860.4080498866215	4860.867006802721	324	PEWTER
4860.867006802721	4861.006689342404	30	ARE
4861.006689342404	4861.58537414966	48	BEAUTIFUL
4861.58537414966	4869.767518431373	99999	sp
4869.767518431373	4869.9371329438445	204	HER
4869.9371329438445	4870.475908454048	470	WARDROBE
4870.475908454048	4871.074547909831	102	CONSISTS
4871.074547909831	4871.164343828198	294	OF
4871.164343828198	4871.413776934774	298	ONLY
4871.413776934774	4871.782937932507	385	SKIRTS
4871.782937932507	4871.8926884994	20	AND
4871.8926884994	4872.421486685341	54	BLOUSES
4872.421486685341	4879.674625	99999	sp
4879.674625	4879.864194160997	257	MAY
4879.864194160997	4879.9839220521535	211	I
4879.9839220521535	4880.602516156462	304	ORDER
4880.602516156462	4880.841971938775	1	A
4880.841971938775	4881.181200963718	10	AFTER
4881.181200963718	4881.2709968820855	211	I
4881.2709968820855	4881.500475340135	134	EAT
4881.500475340135	4881.889590986394	124	DINNER
4881.889590986394	4888.791125	99999	sp
4888.791125	4889.050535430838	132	EACH
4889.050535430838	4889.5194696712015	403	STAG
4889.5194696712015	4889.878653344671	419	SURELY
4889.878653344671	4890.277746315192	155	FINDS
4890.277746315192	4890.327632936507	1	A
4890.327632936507	4890.547134070294	52	BIG
4890.547134070294	4891.095886904761	153	FAWN
4891.095886904761	4899.355445536988	99999	sp
4899.355445536988	4899.587692393854	108	COUNT
4899.587692393854	4899.704808330223	434	THE
4899.704808330223	4899.891489275391	289	NUMBER
4899.891489275391	4899.991262518022	294	OF
4899.991262518022	4900.460196758385	429	TEASPOONS
4900.460196758385	4900.54001535249	294	OF
4900.54001535249	4901.098745511219	395	SOYSAUCE
4901.098745511219	4901.128677484008	99999	sp
4901.128677484008	4901.278337347954	433	THAT
4901.278337347954	4901.418019887637	495	YOU
4901.418019887637	4901.787180885369	7	ADD
4901.787180885369	4908.600999900226	99999	sp
4908.600999900226	4908.790569160998	438	THEY
4908.790569160998	4909.119820861678	36	ASSUME
4909.119820861678	4909.349299319728	284	NO
4909.349299319728	4909.798278911564	68	BURGLAR
4909.798278911564	4910.027757369614	485	WILL
4910.027757369614	4910.257235827664	144	EVER
4910.257235827664	4910.576510204081	140	ENTER
4910.576510204081	4910.86585260771	205	HERE
4910.86585260771	4918.16775	99999	sp
4918.16775	4918.2874778911555	434	THE
4918.2874778911555	4918.816276077097	264	MISQUOTE
4918.816276077097	4918.995867913832	472	WAS
4918.995867913832	4919.544620748299	365	RETRACTED
4919.544620748299	4919.6843032879815	487	WITH
4919.6843032879815	4919.754144557823	19	AN
4919.754144557823	4920.512421201814	26	APOLOGY
4920.512421201814	4926.889125	99999	sp
4926.889125	4927.248308673468	130	DRAW
4927.248308673468	4927.517696428571	145	EVERY
4927.517696428571	4927.77710685941	308	OUTER
4927.77710685941	4928.076426587301	244	LINE
4928.076426587301	4928.525406179138	156	FIRST
4928.525406179138	4928.555338151928	99999	sp
4928.555338151928	4928.784816609977	436	THEN
4928.784816609977	4929.044227040816	154	FILL
4929.044227040816	4929.134022959183	217	IN
4929.134022959183	4929.243773526076	434	THE
4929.243773526076	4929.942186224489	222	INTERIOR
4929.942186224489	4937.042083900279	99999	sp
4937.042083900279	4937.640723356061	75	CALCIUM
4937.640723356061	4938.0098843537935	254	MAKES
4938.0098843537935	4938.478818594156	58	BONES
4938.478818594156	4938.608523809577	20	AND
4938.608523809577	4938.91782086173	430	TEETH
4938.91782086173	4938.967707483045	99999	sp
4938.967707483045	4939.566346938827	406	STRONG
4939.566346938827	4956.46775	99999	sp
4956.46775	4956.647341836735	438	THEY
4956.647341836735	4956.886797619048	14	ALL
4956.886797619048	4957.1960946712015	139	ENJOY
4957.1960946712015	4957.465482426303	212	ICE
4957.465482426303	4957.724892857143	112	CREAM
4957.724892857143	4958.477841611892	417	SUNDAES
4958.477841611892	4965.945139223414	99999	sp
4965.945139223414	4966.00112120571	434	THE
4966.00112120571	4966.344824538872	396	SPEECH
4966.344824538872	4967.109043692531	423	SYMPOSIUM
4967.109043692531	4967.266206989707	262	MIGHT
4967.266206989707	4967.629806318533	50	BEGIN
4967.629806318533	4967.763902694729	297	ON
4967.763902694729	4968.246542633157	265	MONDAY
4968.246542633157	4975.171125	99999	sp
4975.171125	4975.330762188209	1	A
4975.330762188209	4975.739832482994	60	BORING
4975.739832482994	4976.0890388322	287	NOVEL
4976.0890388322	4976.228721371882	224	IS
4976.228721371882	4976.298562641723	1	A
4976.298562641723	4976.787451530612	418	SUPERB
4976.787451530612	4977.256385770976	386	SLEEPING
4977.256385770976	4977.5656828231295	328	PILL
4977.5656828231295	4985.329625	99999	sp
4985.329625	4986.067946995465	12	AGRICULTURAL
4986.067946995465	4986.516926587302	345	PRODUCTS
4986.516926587302	4986.756382369615	30	ARE
4986.756382369615	4987.225316609977	455	UNEVENLY
4987.225316609977	4987.933706632653	127	DISTRIBUTED
4987.933706632653	4995.446375	99999	sp
4995.446375	4996.094901077097	32	ARTIFICIAL
4996.094901077097	4996.763381802721	221	INTELLIGENCE
4996.763381802721	4997.082656179138	224	IS
4997.082656179138	4997.152497448979	99999	sp
4997.152497448979	4997.4518171768705	161	FOR
4997.4518171768705	4997.840932823129	355	REAL
4997.840932823129	5005.4851875	99999	sp
5005.4851875	5005.724643282314	434	THE
5005.724643282314	5006.293350765307	91	CIGARETTES
5006.293350765307	5006.383146683675	217	IN
5006.383146683675	5006.443010629252	434	THE
5006.443010629252	5006.672489087302	94	CLAY
5006.672489087302	5007.271128543084	35	ASHTRAY
5007.271128543084	5007.829858701815	314	OVERFLOWED
5007.829858701815	5008.079291808391	299	ONTO
5008.079291808391	5008.218974348073	434	THE
5008.218974348073	5008.358656887755	290	OAK
5008.358656887755	5008.827591128119	424	TABLE
5008.827591128119	5015.7837942412025	99999	sp
5015.7837942412025	5016.043204672042	485	WILL
5016.043204672042	5016.422342994037	368	ROBIN
5016.422342994037	5016.891277234399	477	WEAR
5016.891277234399	5016.981073152767	1	A
5016.981073152767	5017.230506259343	493	YELLOW
5017.230506259343	5017.719395148231	243	LILY
5017.719395148231	5024.48525	99999	sp
5024.48525	5024.58502324263	434	THE
5024.58502324263	5025.14375340136	82	CAUSEWAY
5025.14375340136	5025.443073129251	137	ENDED
5025.443073129251	5025.951916666667	5	ABRUPTLY
5025.951916666667	5026.021757936508	37	AT
5026.021757936508	5026.101576530612	434	THE
5026.101576530612	5026.550556122449	379	SHORE
5026.550556122449	5034.3476875	99999	sp
5034.3476875	5034.716848497732	98	COFFEE
5034.716848497732	5034.916394982993	224	IS
5034.916394982993	5035.145873441043	198	GROWN
5035.145873441043	5035.315487953514	297	ON
5035.315487953514	5035.345419926303	99999	sp
5035.345419926303	5035.684648951246	404	STEEP
5035.684648951246	5036.103696570295	231	JUNGLE
5036.103696570295	5036.263333758503	241	LIKE
5036.263333758503	5036.682381377551	390	SLOPES
5036.682381377551	5036.81208659297	217	IN
5036.81208659297	5037.27104350907	431	TEMPERATE
5037.27104350907	5037.839750992063	497	ZONES
5037.839750992063	5043.87449610776	99999	sp
5043.87449610776	5044.034133295969	30	ARE
5044.034133295969	5044.2336797812295	495	YOU
5044.2336797812295	5044.542976833383	250	LOOKING
5044.542976833383	5044.752500642908	161	FOR
5044.752500642908	5045.832545994381	136	EMPLOYMENT
5045.832545994381	5052.65675	99999	sp
5052.65675	5052.936115079365	443	THOSE
5052.936115079365	5052.995979024943	484	WHO
5052.995979024943	5053.235434807257	427	TEACH
5053.235434807257	5053.634527777778	462	VALUES
5053.634527777778	5053.953802154196	156	FIRST
5053.953802154196	5054.3429178004535	4	ABOLISH
5054.3429178004535	5054.861738662132	87	CHEATING
5054.861738662132	5062.767805258308	99999	sp
5062.767805258308	5063.558062543267	17	AMBIDEXTROUS
5063.558062543267	5064.229846330811	327	PICKPOCKETS
5064.229846330811	5064.771439461853	6	ACCOMPLISH
5064.771439461853	5065.22580485304	267	MORE
5065.22580485304	5071.711124800453	99999	sp
5071.711124800453	5071.930626133786	381	SHOULD
5071.930626133786	5072.429492346938	180	GIRAFFES
5072.429492346938	5072.549220238095	47	BE
5072.549220238095	5072.838562641723	234	KEPT
5072.838562641723	5072.948313208616	217	IN
5072.948313208616	5073.287542233559	392	SMALL
5073.287542233559	5073.7664537981855	498	ZOOS
5073.7664537981855	5081.16425	99999	sp
5081.16425	5081.295261047463	210	HOW
5081.295261047463	5081.4717563191625	269	MUCH
5081.4717563191625	5081.950667883789	16	ALLOWANCE
5081.950667883789	5082.070395774945	128	DO
5082.070395774945	5082.210078314628	495	YOU
5082.210078314628	5082.504569326011	177	GET
5082.504569326011	5090.87856046363	99999	sp
5090.87856046363	5091.018243003313	476	WE
5091.018243003313	5091.257698785625	241	LIKE
5091.257698785625	5091.507131892201	55	BLUE
5091.507131892201	5091.906224862722	88	CHEESE
5091.906224862722	5092.075839375195	70	BUT
5092.075839375195	5092.365181778822	466	VICTOR
5092.365181778822	5092.664501506713	242	LIKES
5092.664501506713	5093.063594477235	64	BRIE
5093.063594477235	5103.1026765185825	99999	sp
5103.1026765185825	5103.342132300895	438	THEY
5103.342132300895	5103.491792164841	317	OWN
5103.491792164841	5103.541678786156	1	A
5103.541678786156	5103.7811345684695	52	BIG
5103.7811345684695	5104.1602728904645	209	HOUSE
5104.1602728904645	5104.250068808831	217	IN
5104.250068808831	5104.30993275441	434	THE
5104.30993275441	5104.639184455091	361	REMOTE
5104.639184455091	5105.497234341712	109	COUNTRYSIDE
5105.497234341712	5112.149	99999	sp
5112.149	5112.388455782313	203	HELP
5112.388455782313	5112.887321995465	83	CELEBRATE
5112.887321995465	5112.987095238095	496	YOUR
5112.987095238095	5113.3163469387755	67	BROTHERS
5113.3163469387755	5113.825190476191	412	SUCCESS
5113.825190476191	5120.96927789884	99999	sp
5120.96927789884	5121.128915087049	224	IS
5121.128915087049	5121.398302842151	375	SHE
5121.398302842151	5121.767463839884	187	GOING
5121.767463839884	5121.907146379566	487	WITH
5121.907146379566	5122.236398080246	495	YOU
5122.236398080246	5129.8294375	99999	sp
5129.8294375	5130.02898398526	73	BY
5130.02898398526	5130.348258361678	135	EATING
5130.348258361678	5130.71741935941	494	YOGURT
5130.71741935941	5130.81719260204	495	YOU
5130.81719260204	5130.976829790249	257	MAY
5130.976829790249	5131.216285572562	246	LIVE
5131.216285572562	5131.765038407029	248	LONGER
5131.765038407029	5139.136312599773	99999	sp
5139.136312599773	5139.3358589852605	434	THE
5139.3358589852605	5139.724974631519	316	OVERWEIGHT
5139.724974631519	5140.124067602041	86	CHARMER
5140.124067602041	5140.293682114512	107	COULD
5140.293682114512	5140.523160572562	387	SLIP
5140.523160572562	5141.032004109978	333	POISON
5141.032004109978	5141.161709325397	223	INTO
5141.161709325397	5141.600711592971	25	ANYONE'S
5141.600711592971	5141.989827239229	426	TEA
5141.989827239229	5148.6184375	99999	sp
5148.6184375	5148.74814271542	47	BE
5148.74814271542	5149.147235685941	77	CAREFUL
5149.147235685941	5149.3268275226765	285	NOT
5149.3268275226765	5149.396668792518	446	TO
5149.396668792518	5149.745875141723	332	PLOW
5149.745875141723	5150.055172193878	310	OVER
5150.055172193878	5150.134990787982	434	THE
5150.134990787982	5150.534083758504	159	FLOWER
5150.534083758504	5151.003017998867	49	BEDS
5151.003017998867	5158.2619375	99999	sp
5158.2619375	5158.461483985261	485	WILL
5158.461483985261	5158.541302579366	495	YOU
5158.541302579366	5158.910463577098	331	PLEASE
5158.910463577098	5159.339488520409	101	CONFIRM
5159.339488520409	5159.8084227607715	191	GOVERNMENT
5159.8084227607715	5160.257402352609	334	POLICY
5160.257402352609	5160.676449971656	359	REGARDING
5160.676449971656	5160.935860402495	473	WASTE
5160.935860402495	5161.374862670069	362	REMOVAL
5161.374862670069	5169.4693125	99999	sp
5169.4693125	5169.768632227891	236	LAST
5169.768632227891	5170.047997307256	492	YEAR'S
5170.047997307256	5170.327362386622	174	GAS
5170.327362386622	5170.806273951247	380	SHORTAGE
5170.806273951247	5171.155480300454	81	CAUSED
5171.155480300454	5171.50468664966	404	STEEP
5171.50468664966	5171.744142431972	341	PRICE
5171.744142431972	5172.4525324546485	218	INCREASES
5172.4525324546485	5179.5165461927645	99999	sp
5179.5165461927645	5179.723629939115	226	IT'S
5179.723629939115	5179.947502498459	285	NOT
5179.947502498459	5180.226867577823	133	EASY
5180.226867577823	5180.356572793244	446	TO
5180.356572793244	5180.67584716966	113	CREATE
5180.67584716966	5181.324373246758	215	ILLUMINATING
5181.324373246758	5182.062695242223	146	EXAMPLES
5182.062695242223	5188.917497715651	99999	sp
5188.917497715651	5189.16795930454	142	EVEN
5189.16795930454	5189.223941286835	1	A
5189.223941286835	5189.6496647335925	383	SIMPLE
5189.6496647335925	5190.378332980005	468	VOCABULARY
5190.378332980005	5191.0069466177265	104	CONTAINS
5191.0069466177265	5191.687476354026	422	SYMBOLS
5191.687476354026	5198.5196732835975	99999	sp
5198.5196732835975	5198.6693331475435	476	WE
5198.6693331475435	5199.078403442327	480	WELCOME
5199.078403442327	5199.277949927588	256	MANY
5199.277949927588	5199.417632467271	282	NEW
5199.417632467271	5199.8067481135295	408	STUDENTS
5199.8067481135295	5200.00629459879	132	EACH
5200.00629459879	5200.245750381103	491	YEAR
5200.245750381103	5208.290875	99999	sp
5208.290875	5208.679990646258	366	RICH
5208.679990646258	5209.228743480726	349	PURCHASED
5209.228743480726	5209.707655045351	374	SEVERAL
5209.707655045351	5210.126702664398	382	SIGNED
5210.126702664398	5210.954820578231	245	LITHOGRAPHS
5210.954820578231	5218.530329401084	99999	sp
5218.530329401084	5218.940429969061	347	PROJECT
5218.940429969061	5219.431248744068	119	DEVELOPMENT
5219.431248744068	5219.549722241484	472	WAS
5219.549722241484	5220.088711559397	344	PROCEEDING
5220.088711559397	5220.308733768883	448	TOO
5220.308733768883	5220.802156357021	391	SLOWLY
5220.802156357021	5227.923	99999	sp
5227.923	5228.062071022161	434	THE
5228.062071022161	5228.318859233494	475	WATER
5228.318859233494	5228.807748122383	103	CONTAINED
5228.807748122383	5229.007294607643	448	TOO
5229.007294607643	5229.186886444379	269	MUCH
5229.186886444379	5229.560427348082	90	CHLORINE
5229.560427348082	5229.740915435158	20	AND
5229.740915435158	5230.054620919838	409	STUNG
5230.054620919838	5230.226514336102	208	HIS
5230.226514336102	5230.742194584891	149	EYES
5230.742194584891	5236.996500199547	99999	sp
5236.996500199547	5237.196046485261	202	HE
5237.196046485261	5237.3517088543285	485	WILL
5237.3517088543285	5237.779458270662	15	ALLOW
5237.779458270662	5237.9799177943405	1	A
5237.9799177943405	5238.313120398708	352	RARE
5238.313120398708	5238.8119866118595	238	LIE
5238.8119866118595	5245.419875	99999	sp
5245.419875	5245.4996935941035	434	THE
5245.4996935941035	5245.898786564625	268	MORNING
5245.898786564625	5246.198106292516	120	DEW
5246.198106292516	5246.30785685941	297	ON
5246.30785685941	5246.367720804988	434	THE
5246.367720804988	5246.7867684240355	398	SPIDER
5246.7867684240355	5246.99629223356	479	WEB
5246.99629223356	5247.505135770974	182	GLISTENED
5247.505135770974	5247.624863662131	217	IN
5247.624863662131	5247.684727607709	434	THE
5247.684727607709	5248.183593820861	416	SUN
5248.183593820861	5255.159448328082	99999	sp
5255.159448328082	5255.807974405179	115	CYCLICAL
5255.807974405179	5256.406613860962	346	PROGRAMS
5256.406613860962	5256.526341752118	485	WILL
5256.526341752118	5256.795729507221	281	NEVER
5256.795729507221	5257.444255584318	100	COMPILE
5257.444255584318	5265.138518838547	99999	sp
5265.138518838547	5265.387951945123	298	ONLY
5265.387951945123	5265.47774786349	434	THE
5265.47774786349	5265.83693153696	51	BEST
5265.83693153696	5266.2759338045325	330	PLAYERS
5266.2759338045325	5266.605185505214	139	ENJOY
5266.605185505214	5267.413348770519	336	POPULARITY
5267.413348770519	5273.782	99999	sp
5273.782	5273.930876190299	1	A
5273.930876190299	5274.346593800767	271	MUSCULAR
5274.346593800767	5274.8454600139185	2	ABDOMEN
5274.8454600139185	5274.985142553601	224	IS
5274.985142553601	5275.124825093284	189	GOOD
5275.124825093284	5275.254530308703	161	FOR
5275.254530308703	5275.394212848385	496	YOUR
5275.394212848385	5275.913033710063	43	BACK
5275.913033710063	5282.808495381644	99999	sp
5282.808495381644	5283.077883136746	145	EVERY
5283.077883136746	5283.3871801889	74	CAB
5283.3871801889	5283.61665864695	280	NEEDS
5283.61665864695	5284.115524860103	364	REPAINTING
5284.115524860103	5284.63434572178	296	OFTEN
5284.63434572178	5292.869098511221	99999	sp
5292.869098511221	5292.948917105325	434	THE
5292.948917105325	5293.497669939792	263	MISPRINT
5293.497669939792	5293.886785586051	348	PROVOKED
5293.886785586051	5293.976581504418	19	AN
5293.976581504418	5294.4255610962555	216	IMMEDIATE
5294.4255610962555	5295.084064497616	125	DISCLAIMER
5295.084064497616	5301.97375	99999	sp
5301.97375	5302.143364512472	210	HOW
5302.143364512472	5302.382820294784	189	GOOD
5302.382820294784	5302.502548185941	224	IS
5302.502548185941	5302.692117346938	496	YOUR
5302.692117346938	5303.310711451248	138	ENDURANCE
5303.310711451248	5310.389242837109	99999	sp
5310.389242837109	5310.50554398419	434	THE
5310.50554398419	5310.8661721026965	486	WILLOWY
5310.8661721026965	5311.217686875248	488	WOMAN
5311.217686875248	5311.471558655424	490	WORE
5311.471558655424	5311.55618258215	1	A
5311.55618258215	5312.014118328645	274	MUSKRAT
5312.014118328645	5312.369171423702	96	COAT
5312.369171423702	5319.05625	99999	sp
5319.05625	5319.565093537414	405	STEVE
5319.565093537414	5319.774617346939	490	WORE
5319.774617346939	5319.804549319728	1	A
5319.804549319728	5320.133801020407	65	BRIGHT
5320.133801020407	5320.413166099773	356	RED
5320.413166099773	5320.922009637188	78	CASHMERE
5320.922009637188	5321.450807823128	420	SWEATER
5321.450807823128	5328.1225	99999	sp
5328.1225	5328.271670495253	1	A
5328.271670495253	5328.642376426289	110	CRAB
5328.642376426289	5329.101333342389	85	CHALLENGED
5329.101333342389	5329.241015882072	258	ME
5329.241015882072	5329.400653070281	70	BUT
5329.400653070281	5329.450539691596	1	A
5329.450539691596	5329.689995473909	350	QUICK
5329.689995473909	5330.099065768693	402	STAB
5330.099065768693	5330.597931981845	464	VANQUISHED
5330.597931981845	5330.857342412684	207	HIM
5330.857342412684	5338.323002748545	99999	sp
5338.323002748545	5338.811891637434	203	HELP
5338.811891637434	5339.185670990108	196	GREG
5339.185670990108	5339.280951751899	446	TO
5339.280951751899	5339.461588196129	325	PICK
5339.461588196129	5339.586644195981	99999	sp
5339.586644195981	5339.64420965623	1	A
5339.64420965623	5339.67596991016	99999	sp
5339.67596991016	5339.928066925733	321	PECK
5339.928066925733	5339.963797211405	99999	sp
5339.963797211405	5340.057092957326	294	OF
5340.057092957326	5340.701318238773	338	POTATOES
5340.701318238773	5346.678159932659	99999	sp
5346.678159932659	5347.027366281865	286	NOTHING
5347.027366281865	5347.187003470073	224	IS
5347.187003470073	5347.356617982545	34	AS
5347.356617982545	5347.825552222908	295	OFFENSIVE
5347.825552222908	5347.975212086853	34	AS
5347.975212086853	5348.773398027897	219	INNOCENCE
5348.773398027897	5356.289392584339	99999	sp
5356.289392584339	5356.81819077028	183	GLUCOSE
5356.81819077028	5356.957873309962	20	AND
5356.957873309962	5357.516603468693	167	FRUCTOSE
5357.516603468693	5357.6363313598495	30	ARE
5357.6363313598495	5358.095288275949	276	NATURAL
5358.095288275949	5358.52431321926	414	SUGARS
5358.52431321926	5358.803678298625	163	FOUND
5358.803678298625	5358.923406189781	217	IN
5358.923406189781	5359.332476484566	168	FRUIT
5359.332476484566	5366.1518125	99999	sp
5366.1518125	5366.650678713152	229	JOHN'S
5366.650678713152	5367.0697263322	66	BROTHER
5367.0697263322	5367.708275085034	363	REPAINTED
5367.708275085034	5367.798071003402	434	THE
5367.798071003402	5368.177209325397	173	GARAGE
5368.177209325397	5368.606234268707	129	DOOR
5368.606234268707	5377.1058125	99999	sp
5377.1058125	5377.265449688209	438	THEY
5377.265449688209	5377.614656037415	296	OFTEN
5377.614656037415	5377.79424787415	184	GO
5377.79424787415	5378.003771683673	306	OUT
5378.003771683673	5378.12349957483	217	IN
5378.12349957483	5378.203318168935	434	THE
5378.203318168935	5378.772025651928	143	EVENING
5378.772025651928	5386.345197528544	99999	sp
5386.345197528544	5386.694403877751	303	ORANGE
5386.694403877751	5386.973768957116	230	JUICE
5386.973768957116	5387.362884603374	425	TASTES
5387.362884603374	5387.622295034213	171	FUNNY
5387.622295034213	5387.951546734894	10	AFTER
5387.951546734894	5389.078984376617	449	TOOTHPASTE
5389.078984376617	5395.235201017946	99999	sp
5395.235201017946	5395.328840564647	19	AN
5395.328840564647	5395.684180510008	9	ADULT
5395.684180510008	5395.88372699527	255	MALE
5395.88372699527	5396.332706587107	42	BABOON'S
5396.332706587107	5396.582139693683	430	TEETH
5396.582139693683	5396.651980963524	30	ARE
5396.651980963524	5396.871482097311	285	NOT
5396.871482097311	5397.290529716358	415	SUITABLE
5397.290529716358	5397.400280283251	161	FOR
5397.400280283251	5397.619781417039	135	EATING
5397.619781417039	5398.298239466925	376	SHELLFISH
5398.298239466925	5407.232219631597	99999	sp
5407.232219631597	5407.412008740017	128	DO
5407.412008740017	5407.960564302799	38	ATYPICAL
5407.960564302799	5408.479385164477	151	FARMERS
5408.479385164477	5408.708863622527	197	GROW
5408.708863622527	5409.167820538627	291	OATS
5409.167820538627	5415.087794901409	99999	sp
5415.087794901409	5415.237454765354	434	THE
5415.237454765354	5415.596638438825	369	ROSE
5415.596638438825	5416.175323246081	106	CORSAGE
5416.175323246081	5416.644257486443	393	SMELLED
5416.644257486443	5417.392556806171	421	SWEET
5417.392556806171	5425.8631875	99999	sp
5425.8631875	5425.9629607426305	434	THE
5425.9629607426305	5426.401963010204	160	FOOTBALL
5426.401963010204	5426.621464143991	428	TEAM
5426.621464143991	5426.9806478174605	95	COACH
5426.9806478174605	5427.140285005669	201	HAS
5427.140285005669	5427.180194302721	1	A
5427.180194302721	5427.559332624717	474	WATCH
5427.559332624717	5427.689037840136	34	AS
5427.689037840136	5427.998334892291	439	THIN
5427.998334892291	5428.1180627834465	34	AS
5428.1180627834465	5428.177926729025	1	A
5428.177926729025	5428.726679563492	123	DIME
5428.726679563492	5436.564731178293	99999	sp
5436.564731178293	5436.824141609132	441	THIS
5436.824141609132	5436.973801473078	472	WAS
5436.973801473078	5437.253166552443	133	EASY
5437.253166552443	5437.512576983282	161	FOR
5437.512576983282	5437.881737981014	460	US
5437.881737981014	5445.4576875	99999	sp
5445.4576875	5445.806893849207	46	BARB'S
5445.806893849207	5446.076281604308	188	GOLD
5446.076281604308	5446.555193168934	63	BRACELET
5446.555193168934	5446.6948757086175	472	WAS
5446.6948757086175	5446.724807681406	1	A
5446.724807681406	5447.423220379818	193	GRADUATION
5447.423220379818	5447.862222647393	339	PRESENT
5447.862222647393	5454.310687055994	99999	sp
5454.310687055994	5454.480301169373	208	HIS
5454.480301169373	5454.859439491368	413	SUDDEN
5454.859439491368	5455.408192325835	117	DEPARTURE
5455.408192325835	5455.956945160302	377	SHOCKED
5455.956945160302	5456.056718402932	434	THE
5456.056718402932	5456.625425885926	79	CAST
5456.625425885926	5464.01866021078	99999	sp
5464.01866021078	5464.05025	1	A
5464.05025	5464.687140936403	371	SCREWDRIVER
5464.687140936403	5464.866732773138	224	IS
5464.866732773138	5465.066279258399	252	MADE
5465.066279258399	5465.225916446607	166	FROM
5465.225916446607	5465.535213498762	469	VODKA
5465.535213498762	5465.69485068697	20	AND
5465.69485068697	5466.044057036177	303	ORANGE
5466.044057036177	5466.453127330961	230	JUICE
5466.453127330961	5474.865625	99999	sp
5474.865625	5475.005307539683	476	WE
5475.005307539683	5475.154967403629	30	ARE
5475.154967403629	5475.534105725625	301	OPEN
5475.534105725625	5475.8833120748295	145	EVERY
5475.8833120748295	5476.252473072563	265	MONDAY
5476.252473072563	5476.851112528345	143	EVENING
5476.851112528345	5484.110375	99999	sp
5484.110375	5484.728969104309	194	GRANDMOTHER
5484.728969104309	5485.187926020409	309	OUTGREW
5485.187926020409	5485.287699263039	204	HER
5485.287699263039	5485.81649744898	459	UPBRINGING
5485.81649744898	5485.956179988662	217	IN
5485.956179988662	5486.704020313085	323	PETTICOATS
5486.704020313085	5495.6041875	99999	sp
5495.6041875	5495.803733985261	375	SHE
5495.803733985261	5495.983325821995	490	WORE
5495.983325821995	5496.322554846938	471	WARM
5496.322554846938	5496.771534438776	158	FLEECY
5496.771534438776	5497.1007861394555	489	WOOLEN
5497.1007861394555	5497.8191534863945	311	OVERALLS
5497.8191534863945	5505.2947833900425	99999	sp
5505.2947833900425	5505.454420578251	438	THEY
5505.454420578251	5505.803626927457	360	REMAINED
5505.803626927457	5506.30249314061	239	LIFELONG
5506.30249314061	5506.671654138342	164	FRIENDS
5506.671654138342	5506.86122329934	20	AND
5506.86122329934	5507.6793638889085	99	COMPANIONS
5507.6793638889085	5515.731875	99999	sp
5515.731875	5515.901489512472	434	THE
5515.901489512472	5516.280627834468	141	ESSAY
5516.280627834468	5517.058859126984	454	UNDENIABLY
5517.058859126984	5517.547748015873	358	REFLECTS
5517.547748015873	5517.7672491496605	305	OUR
5517.7672491496605	5517.9967276077095	467	VIEW
5517.9967276077095	5518.505571145125	3	ABLY
5518.505571145125	5526.211705125172	99999	sp
5526.211705125172	5526.40127428617	213	I'D
5526.40127428617	5526.660684717009	353	RATHER
5526.660684717009	5526.880185850795	285	NOT
5526.880185850795	5527.159550930161	72	BUY
5527.159550930161	5527.329165442632	437	THESE
5527.329165442632	5527.9178275741515	378	SHOES
5527.9178275741515	5528.237101950569	432	THAN
5528.237101950569	5528.386761814514	47	BE
5528.386761814514	5529.174970431294	313	OVERCHARGED
5529.174970431294	5537.991875	99999	sp
5537.991875	5538.161489512471	210	HOW
5538.161489512471	5538.281217403628	128	DO
5538.281217403628	5538.710242346939	318	OYSTERS
5538.710242346939	5538.909788832199	253	MAKE
5538.909788832199	5538.939720804989	99999	sp
5538.939720804989	5539.518405612245	320	PEARLS
5539.518405612245	5546.5956974435	99999	sp
5546.5956974435	5546.685493361868	434	THE
5546.685493361868	5547.024722386811	21	ANGRY
5547.024722386811	5547.224268872073	62	BOY
5547.224268872073	5547.713157760961	23	ANSWERED
5547.713157760961	5547.8727949491695	70	BUT
5547.8727949491695	5548.092296082957	122	DIDN'T
5548.092296082957	5548.311797216744	249	LOOK
5548.311797216744	5548.800686105632	458	UP
5548.800686105632	5556.650625	99999	sp
5556.650625	5556.910035430839	434	THE
5556.910035430839	5557.289173752834	165	FRIGHTENED
5557.289173752834	5557.628402777778	89	CHILD
5557.628402777778	5557.788039965986	472	WAS
5557.788039965986	5558.0374730725625	176	GENTLY
5558.0374730725625	5558.4964299886615	410	SUBDUED
5558.4964299886615	5558.636112528345	73	BY
5558.636112528345	5558.7957497165535	208	HIS
5558.7957497165535	5558.815704365079	99999	sp
5558.815704365079	5558.975341553288	52	BIG
5558.975341553288	5559.384411848073	66	BROTHER
5559.384411848073	5567.1045206761455	99999	sp
5567.1045206761455	5567.503613646667	270	MUM
5567.503613646667	5567.922661265715	407	STRONGLY
5567.922661265715	5568.3317315605	126	DISLIKES
5568.3317315605	5569.209736095647	27	APPETIZERS
5569.209736095647	5576.1426875	99999	sp
5576.1426875	5576.6814630102035	44	BAGPIPES
5576.6814630102035	5576.771258928571	20	AND
5576.771258928571	5577.320011763039	59	BONGOS
5577.320011763039	5577.3998303571425	30	ARE
5577.3998303571425	5577.868764597506	273	MUSICAL
5577.868764597506	5578.736791808389	220	INSTRUMENTS
5578.736791808389	5586.2055625	99999	sp
5586.2055625	5586.43504095805	367	RIGHT
5586.43504095805	5586.694451388889	288	NOW
5586.694451388889	5586.864065901361	257	MAY
5586.864065901361	5587.1234763322	285	NOT
5587.1234763322	5587.392864087302	434	THE
5587.392864087302	5587.45272803288	99999	sp
5587.45272803288	5587.68220649093	257	MAY
5587.68220649093	5587.91168494898	285	NOT
5587.91168494898	5588.121208758504	47	BE
5588.121208758504	5588.191050028345	434	THE
5588.191050028345	5588.470415107709	51	BEST
5588.470415107709	5588.769734835601	445	TIME
5588.769734835601	5588.8794854024945	161	FOR
5588.8794854024945	5589.298533021542	69	BUSINESS
5589.298533021542	5589.996945719955	260	MERGERS
5589.996945719955	5596.913003387587	99999	sp
5596.913003387587	5597.057909546145	76	CAN
5597.057909546145	5597.2246508792805	434	THE
5597.2246508792805	5597.777733479395	11	AGENCY
5597.777733479395	5598.376372935177	315	OVERTHROW
5598.376372935177	5598.765488581435	13	ALIEN
5598.765488581435	5599.4040373342705	162	FORCES
5599.4040373342705	5607.557125383976	99999	sp
5607.557125383976	5607.8056538885	433	THAT
5607.8056538885	5608.317303168548	326	PICKPOCKET
5608.317303168548	5608.500871994214	472	WAS
5608.500871994214	5608.839367701115	80	CAUGHT
5608.839367701115	5609.142711930762	356	RED
5609.142711930762	5609.792890867902	199	HANDED
5609.792890867902	5618.32375	99999	sp
5618.32375	5618.633047052154	483	WHICH
5618.633047052154	5618.952321428572	247	LONG
5618.952321428572	5619.451187641724	31	ARTICLE
5619.451187641724	5619.630779478458	472	WAS
5619.630779478458	5620.139623015873	300	OPAQUE
5620.139623015873	5620.249373582767	20	AND
5620.249373582767	5620.538715986395	279	NEEDED
5620.538715986395	5621.426697845805	93	CLARIFICATION
5621.426697845805	5628.293699316645	99999	sp
5628.293699316645	5628.897783962808	84	CHALLENGE
5628.897783962808	5629.182901500544	132	EACH
5629.182901500544	5629.694550780591	175	GENERALS
5629.694550780591	5630.621508254875	221	INTELLIGENCE
5630.621508254875	5638.4045625	99999	sp
5638.4045625	5638.624063633787	482	WHEN
5638.624063633787	5638.923383361678	322	PEELING
5638.923383361678	5639.043111252835	19	AN
5639.043111252835	5639.492090844671	303	ORANGE
5639.492090844671	5639.5918640873015	225	IT
5639.5918640873015	5639.721569302721	224	IS
5639.721569302721	5640.160571570295	200	HARD
5640.160571570295	5640.370095379819	285	NOT
5640.370095379819	5640.43993664966	446	TO
5640.43993664966	5640.729279053288	401	SPRAY
5640.729279053288	5641.268054563492	230	JUICE
5641.268054563492	5757.184	99999	sp
