716.037224984495	716.1500000000001	30	ARE
716.1500000000001	716.3165329553548	496	YOUR
716.3165329553548	716.7	192	GRADES
716.7	717.2500000000001	206	HIGHER
717.2500000000001	717.34	302	OR
717.34	717.7554991005036	251	LOWER
717.7554991005036	717.98	432	THAN
717.98	718.73	275	NANCY'S
718.73	729.1979712220943	99999	sp
729.1979712220943	729.3900000000001	375	SHE
729.3900000000001	729.6723503487663	490	WORE
729.6723503487663	730.0500000000001	471	WARM
730.0500000000001	730.57	158	FLEECY
730.57	730.97	489	WOOLEN
730.97	731.8100000000001	311	OVERALLS
731.8100000000001	743.2436243278564	99999	sp
743.2436243278564	743.6100000000001	354	READING
743.6100000000001	743.8688104988944	217	IN
743.8688104988944	744.115607431448	335	POOR
744.115607431448	744.5258333157359	240	LIGHT
744.5258333157359	744.7522872668915	181	GIVES
744.7522872668915	744.8800000000001	495	YOU
744.8800000000001	745.6800000000001	150	EYESTRAIN
745.6800000000001	756.408783896149	99999	sp
756.408783896149	756.6362113857317	142	EVEN
756.6362113857317	756.8800000000001	211	I
756.8800000000001	757.5500000000001	293	OCCASIONALLY
757.5500000000001	757.8187974958455	177	GET
757.8187974958455	757.8900000000001	434	THE
757.8900000000001	758.2800000000001	265	MONDAY
758.2800000000001	758.8700000000001	56	BLUES
758.8700000000001	769.8921211257588	99999	sp
769.8921211257588	770.0052088672544	476	WE
770.0052088672544	770.1747129399348	30	ARE
770.1747129399348	770.5726648187018	301	OPEN
770.5726648187018	770.95	145	EVERY
770.95	771.379057027875	265	MONDAY
771.379057027875	772.0400000000001	143	EVENING
772.0400000000001	781.9267134215993	99999	sp
781.9267134215993	782.1279847064003	226	IT'S
782.1279847064003	782.4086053212517	285	NOT
782.4086053212517	782.8682064292201	133	EASY
782.8682064292201	783.010533980615	446	TO
783.010533980615	783.5500000000001	113	CREATE
783.5500000000001	783.6872514866687	99999	sp
783.6872514866687	784.4200000000001	215	ILLUMINATING
784.4200000000001	785.3000000000001	146	EXAMPLES
785.3000000000001	794.8362954405972	99999	sp
794.8362954405972	795.07	270	MUM
795.07	795.57	407	STRONGLY
795.57	796.1400000000001	126	DISLIKES
796.1400000000001	797.1000000000001	27	APPETIZERS
797.1000000000001	806.4190310915372	99999	sp
806.4190310915372	806.69	443	THOSE
806.69	806.8508602491155	484	WHO
806.8508602491155	807.1300000000001	427	TEACH
807.1300000000001	807.6800000000001	462	VALUES
807.6800000000001	808.0500000000001	156	FIRST
808.0500000000001	808.6235492895096	4	ABOLISH
808.6235492895096	809.22	87	CHEATING
809.22	819.4042985101006	99999	sp
819.4042985101006	819.46	434	THE
819.46	819.96	165	FRIGHTENED
819.96	820.3000000000001	89	CHILD
820.3000000000001	820.5376950419773	472	WAS
820.5376950419773	820.887941772618	176	GENTLY
820.887941772618	821.4736126988803	410	SUBDUED
821.4736126988803	821.6400000000001	73	BY
821.6400000000001	821.8774183965295	208	HIS
821.8774183965295	822.0300000000001	52	BIG
822.0300000000001	822.6000000000001	66	BROTHER
822.6000000000001	832.6020606950074	99999	sp
832.6020606950074	832.8560458877325	142	EVEN
832.8560458877325	832.97	1	A
832.97	833.5000000000001	383	SIMPLE
833.5000000000001	834.3450037556481	468	VOCABULARY
834.3450037556481	835.2269333239784	468	VOCABULARY
835.2269333239784	835.69	104	CONTAINS
835.69	836.3700000000001	422	SYMBOLS
836.3700000000001	847.371667036981	99999	sp
847.371667036981	847.5643727993875	1	A
847.5643727993875	847.9089038789505	110	CRAB
847.9089038789505	848.3800000000001	85	CHALLENGED
848.3800000000001	848.6500000000001	258	ME
848.6500000000001	848.8700000000001	70	BUT
848.8700000000001	849.0100000000001	1	A
849.0100000000001	849.1057634696994	99999	sp
849.1057634696994	849.3900000000001	350	QUICK
849.3900000000001	849.7900000000001	402	STAB
849.7900000000001	850.3800000000001	464	VANQUISHED
850.3800000000001	850.6200000000001	207	HIM
850.6200000000001	861.5917122306244	99999	sp
861.5917122306244	862.1711608110257	183	GLUCOSE
862.1711608110257	862.2711842781796	20	AND
862.2711842781796	862.9615777304878	167	FRUCTOSE
862.9615777304878	863.0500000000001	30	ARE
863.0500000000001	863.5489584066395	276	NATURAL
863.5489584066395	864.0500000000001	414	SUGARS
864.0500000000001	864.3300000000002	163	FOUND
864.3300000000002	864.45	217	IN
864.45	864.8700000000001	168	FRUIT
864.8700000000001	875.0805426190946	99999	sp
875.0805426190946	875.22	30	ARE
875.22	875.4200000000001	495	YOU
875.4200000000001	875.7357422112766	250	LOOKING
875.7357422112766	876.01	161	FOR
876.01	876.8600000000001	136	EMPLOYMENT
876.8600000000001	887.8090020526554	99999	sp
887.8090020526554	888.3000000000001	98	COFFEE
888.3000000000001	888.4989383962413	224	IS
888.4989383962413	888.7900000000001	198	GROWN
888.7900000000001	888.9200000000001	297	ON
888.9200000000001	889.6003314915606	404	STEEP
889.6003314915606	889.9100000000001	231	JUNGLE
889.9100000000001	890.1200000000001	241	LIKE
890.1200000000001	890.7028716537036	390	SLOPES
890.7028716537036	890.8642539986498	217	IN
890.8642539986498	891.3199057250458	431	TEMPERATE
891.3199057250458	891.9300000000001	497	ZONES
891.9300000000001	898.3800000000001	99999	sp
898.3800000000001	901.7708528311359	99999	sp
901.7708528311359	901.8910856574887	476	WE
901.8910856574887	902.22	480	WELCOME
902.22	902.5208364851161	256	MANY
902.5208364851161	902.7700000000001	282	NEW
902.7700000000001	903.3753711800895	408	STUDENTS
903.3753711800895	903.6778254786789	132	EACH
903.6778254786789	904.07	491	YEAR
904.07	907.3900000000001	99999	sp
907.3900000000001	914.6376664004731	99999	sp
914.6376664004731	914.8946541488826	298	ONLY
914.8946541488826	915.1091766853042	434	THE
915.1091766853042	915.4424732556183	51	BEST
915.4424732556183	915.9437295034458	330	PLAYERS
915.9437295034458	916.3086154803947	139	ENJOY
916.3086154803947	917.24	336	POPULARITY
917.24	929.2786913907382	99999	sp
929.2786913907382	930.0	75	CALCIUM
930.0	930.47	254	MAKES
930.47	930.5600000000001	99999	sp
930.5600000000001	931.1300000000001	58	BONES
931.1300000000001	931.4487946064987	99999	sp
931.4487946064987	931.6838175900868	20	AND
931.6838175900868	932.0258528840831	430	TEETH
932.0258528840831	932.6800000000001	406	STRONG
932.6800000000001	944.2569096566882	99999	sp
944.2569096566882	944.82	286	NOTHING
944.82	945.087294888545	224	IS
945.087294888545	945.5400000000001	34	AS
945.5400000000001	945.6402391070724	99999	sp
945.6402391070724	946.3500000000001	295	OFFENSIVE
946.3500000000001	946.7126491796188	34	AS
946.7126491796188	947.49	219	INNOCENCE
947.49	958.3170618159281	99999	sp
958.3170618159281	958.9267841472652	405	STEVE
958.9267841472652	959.3100000000001	490	WORE
959.3100000000001	959.3735303661406	99999	sp
959.3735303661406	959.51	1	A
959.51	960.2032533785346	65	BRIGHT
960.2032533785346	960.5715292687055	356	RED
960.5715292687055	961.1000000000001	78	CASHMERE
961.1000000000001	961.69	420	SWEATER
961.69	970.7674831432671	99999	sp
970.7674831432671	971.170902657152	46	BARB'S
971.170902657152	971.506596645499	188	GOLD
971.506596645499	972.0	63	BRACELET
972.0	972.2343380947834	472	WAS
972.2343380947834	972.4327881066849	1	A
972.4327881066849	973.2242623436332	193	GRADUATION
973.2242623436332	973.6700000000001	339	PRESENT
973.6700000000001	984.8743991029658	99999	sp
984.8743991029658	985.1409049161311	130	DRAW
985.1409049161311	985.5600000000001	145	EVERY
985.5600000000001	985.8500000000001	308	OUTER
985.8500000000001	986.1723191308831	244	LINE
986.1723191308831	986.8090016697042	156	FIRST
986.8090016697042	987.042515779624	436	THEN
987.042515779624	987.3664714241979	154	FILL
987.3664714241979	987.51	217	IN
987.51	987.6317849237805	434	THE
987.6317849237805	988.46	222	INTERIOR
988.46	1000.2245549185461	99999	sp
1000.2245549185461	1000.2900000000001	434	THE
1000.2900000000001	1000.7176778514495	475	WATER
1000.7176778514495	1001.3982945742033	103	CONTAINED
1001.3982945742033	1001.71	448	TOO
1001.71	1002.0766295242115	269	MUCH
1002.0766295242115	1002.5731808119065	90	CHLORINE
1002.5731808119065	1002.74	20	AND
1002.74	1003.139009347689	409	STUNG
1003.139009347689	1003.2773647246104	208	HIS
1003.2773647246104	1003.8700000000001	149	EYES
1003.8700000000001	1013.361738865731	99999	sp
1013.361738865731	1013.9182856377031	229	JOHN'S
1013.9182856377031	1014.3000000000001	66	BROTHER
1014.3000000000001	1014.8700000000001	363	REPAINTED
1014.8700000000001	1014.95	434	THE
1014.95	1015.6040339400286	173	GARAGE
1015.6040339400286	1016.01	129	DOOR
1016.01	1028.3278286766945	99999	sp
1028.3278286766945	1028.7873820216325	84	CHALLENGE
1028.7873820216325	1029.13	132	EACH
1029.13	1029.1902986494235	99999	sp
1029.1902986494235	1029.7947281448326	175	GENERAL'S
1029.7947281448326	1030.76	221	INTELLIGENCE
1030.76	1039.481413790534	99999	sp
1039.481413790534	1040.526480639686	17	AMBIDEXTROUS
1040.526480639686	1041.2852048661562	327	PICKPOCKETS
1041.2852048661562	1041.9139498950526	6	ACCOMPLISH
1041.9139498950526	1042.3	267	MORE
1042.3	1052.5989243701858	99999	sp
1052.5989243701858	1052.72	1	A
1052.72	1053.385953100563	271	MUSCULAR
1053.385953100563	1053.8600000000001	2	ABDOMEN
1053.8600000000001	1054.0888306221984	224	IS
1054.0888306221984	1054.25	189	GOOD
1054.25	1054.45	161	FOR
1054.45	1054.5900000000001	496	YOUR
1054.5900000000001	1054.97	43	BACK
1054.97	1063.26	99999	sp
1063.26	1065.4180275867652	99999	sp
1065.4180275867652	1065.6138495422126	438	THEY
1065.6138495422126	1065.8080663996645	317	OWN
1065.8080663996645	1065.9083850243815	1	A
1065.9083850243815	1066.1885510094264	52	BIG
1066.1885510094264	1066.7354869832327	209	HOUSE
1066.7354869832327	1066.82	217	IN
1066.82	1066.88	434	THE
1066.88	1067.3510150453506	361	REMOTE
1067.3510150453506	1068.0900000000001	109	COUNTRYSIDE
1068.0900000000001	1077.482899350992	99999	sp
1077.482899350992	1077.563942135535	434	THE
1077.563942135535	1078.14	369	ROSE
1078.14	1078.2767162486987	99999	sp
1078.2767162486987	1079.0	106	CORSAGE
1079.0	1079.39	393	SMELLED
1079.39	1079.8100000000002	421	SWEET
1079.8100000000002	1089.1231385252852	99999	sp
1089.1231385252852	1089.32	433	THAT
1089.32	1089.382762692231	99999	sp
1089.382762692231	1089.97	326	PICKPOCKET
1089.97	1090.214098383982	472	WAS
1090.214098383982	1090.51	80	CAUGHT
1090.51	1090.7700000000002	356	RED
1090.7700000000002	1091.3400000000001	199	HANDED
1091.3400000000001	1101.7782642664572	99999	sp
1101.7782642664572	1101.8781619374597	19	AN
1101.8781619374597	1102.43	9	ADULT
1102.43	1102.597241099798	99999	sp
1102.597241099798	1102.94	255	MALE
1102.94	1103.7035698309567	42	BABOON'S
1103.7035698309567	1104.0600000000002	430	TEETH
1104.0600000000002	1104.13	30	ARE
1104.13	1104.3774896590082	285	NOT
1104.3774896590082	1104.91	415	SUITABLE
1104.91	1105.1564330607575	161	FOR
1105.1564330607575	1105.49	135	EATING
1105.49	1106.26	376	SHELLFISH
1106.26	1115.7129567109803	99999	sp
1115.7129567109803	1115.89	204	HER
1115.89	1116.46	470	WARDROBE
1116.46	1116.9849595548187	102	CONSISTS
1116.9849595548187	1117.09	294	OF
1117.09	1117.26	298	ONLY
1117.26	1117.7205043829156	385	SKIRTS
1117.7205043829156	1117.89	20	AND
1117.89	1118.6200000000001	54	BLOUSES
1118.6200000000001	1128.41	99999	sp
1128.41	1128.92	99999	sp
1128.92	1129.080557935007	99999	sp
1129.080557935007	1129.2149489092687	434	THE
1129.2149489092687	1129.5000000000002	453	TWO
1129.5000000000002	1130.0936159136788	33	ARTISTS
1130.0936159136788	1130.9012747705854	147	EXCHANGED
1130.9012747705854	1131.7	39	AUTOGRAPHS
1131.7	1144.0770516136984	99999	sp
1144.0770516136984	1144.71	71	BUTTERSCOTCH
1144.71	1145.28	169	FUDGE
1145.28	1145.4279913081498	99999	sp
1145.4279913081498	1145.7500000000002	186	GOES
1145.7500000000002	1145.9855283227369	99999	sp
1145.9855283227369	1146.3500000000001	481	WELL
1146.3500000000001	1146.73	487	WITH
1146.73	1147.3531376940773	463	VANILLA
1147.3531376940773	1147.6852982539651	212	ICE
1147.6852982539651	1148.01	112	CREAM
1148.01	1156.73	99999	sp
1156.73	1157.392592901862	99999	sp
1157.392592901862	1157.8393026541614	366	RICH
1157.8393026541614	1158.5600000000002	349	PURCHASED
1158.5600000000002	1159.17	374	SEVERAL
1159.17	1159.69	382	SIGNED
1159.69	1160.57	245	LITHOGRAPHS
1160.57	1171.7181402919107	99999	sp
1171.7181402919107	1171.9893940911209	24	ANY
1171.9893940911209	1172.88	105	CONTRIBUTIONS
1172.88	1172.98	485	WILL
1172.98	1173.1100000000001	47	BE
1173.1100000000001	1173.6000000000001	195	GREATLY
1173.6000000000001	1174.43	28	APPRECIATED
1174.43	1184.5190638521265	99999	sp
1184.5190638521265	1184.6399263044325	434	THE
1184.6399263044325	1185.24	111	CRANBERRY
1185.24	1185.74	57	BOG
1185.74	1185.98	178	GETS
1185.98	1186.3326077282313	465	VERY
1186.3326077282313	1186.67	340	PRETTY
1186.67	1186.7700000000002	217	IN
1186.7700000000002	1187.22	40	AUTUMN
1187.22	1195.96	99999	sp
1195.96	1198.813743066919	99999	sp
1198.813743066919	1199.0260628727483	210	HOW
1199.0260628727483	1199.2800000000002	128	DO
1199.2800000000002	1199.8100000000002	318	OYSTERS
1199.8100000000002	1200.1091603569137	253	MAKE
1200.1091603569137	1200.7	320	PEARLS
1200.7	1209.179436629291	99999	sp
1209.179436629291	1209.4081551193105	257	MAY
1209.4081551193105	1209.5900000000001	211	I
1209.5900000000001	1210.0	304	ORDER
1210.0	1210.2150645239228	1	A
1210.2150645239228	1210.8000000000002	319	PARFAIT
1210.8000000000002	1211.1100000000001	10	AFTER
1211.1100000000001	1211.1911393022851	211	I
1211.1911393022851	1211.4224470582292	134	EAT
1211.4224470582292	1211.7900000000002	124	DINNER
1211.7900000000002	1221.3271733954723	99999	sp
1221.3271733954723	1221.45	224	IS
1221.45	1221.69	375	SHE
1221.69	1222.0300000000002	187	GOING
1222.0300000000002	1222.3136837128009	487	WITH
1222.3136837128009	1222.5300000000002	495	YOU
1222.5300000000002	1231.205301234351	99999	sp
1231.205301234351	1231.41	76	CAN
1231.41	1231.5700000000002	434	THE
1231.5700000000002	1232.26	11	AGENCY
1232.26	1232.97	315	OVERTHROW
1232.97	1233.3700000000001	13	ALIEN
1233.3700000000001	1234.0900000000001	162	FORCES
1234.0900000000001	1244.1324061469109	99999	sp
1244.1324061469109	1244.2800000000002	1	A
1244.2800000000002	1245.0500000000002	371	SCREWDRIVER
1245.0500000000002	1245.2284502464533	224	IS
1245.2284502464533	1245.5071494024169	252	MADE
1245.5071494024169	1245.8100000000002	166	FROM
1245.8100000000002	1246.3600000000001	469	VODKA
1246.3600000000001	1246.6000000000001	20	AND
1246.6000000000001	1247.0640828365642	303	ORANGE
1247.0640828365642	1247.5900000000001	230	JUICE
1247.5900000000001	1258.4187196163984	99999	sp
1258.4187196163984	1258.603420585697	210	HOW
1258.603420585697	1258.801930973261	269	MUCH
1258.801930973261	1259.3732171787212	16	ALLOWANCE
1259.3732171787212	1259.48	128	DO
1259.48	1259.64	495	YOU
1259.64	1259.9125688054528	177	GET
1259.9125688054528	1270.922910197613	99999	sp
1270.922910197613	1271.5426078422693	115	CYCLICAL
1271.5426078422693	1272.14	346	PROGRAMS
1272.14	1272.25	485	WILL
1272.25	1272.623116346263	281	NEVER
1272.623116346263	1273.3200000000002	100	COMPILE
1273.3200000000002	1283.0931651457624	99999	sp
1283.0931651457624	1283.2528365444552	434	THE
1283.2528365444552	1283.7032903400939	61	BOSTON
1283.7032903400939	1284.1305192176771	45	BALLET
1284.1305192176771	1284.75	312	OVERCAME
1284.75	1284.8666553536798	435	THEIR
1284.8666553536798	1285.370699120364	170	FUNDING
1285.370699120364	1286.0800000000002	380	SHORTAGE
1286.0800000000002	1296.4440477772996	99999	sp
1296.4440477772996	1296.929888207243	145	EVERY
1296.929888207243	1297.3000000000002	74	CAB
1297.3000000000002	1297.71	280	NEEDS
1297.71	1297.7652795370275	99999	sp
1297.7652795370275	1298.497100229822	364	REPAINTING
1298.497100229822	1299.19	296	OFTEN
1299.19	1308.1853473715926	99999	sp
1308.1853473715926	1308.5615755440551	203	HELP
1308.5615755440551	1308.9404714577097	196	GREG
1308.9404714577097	1309.1001428564025	446	TO
1309.1001428564025	1309.41	325	PICK
1309.41	1309.5997927046114	1	A
1309.5997927046114	1309.88	321	PECK
1309.88	1310.071902191557	294	OF
1310.071902191557	1310.92	338	POTATOES
1310.92	1322.1877037810295	99999	sp
1322.1877037810295	1322.46	476	WE
1322.46	1322.6321944314443	241	LIKE
1322.6321944314443	1322.9912393063428	55	BLUE
1322.9912393063428	1323.49	88	CHEESE
1323.49	1323.5461268276129	99999	sp
1323.5461268276129	1323.6669592374344	70	BUT
1323.6669592374344	1324.0200000000002	466	VICTOR
1324.0200000000002	1324.4	242	LIKES
1324.4	1325.0	64	BRIE
1325.0	1335.2848380529513	99999	sp
1335.2848380529513	1335.4945685928558	108	COUNT
1335.4945685928558	1335.5567109750498	434	THE
1335.5567109750498	1335.9312129702291	289	NUMBER
1335.9312129702291	1336.1072830531118	294	OF
1336.1072830531118	1336.6872786202553	429	TEASPOONS
1336.6872786202553	1336.7700000000002	294	OF
1336.7700000000002	1337.5494256979287	395	SOYSAUCE
1337.5494256979287	1337.702977000863	433	THAT
1337.702977000863	1337.91	495	YOU
1337.91	1338.28	7	ADD
1338.28	1347.6517984371242	99999	sp
1347.6517984371242	1348.5735771063341	44	BAGPIPES
1348.5735771063341	1348.8643595032802	20	AND
1348.8643595032802	1349.5366270798054	59	BONGOS
1349.5366270798054	1349.66	30	ARE
1349.66	1350.2460859431862	273	MUSICAL
1350.2460859431862	1351.0500000000002	220	INSTRUMENTS
1351.0500000000002	1361.8173576730676	99999	sp
1361.8173576730676	1362.0590224927107	210	HOW
1362.0590224927107	1362.3200000000002	189	GOOD
1362.3200000000002	1362.46	224	IS
1362.46	1362.74	496	YOUR
1362.74	1363.5800000000002	138	ENDURANCE
1363.5800000000002	1384.4041505229186	99999	sp
2002.0400000000002	2003.64	99999	sp
2003.64	2004.3700000000001	99999	sp
2004.3700000000001	2007.6614190605944	99999	sp
2007.6614190605944	2007.82628367636	30	ARE
2007.82628367636	2007.9911482921254	496	YOUR
2007.9911482921254	2008.41	192	GRADES
2008.41	2008.8300000000002	206	HIGHER
2008.8300000000002	2008.924608846042	302	OR
2008.924608846042	2009.24	251	LOWER
2009.24	2009.43	432	THAN
2009.43	2010.21	275	NANCY'S
2010.21	2019.1558483020297	99999	sp
2019.1558483020297	2019.4	375	SHE
2019.4	2020.0068406569374	490	WORE
2020.0068406569374	2020.42	471	WARM
2020.42	2020.99	158	FLEECY
2020.99	2021.4190158152248	489	WOOLEN
2021.4190158152248	2022.3000000000002	311	OVERALLS
2022.3000000000002	2032.0600000000002	99999	sp
2032.0600000000002	2032.6000000000001	354	READING
2032.6000000000001	2032.7711870654612	217	IN
2032.7711870654612	2033.0300000000002	335	POOR
2033.0300000000002	2033.398908101201	240	LIGHT
2033.398908101201	2033.6574272159824	181	GIVES
2033.6574272159824	2033.8400000000001	495	YOU
2033.8400000000001	2034.6200000000001	150	EYESTRAIN
2034.6200000000001	2044.0581462224702	99999	sp
2044.0581462224702	2044.3793897752487	142	EVEN
2044.3793897752487	2044.588498108833	211	I
2044.588498108833	2045.26	293	OCCASIONALLY
2045.26	2045.5636279559105	177	GET
2045.5636279559105	2045.63	434	THE
2045.63	2046.0200000000002	265	MONDAY
2046.0200000000002	2046.63	56	BLUES
2046.63	2056.6440593526368	99999	sp
2056.6440593526368	2056.74	476	WE
2056.74	2056.8962052355723	30	ARE
2056.8962052355723	2057.2623016617576	301	OPEN
2057.2623016617576	2057.66	145	EVERY
2057.66	2058.101987591416	265	MONDAY
2058.101987591416	2058.7	143	EVENING
2058.7	2068.6491325332618	99999	sp
2068.6491325332618	2068.9	226	IT'S
2068.9	2069.178881335391	285	NOT
2069.178881335391	2069.601953033201	133	EASY
2069.601953033201	2069.7483009603734	446	TO
2069.7483009603734	2070.35	113	CREATE
2070.35	2070.530387552933	99999	sp
2070.530387552933	2071.29	215	ILLUMINATING
2071.29	2072.21	146	EXAMPLES
2072.21	2081.376154590393	99999	sp
2081.376154590393	2081.61	270	MUM
2081.61	2082.0619281797403	407	STRONGLY
2082.0619281797403	2082.7261365353766	126	DISLIKES
2082.7261365353766	2083.65	27	APPETIZERS
2083.65	2093.1552261654015	99999	sp
2093.1552261654015	2093.41	443	THOSE
2093.41	2093.592844741073	484	WHO
2093.592844741073	2093.9	427	TEACH
2093.9	2094.5	462	VALUES
2094.5	2094.87	156	FIRST
2094.87	2095.4	4	ABOLISH
2095.4	2096.12	87	CHEATING
2096.12	2106.47631751747	99999	sp
2106.47631751747	2106.54	434	THE
2106.54	2107.0899999999997	165	FRIGHTENED
2107.0899999999997	2107.7401734854498	89	CHILD
2107.7401734854498	2108.0086245433586	472	WAS
2108.0086245433586	2108.36	176	GENTLY
2108.36	2109.317756941366	410	SUBDUED
2109.317756941366	2109.47	73	BY
2109.47	2109.6901299081105	208	HIS
2109.6901299081105	2109.8799999999997	52	BIG
2109.8799999999997	2109.998038822849	99999	sp
2109.998038822849	2110.46	66	BROTHER
2110.46	2121.6409284383653	99999	sp
2121.6409284383653	2121.868829524865	142	EVEN
2121.868829524865	2121.96	1	A
2121.96	2122.39	383	SIMPLE
2122.39	2123.2798915100434	468	VOCABULARY
2123.2798915100434	2123.81	104	CONTAINS
2123.81	2124.5899999999997	422	SYMBOLS
2124.5899999999997	2135.100059113751	99999	sp
2135.100059113751	2135.26734820916	1	A
2135.26734820916	2135.6504159928504	110	CRAB
2135.6504159928504	2136.14	85	CHALLENGED
2136.14	2136.44	258	ME
2136.44	2136.63373439583	99999	sp
2136.63373439583	2136.7222279028215	70	BUT
2136.7222279028215	2136.83	1	A
2136.83	2136.910026008488	99999	sp
2136.910026008488	2137.19	350	QUICK
2137.19	2137.5699999999997	402	STAB
2137.5699999999997	2138.172351477977	464	VANQUISHED
2138.172351477977	2138.4099504830506	207	HIM
2138.4099504830506	2142.74	99999	sp
2142.74	2148.390652562779	99999	sp
2148.390652562779	2148.950353210658	183	GLUCOSE
2148.950353210658	2149.0763098613443	20	AND
2149.0763098613443	2149.8757780012643	167	FRUCTOSE
2149.8757780012643	2150.02	30	ARE
2150.02	2150.474414267727	276	NATURAL
2150.474414267727	2151.06	414	SUGARS
2151.06	2151.44	163	FOUND
2151.44	2151.58	217	IN
2151.58	2151.97	168	FRUIT
2151.97	2161.6669690496233	99999	sp
2161.6669690496233	2161.79	30	ARE
2161.79	2161.95	495	YOU
2161.95	2162.27	250	LOOKING
2162.27	2162.6299999999997	161	FOR
2162.6299999999997	2163.24	136	EMPLOYMENT
2163.24	2174.0177287128886	99999	sp
2174.0177287128886	2174.400796496579	98	COFFEE
2174.400796496579	2174.5878714700584	224	IS
2174.5878714700584	2174.87	198	GROWN
2174.87	2175.02	297	ON
2175.02	2175.5476682087888	404	STEEP
2175.5476682087888	2176.0	231	JUNGLE
2176.0	2176.21	241	LIKE
2176.21	2176.8326572525	390	SLOPES
2176.8326572525	2176.989660254987	217	IN
2176.989660254987	2177.46	431	TEMPERATE
2177.46	2178.0499999999997	497	ZONES
2178.0499999999997	2186.683295521499	99999	sp
2186.683295521499	2186.7999999999997	476	WE
2186.7999999999997	2187.17	480	WELCOME
2187.17	2187.459107948926	256	MANY
2187.459107948926	2187.7	282	NEW
2187.7	2188.440235896814	408	STUDENTS
2188.440235896814	2188.73	132	EACH
2188.73	2189.08	491	YEAR
2189.08	2199.0560104593965	99999	sp
2199.0560104593965	2199.2999999999997	298	ONLY
2199.2999999999997	2199.4	434	THE
2199.4	2199.89	51	BEST
2199.89	2200.4020436521773	330	PLAYERS
2200.4020436521773	2200.9082497315285	139	ENJOY
2200.9082497315285	2201.81	336	POPULARITY
2201.81	2212.595815145553	99999	sp
2212.595815145553	2213.22	75	CALCIUM
2213.22	2213.6	254	MAKES
2213.6	2213.7081980854623	99999	sp
2213.7081980854623	2214.1975108154925	58	BONES
2214.1975108154925	2214.4245116949073	20	AND
2214.4245116949073	2214.74	430	TEETH
2214.74	2215.43	406	STRONG
2215.43	2225.623007183583	99999	sp
2225.623007183583	2226.11	286	NOTHING
2226.11	2226.518354524134	224	IS
2226.518354524134	2226.85	34	AS
2226.85	2227.47	295	OFFENSIVE
2227.47	2227.9786861840275	34	AS
2227.9786861840275	2228.71	219	INNOCENCE
2228.71	2237.4504815631494	99999	sp
2237.4504815631494	2237.8799999999997	405	STEVE
2237.8799999999997	2238.0699999999997	490	WORE
2238.0699999999997	2238.16	1	A
2238.16	2238.64	65	BRIGHT
2238.64	2238.763919238581	99999	sp
2238.763919238581	2239.176080777995	356	RED
2239.176080777995	2239.7599999999998	78	CASHMERE
2239.7599999999998	2240.37	420	SWEATER
2240.37	2248.7295073246273	99999	sp
2248.7295073246273	2249.146517823329	46	BARB'S
2249.146517823329	2249.494643618211	188	GOLD
2249.494643618211	2250.0	63	BRACELET
2250.0	2250.31	472	WAS
2250.31	2250.44	1	A
2250.44	2251.381116579561	193	GRADUATION
2251.381116579561	2251.92	339	PRESENT
2251.92	2261.36	99999	sp
2261.36	2261.8154739173774	130	DRAW
2261.8154739173774	2262.2799999999997	145	EVERY
2262.2799999999997	2262.6	308	OUTER
2262.6	2262.921319960018	244	LINE
2262.921319960018	2263.5400872678997	156	FIRST
2263.5400872678997	2263.81	436	THEN
2263.81	2264.24	154	FILL
2264.24	2264.46	217	IN
2264.46	2264.69	434	THE
2264.69	2265.5	222	INTERIOR
2265.5	2275.905018600703	99999	sp
2275.905018600703	2275.97	434	THE
2275.97	2276.3935301903616	475	WATER
2276.3935301903616	2276.9431998284003	103	CONTAINED
2276.9431998284003	2277.1	448	TOO
2277.1	2277.416753440747	269	MUCH
2277.416753440747	2278.0010530348573	90	CHLORINE
2278.0010530348573	2278.158384021132	20	AND
2278.158384021132	2278.5099999999998	409	STUNG
2278.5099999999998	2278.69	208	HIS
2278.69	2279.2	149	EYES
2279.2	2288.472706016484	99999	sp
2288.472706016484	2288.86	229	JOHN'S
2288.86	2289.2999999999997	66	BROTHER
2289.2999999999997	2289.89	363	REPAINTED
2289.89	2290.021438342588	434	THE
2290.021438342588	2290.6317199717173	173	GARAGE
2290.6317199717173	2291.04	129	DOOR
2291.04	2300.849436368256	99999	sp
2300.849436368256	2301.3291826514665	84	CHALLENGE
2301.3291826514665	2301.67	132	EACH
2301.67	2301.7512550754786	99999	sp
2301.7512550754786	2302.43792887191	175	GENERAL'S
2302.43792887191	2303.35	221	INTELLIGENCE
2303.35	2311.951096421342	99999	sp
2311.951096421342	2313.02	17	AMBIDEXTROUS
2313.02	2313.3092520123405	99999	sp
2313.3092520123405	2314.0099999999998	327	PICKPOCKETS
2314.0099999999998	2314.6416744254707	6	ACCOMPLISH
2314.6416744254707	2314.98	267	MORE
2314.98	2324.6455440196523	99999	sp
2324.6455440196523	2324.7599999999998	1	A
2324.7599999999998	2325.389817153183	271	MUSCULAR
2325.389817153183	2325.906471339139	2	ABDOMEN
2325.906471339139	2326.125214567039	224	IS
2326.125214567039	2326.29	189	GOOD
2326.29	2326.5	161	FOR
2326.5	2326.6299999999997	496	YOUR
2326.6299999999997	2327.16	43	BACK
2327.16	2335.93665006229	99999	sp
2335.93665006229	2336.07	438	THEY
2336.07	2336.23	317	OWN
2336.23	2336.31	1	A
2336.31	2336.61	52	BIG
2336.61	2337.1	209	HOUSE
2337.1	2337.19	217	IN
2337.19	2337.25	434	THE
2337.25	2337.6991625290793	361	REMOTE
2337.6991625290793	2338.5299999999997	109	COUNTRYSIDE
2338.5299999999997	2346.22	99999	sp
2346.22	2347.692710139212	99999	sp
2347.692710139212	2347.77	434	THE
2347.77	2348.3130653185117	369	ROSE
2348.3130653185117	2348.94	106	CORSAGE
2348.94	2349.2799999999997	393	SMELLED
2349.2799999999997	2349.660220163596	421	SWEET
2349.660220163596	2357.79187863021	99999	sp
2357.79187863021	2358.0464489927886	433	THAT
2358.0464489927886	2358.66	326	PICKPOCKET
2358.66	2358.8653349379815	472	WAS
2358.8653349379815	2359.1299999999997	80	CAUGHT
2359.1299999999997	2359.3799999999997	356	RED
2359.3799999999997	2359.96	199	HANDED
2359.96	2364.33	99999	sp
2364.33	2367.1	99999	sp
2367.1	2371.077524053236	99999	sp
2371.077524053236	2371.1699999999996	19	AN
2371.1699999999996	2371.6699999999996	9	ADULT
2371.6699999999996	2372.33	255	MALE
2372.33	2372.590443675164	99999	sp
2372.590443675164	2373.351991765749	42	BABOON'S
2373.351991765749	2373.83	430	TEETH
2373.83	2373.94	30	ARE
2373.94	2374.23	285	NOT
2374.23	2374.5786927544596	415	SUITABLE
2374.5786927544596	2374.79	161	FOR
2374.79	2375.06	135	EATING
2375.06	2375.83	376	SHELLFISH
2375.83	2386.538758522148	99999	sp
2386.538758522148	2386.66	204	HER
2386.66	2387.247918817904	470	WARDROBE
2387.247918817904	2387.9040884853644	102	CONSISTS
2387.9040884853644	2388.033404423071	294	OF
2388.033404423071	2388.27	298	ONLY
2388.27	2388.787712248747	385	SKIRTS
2388.787712248747	2388.9531659025874	20	AND
2388.9531659025874	2389.68	54	BLOUSES
2389.68	2391.9199999999996	99999	sp
2391.9199999999996	2400.0499999999993	99999	sp
2400.0499999999993	2400.21002652844	434	THE
2400.21002652844	2400.4459829994435	453	TWO
2400.4459829994435	2401.144483536181	33	ARTISTS
2401.144483536181	2401.9793146371117	147	EXCHANGED
2401.9793146371117	2402.7699999999995	39	AUTOGRAPHS
2402.7699999999995	2412.653913247918	99999	sp
2412.653913247918	2413.2499999999995	71	BUTTERSCOTCH
2413.2499999999995	2413.7899999999995	169	FUDGE
2413.7899999999995	2413.902172054609	99999	sp
2413.902172054609	2414.1189696668557	186	GOES
2414.1189696668557	2414.4516366971734	481	WELL
2414.4516366971734	2414.7399999999993	487	WITH
2414.7399999999993	2415.0599999999995	463	VANILLA
2415.0599999999995	2415.4099999999994	212	ICE
2415.4099999999994	2415.7499999999995	112	CREAM
2415.7499999999995	2426.3331519121753	99999	sp
2426.3331519121753	2426.795989605298	366	RICH
2426.795989605298	2427.4799999999996	349	PURCHASED
2427.4799999999996	2428.0499999999993	374	SEVERAL
2428.0499999999993	2428.5999999999995	382	SIGNED
2428.5999999999995	2429.4599999999996	245	LITHOGRAPHS
2429.4599999999996	2440.917807843437	99999	sp
2440.917807843437	2441.200148919852	24	ANY
2441.200148919852	2442.0999999999995	105	CONTRIBUTIONS
2442.0999999999995	2442.2299999999996	485	WILL
2442.2299999999996	2442.3399999999992	47	BE
2442.3399999999992	2442.859999999999	195	GREATLY
2442.859999999999	2443.7799999999993	28	APPRECIATED
2443.7799999999993	2454.7050335277713	99999	sp
2454.7050335277713	2454.8199866803116	434	THE
2454.8199866803116	2455.4799999999996	111	CRANBERRY
2455.4799999999996	2455.9592507039183	57	BOG
2455.9592507039183	2456.1899999999996	178	GETS
2456.1899999999996	2456.510824163914	465	VERY
2456.510824163914	2456.859999999999	340	PRETTY
2456.859999999999	2457.0491968356196	217	IN
2457.0491968356196	2457.5399999999995	40	AUTUMN
2457.5399999999995	2467.903284599117	99999	sp
2467.903284599117	2468.131174182223	210	HOW
2468.131174182223	2468.2899999999995	128	DO
2468.2899999999995	2468.886344765165	318	OYSTERS
2468.886344765165	2469.2221289739014	253	MAKE
2469.2221289739014	2469.7799999999993	320	PEARLS
2469.7799999999993	2479.2081094249	99999	sp
2479.2081094249	2479.4299999999994	257	MAY
2479.4299999999994	2479.5599999999995	211	I
2479.5599999999995	2479.9239539293417	304	ORDER
2479.9239539293417	2480.1972197568716	1	A
2480.1972197568716	2480.73458436658	319	PARFAIT
2480.73458436658	2481.1199999999994	10	AFTER
2481.1199999999994	2481.2499999999995	211	I
2481.2499999999995	2481.5120306877075	134	EAT
2481.5120306877075	2481.9599999999996	124	DINNER
2481.9599999999996	2490.809299986472	99999	sp
2490.809299986472	2490.9199999999996	224	IS
2490.9199999999996	2491.20558585444	375	SHE
2491.20558585444	2491.5120357980804	187	GOING
2491.5120357980804	2491.75303407402	487	WITH
2491.75303407402	2491.9499999999994	495	YOU
2491.9499999999994	2501.5433927924933	99999	sp
2501.5433927924933	2501.7199999999993	76	CAN
2501.7199999999993	2501.899252424506	434	THE
2501.899252424506	2502.609999999999	11	AGENCY
2502.609999999999	2503.2999999999993	315	OVERTHROW
2503.2999999999993	2503.7293358197985	13	ALIEN
2503.7293358197985	2504.5099999999993	162	FORCES
2504.5099999999993	2513.154666963937	99999	sp
2513.154666963937	2513.2799999999993	1	A
2513.2799999999993	2513.9899999999993	371	SCREWDRIVER
2513.9899999999993	2514.145793718893	224	IS
2514.145793718893	2514.4299999999994	252	MADE
2514.4299999999994	2514.6299999999997	166	FROM
2514.6299999999997	2515.1299999999997	469	VODKA
2515.1299999999997	2515.3869939986735	20	AND
2515.3869939986735	2515.8588151442136	303	ORANGE
2515.8588151442136	2516.3299999999995	230	JUICE
2516.3299999999995	2521.4399999999996	99999	sp
2521.4399999999996	2526.548539767808	99999	sp
2526.548539767808	2526.7310531064904	210	HOW
2526.7310531064904	2526.958942689597	269	MUCH
2526.958942689597	2527.5599999999995	16	ALLOWANCE
2527.5599999999995	2527.5910932321012	99999	sp
2527.5910932321012	2527.8299999999995	128	DO
2527.8299999999995	2528.0468723983136	495	YOU
2528.0468723983136	2528.4299999999994	177	GET
2528.4299999999994	2537.84328038574	99999	sp
2537.84328038574	2538.429046322833	115	CYCLICAL
2538.429046322833	2539.2499999999995	346	PROGRAMS
2539.2499999999995	2540.0766160804533	99999	sp
2540.0766160804533	2540.1996361208912	485	WILL
2540.1996361208912	2540.5625539808243	281	NEVER
2540.5625539808243	2541.2499999999995	100	COMPILE
2541.2499999999995	2551.319837594601	99999	sp
2551.319837594601	2551.485208796501	434	THE
2551.485208796501	2551.9067036891483	61	BOSTON
2551.9067036891483	2552.3399999999992	45	BALLET
2552.3399999999992	2553.0699999999993	312	OVERCAME
2553.0699999999993	2553.1999999999994	435	THEIR
2553.1999999999994	2553.6699999999996	170	FUNDING
2553.6699999999996	2554.3199999999993	380	SHORTAGE
2554.3199999999993	2563.8758545135697	99999	sp
2563.8758545135697	2564.2348310250113	145	EVERY
2564.2348310250113	2564.5917908144784	74	CAB
2564.5917908144784	2564.8721151689188	280	NEEDS
2564.8721151689188	2565.359999999999	364	REPAINTING
2565.359999999999	2565.9399999999996	296	OFTEN
2565.9399999999996	2575.3248752595123	99999	sp
2575.3248752595123	2575.678718169551	203	HELP
2575.678718169551	2576.0235776271716	196	GREG
2576.0235776271716	2576.164748165379	446	TO
2576.164748165379	2576.40877152428	325	PICK
2576.40877152428	2576.5761594481546	1	A
2576.5761594481546	2576.8392498693456	321	PECK
2576.8392498693456	2577.054030759618	294	OF
2577.054030759618	2577.8399999999992	338	POTATOES
2577.8399999999992	2588.9778965381024	99999	sp
2588.9778965381024	2589.0899999999992	476	WE
2589.0899999999992	2589.378215850019	241	LIKE
2589.378215850019	2589.6181139685045	55	BLUE
2589.6181139685045	2590.0587677199087	88	CHEESE
2590.0587677199087	2590.1699999999996	70	BUT
2590.1699999999996	2590.5299999999993	466	VICTOR
2590.5299999999993	2590.8603226092723	242	LIKES
2590.8603226092723	2591.3299999999995	64	BRIE
2591.3299999999995	2600.5942134114525	99999	sp
2600.5942134114525	2600.860420712072	108	COUNT
2600.860420712072	2600.9259641762396	434	THE
2600.9259641762396	2601.3399999999992	289	NUMBER
2601.3399999999992	2601.5288719511254	294	OF
2601.5288719511254	2602.1066627967884	429	TEASPOONS
2602.1066627967884	2602.1799999999994	294	OF
2602.1799999999994	2602.978803254245	395	SOYSAUCE
2602.978803254245	2603.1399999999994	433	THAT
2603.1399999999994	2603.3499999999995	495	YOU
2603.3499999999995	2603.7299999999996	7	ADD
2603.7299999999996	2613.215773196609	99999	sp
2613.215773196609	2613.798605847208	44	BAGPIPES
2613.798605847208	2613.980110824903	20	AND
2613.980110824903	2614.557809874099	59	BONGOS
2614.557809874099	2614.671754665652	30	ARE
2614.671754665652	2615.239370104976	273	MUSICAL
2615.239370104976	2616.0699999999993	220	INSTRUMENTS
2616.0699999999993	2625.3342535425923	99999	sp
2625.3342535425923	2625.607519370122	210	HOW
2625.607519370122	2625.8786763802204	189	GOOD
2625.8786763802204	2626.1055576023396	224	IS
2626.1055576023396	2626.2999999999993	496	YOUR
2626.2999999999993	2627.0799999999995	138	ENDURANCE
2627.0799999999995	2653.1999999999994	99999	sp
3278.46557022639	3278.6399999999994	30	ARE
3278.6399999999994	3278.8336218394743	496	YOUR
3278.8336218394743	3279.2899999999995	192	GRADES
3279.2899999999995	3279.671618255619	206	HIGHER
3279.671618255619	3279.7799999999993	302	OR
3279.7799999999993	3280.1699999999996	251	LOWER
3280.1699999999996	3280.3799999999997	432	THAN
3280.3799999999997	3281.1399999999994	275	NANCY'S
3281.1399999999994	3291.1899999999996	99999	sp
3291.1899999999996	3291.4999999999995	375	SHE
3291.4999999999995	3291.7899999999995	490	WORE
3291.7899999999995	3292.2399999999993	471	WARM
3292.2399999999993	3292.9899999999993	158	FLEECY
3292.9899999999993	3293.1131481864545	99999	sp
3293.1131481864545	3293.590798789382	489	WOOLEN
3293.590798789382	3294.4799999999996	311	OVERALLS
3294.4799999999996	3294.4999999999995	99999	sp
3294.4999999999995	3304.3923448765067	99999	sp
3304.3923448765067	3304.8893110371123	354	READING
3304.8893110371123	3305.158252268651	217	IN
3305.158252268651	3305.3799999999997	335	POOR
3305.3799999999997	3305.7399999999993	240	LIGHT
3305.7399999999993	3306.1115151519552	181	GIVES
3306.1115151519552	3306.307033959514	495	YOU
3306.307033959514	3307.0799999999995	150	EYESTRAIN
3307.0799999999995	3316.1040108900966	99999	sp
3316.1040108900966	3316.4099999999994	142	EVEN
3316.4099999999994	3316.774340685686	211	I
3316.774340685686	3317.7299999999996	293	OCCASIONALLY
3317.7299999999996	3317.92531895233	99999	sp
3317.92531895233	3318.1240936017275	177	GET
3318.1240936017275	3318.1899999999996	434	THE
3318.1899999999996	3318.609999999999	265	MONDAY
3318.609999999999	3319.1799999999994	56	BLUES
3319.1799999999994	3327.821406264459	99999	sp
3327.821406264459	3327.9446705778223	476	WE
3327.9446705778223	3328.073703815266	30	ARE
3328.073703815266	3328.4579042970004	301	OPEN
3328.4579042970004	3328.859999999999	145	EVERY
3328.859999999999	3329.387388829171	265	MONDAY
3329.387388829171	3330.0799999999995	143	EVENING
3330.0799999999995	3339.0658807463074	99999	sp
3339.0658807463074	3339.2599999999993	226	IT'S
3339.2599999999993	3339.518031723486	285	NOT
3339.518031723486	3339.9404175565223	133	EASY
3339.9404175565223	3340.0955444108026	446	TO
3340.0955444108026	3340.609999999999	113	CREATE
3340.609999999999	3340.6870885176036	99999	sp
3340.6870885176036	3341.4251804768196	215	ILLUMINATING
3341.4251804768196	3342.3699999999994	146	EXAMPLES
3342.3699999999994	3350.425951037202	99999	sp
3350.425951037202	3350.6699999999996	270	MUM
3350.6699999999996	3351.32465180543	407	STRONGLY
3351.32465180543	3352.1609336224487	126	DISLIKES
3352.1609336224487	3353.2499999999995	27	APPETIZERS
3353.2499999999995	3363.352280835963	99999	sp
3363.352280835963	3363.6299999999997	443	THOSE
3363.6299999999997	3363.781118736978	484	WHO
3363.781118736978	3364.0799999999995	427	TEACH
3364.0799999999995	3364.6899999999996	462	VALUES
3364.6899999999996	3365.1017500894677	156	FIRST
3365.1017500894677	3365.7599999999993	4	ABOLISH
3365.7599999999993	3365.8340235351016	99999	sp
3365.8340235351016	3366.3999999999996	87	CHEATING
3366.3999999999996	3376.783987517768	99999	sp
3376.783987517768	3376.8399999999997	434	THE
3376.8399999999997	3377.3799999999997	165	FRIGHTENED
3377.3799999999997	3377.8299999999995	89	CHILD
3377.8299999999995	3378.163822084412	472	WAS
3378.163822084412	3378.5099999999993	176	GENTLY
3378.5099999999993	3379.0916739533036	410	SUBDUED
3379.0916739533036	3379.2299999999996	73	BY
3379.2299999999996	3379.4899999999993	208	HIS
3379.4899999999993	3379.5359084786496	99999	sp
3379.5359084786496	3379.792015757601	52	BIG
3379.792015757601	3380.2399999999993	66	BROTHER
3380.2399999999993	3390.67180313193	99999	sp
3390.67180313193	3390.9329270906424	142	EVEN
3390.9329270906424	3391.0399999999995	1	A
3391.0399999999995	3391.4949640270124	383	SIMPLE
3391.4949640270124	3392.35541982824	468	VOCABULARY
3392.35541982824	3392.8699999999994	104	CONTAINS
3392.8699999999994	3393.5799999999995	422	SYMBOLS
3393.5799999999995	3404.4757171985348	99999	sp
3404.4757171985348	3404.666624985603	1	A
3404.666624985603	3405.0690823004325	110	CRAB
3405.0690823004325	3405.609999999999	85	CHALLENGED
3405.609999999999	3405.859999999999	258	ME
3405.859999999999	3406.0799999999995	70	BUT
3406.0799999999995	3406.3111062697553	1	A
3406.3111062697553	3406.6199999999994	350	QUICK
3406.6199999999994	3406.9999999999995	402	STAB
3406.9999999999995	3407.6546668615847	464	VANQUISHED
3407.6546668615847	3407.8647652950262	207	HIM
3407.8647652950262	3412.1199999999994	99999	sp
3412.1199999999994	3417.0541328803833	99999	sp
3417.0541328803833	3417.6407098952523	183	GLUCOSE
3417.6407098952523	3417.7799999999993	20	AND
3417.7799999999993	3418.6499999999996	167	FRUCTOSE
3418.6499999999996	3418.8748944735703	99999	sp
3418.8748944735703	3418.9899999999993	30	ARE
3418.9899999999993	3419.5109366595807	276	NATURAL
3419.5109366595807	3419.9599999999996	414	SUGARS
3419.9599999999996	3420.2399999999993	163	FOUND
3420.2399999999993	3420.3499999999995	217	IN
3420.3499999999995	3420.7599999999993	168	FRUIT
3420.7599999999993	3431.191769878073	99999	sp
3431.191769878073	3431.323708826036	30	ARE
3431.323708826036	3431.5299999999993	495	YOU
3431.5299999999993	3431.8899999999994	250	LOOKING
3431.8899999999994	3432.2099999999996	161	FOR
3432.2099999999996	3432.8099999999995	136	EMPLOYMENT
3432.8099999999995	3442.2481844350586	99999	sp
3442.2481844350586	3442.609999999999	98	COFFEE
3442.609999999999	3442.7906853970503	224	IS
3442.7906853970503	3443.086830970468	198	GROWN
3443.086830970468	3443.2299999999996	297	ON
3443.2299999999996	3443.8834482717134	404	STEEP
3443.8834482717134	3444.1899999999996	231	JUNGLE
3444.1899999999996	3444.4099999999994	241	LIKE
3444.4099999999994	3445.0499999999993	390	SLOPES
3445.0499999999993	3445.214990435153	217	IN
3445.214990435153	3445.7099999999996	431	TEMPERATE
3445.7099999999996	3446.3399999999997	497	ZONES
3446.3399999999997	3454.5250550800797	99999	sp
3454.5250550800797	3454.5999999999995	476	WE
3454.5999999999995	3455.0499999999993	480	WELCOME
3455.0499999999993	3455.2899999999995	256	MANY
3455.2899999999995	3455.5499999999993	282	NEW
3455.5499999999993	3456.219776708153	408	STUDENTS
3456.219776708153	3456.5254974627032	132	EACH
3456.5254974627032	3456.9399999999996	491	YEAR
3456.9399999999996	3465.932238436286	99999	sp
3465.932238436286	3466.1699999999996	298	ONLY
3466.1699999999996	3466.2499999999995	434	THE
3466.2499999999995	3466.760175291919	51	BEST
3466.760175291919	3467.3199999999993	330	PLAYERS
3467.3199999999993	3467.8042066570106	139	ENJOY
3467.8042066570106	3468.609999999999	336	POPULARITY
3468.609999999999	3478.5610347232023	99999	sp
3478.5610347232023	3479.1999999999994	75	CALCIUM
3479.1999999999994	3479.5799999999995	254	MAKES
3479.5799999999995	3479.7187369329895	99999	sp
3479.7187369329895	3480.175144542284	58	BONES
3480.175144542284	3480.3852429757258	20	AND
3480.3852429757258	3480.710717907226	430	TEETH
3480.710717907226	3481.2999999999993	406	STRONG
3481.2999999999993	3490.1995733655517	99999	sp
3490.1995733655517	3490.6299999999997	286	NOTHING
3490.6299999999997	3491.032089854508	224	IS
3491.032089854508	3491.3915557931673	34	AS
3491.3915557931673	3492.0361102677343	295	OFFENSIVE
3492.0361102677343	3492.472255360152	34	AS
3492.472255360152	3493.1899999999996	219	INNOCENCE
3493.1899999999996	3493.7299999999996	99999	sp
3493.7299999999996	3494.0499999999993	99999	{CG}
3494.0499999999993	3501.6499999999996	99999	sp
3501.6499999999996	3502.0999999999995	405	STEVE
3502.0999999999995	3502.3299999999995	490	WORE
3502.3299999999995	3502.4599999999996	1	A
3502.4599999999996	3503.0400408430723	65	BRIGHT
3503.0400408430723	3503.415617514117	356	RED
3503.415617514117	3504.0199999999995	78	CASHMERE
3504.0199999999995	3504.5899999999997	420	SWEATER
3504.5899999999997	3513.2824780983096	99999	sp
3513.2824780983096	3513.6834753408925	46	BARB'S
3513.6834753408925	3513.98033797381	188	GOLD
3513.98033797381	3514.4899999999993	63	BRACELET
3514.4899999999993	3514.7699999999995	472	WAS
3514.7699999999995	3514.930347860947	1	A
3514.930347860947	3515.8242765345935	193	GRADUATION
3515.8242765345935	3516.2899999999995	339	PRESENT
3516.2899999999995	3525.859999999999	99999	sp
3525.859999999999	3526.2198290993997	130	DRAW
3526.2198290993997	3526.6299999999997	145	EVERY
3526.6299999999997	3526.9199999999996	308	OUTER
3526.9199999999996	3527.2211327169975	244	LINE
3527.2211327169975	3527.909704227512	156	FIRST
3527.909704227512	3528.208953317449	436	THEN
3528.208953317449	3528.628636104831	154	FILL
3528.628636104831	3528.9206780802515	217	IN
3528.9206780802515	3529.0499999999997	434	THE
3529.0499999999997	3529.9099999999994	222	INTERIOR
3529.9099999999994	3539.973816920663	99999	sp
3539.973816920663	3540.0299999999993	434	THE
3540.0299999999993	3540.469859587674	475	WATER
3540.469859587674	3541.2761102171175	103	CONTAINED
3541.2761102171175	3541.4799999999996	448	TOO
3541.4799999999996	3541.80188774701	269	MUCH
3541.80188774701	3542.3299999999995	90	CHLORINE
3542.3299999999995	3542.4881583763827	20	AND
3542.4881583763827	3542.8552928402805	409	STUNG
3542.8552928402805	3543.0816749226456	208	HIS
3543.0816749226456	3543.6399999999994	149	EYES
3543.6399999999994	3552.607574477013	99999	sp
3552.607574477013	3552.9999999999995	229	JOHN'S
3552.9999999999995	3553.5699999999993	66	BROTHER
3553.5699999999993	3554.13871411369	99999	sp
3554.13871411369	3554.7199999999993	363	REPAINTED
3554.7199999999993	3554.8556915977365	434	THE
3554.8556915977365	3555.3617149506804	173	GARAGE
3555.3617149506804	3555.7099999999996	129	DOOR
3555.7099999999996	3565.4033874803195	99999	sp
3565.4033874803195	3565.9094689803273	84	CHALLENGE
3565.9094689803273	3566.2299999999996	132	EACH
3566.2299999999996	3566.3087086148653	99999	sp
3566.3087086148653	3566.917410114442	175	GENERAL'S
3566.917410114442	3567.9099999999994	221	INTELLIGENCE
3567.9099999999994	3576.8842535238086	99999	sp
3576.8842535238086	3577.899999999999	17	AMBIDEXTROUS
3577.899999999999	3577.9670237781947	99999	sp
3577.9670237781947	3578.8299999999995	327	PICKPOCKETS
3578.8299999999995	3579.091484519902	99999	sp
3579.091484519902	3579.7299999999996	6	ACCOMPLISH
3579.7299999999996	3580.109999999999	267	MORE
3580.109999999999	3587.8799999999997	99999	sp
3587.8799999999997	3589.117701342619	99999	sp
3589.117701342619	3589.2151204304323	1	A
3589.2151204304323	3589.7999999999993	271	MUSCULAR
3589.7999999999993	3590.3199999999997	2	ABDOMEN
3590.3199999999997	3590.557612670235	224	IS
3590.557612670235	3590.7399999999993	189	GOOD
3590.7399999999993	3590.9541477507423	161	FOR
3590.9541477507423	3591.077785422116	496	YOUR
3591.077785422116	3591.6399999999994	43	BACK
3591.6399999999994	3600.6347713646146	99999	sp
3600.6347713646146	3600.7799999999993	438	THEY
3600.7799999999993	3600.9199999999996	317	OWN
3600.9199999999996	3600.9999999999995	1	A
3600.9999999999995	3601.2899999999995	52	BIG
3601.2899999999995	3601.6784688928888	209	HOUSE
3601.6784688928888	3601.7799999999993	217	IN
3601.7799999999993	3601.8499999999995	434	THE
3601.8499999999995	3602.325631340655	361	REMOTE
3602.325631340655	3603.1199999999994	109	COUNTRYSIDE
3603.1199999999994	3611.3099999999995	99999	sp
3611.3099999999995	3612.2480195997573	99999	sp
3612.2480195997573	3612.325851898617	434	THE
3612.325851898617	3612.692073346937	369	ROSE
3612.692073346937	3613.3299999999995	106	CORSAGE
3613.3299999999995	3613.7184912769203	393	SMELLED
3613.7184912769203	3614.2499999999995	421	SWEET
3614.2499999999995	3621.8885728526107	99999	sp
3621.8885728526107	3622.1220697491904	433	THAT
3622.1220697491904	3622.7192555125753	326	PICKPOCKET
3622.7192555125753	3622.933089512601	472	WAS
3622.933089512601	3623.269742052284	80	CAUGHT
3623.269742052284	3623.5299999999993	356	RED
3623.5299999999993	3624.1399999999994	199	HANDED
3624.1399999999994	3634.568383164361	99999	sp
3634.568383164361	3634.603612520687	19	AN
3634.603612520687	3635.1999999999994	9	ADULT
3635.1999999999994	3635.3572823247882	99999	sp
3635.3572823247882	3635.798878209899	255	MALE
3635.798878209899	3636.4837278760606	42	BABOON'S
3636.4837278760606	3636.8302864278266	430	TEETH
3636.8302864278266	3636.9417095083	30	ARE
3636.9417095083	3637.2199999999993	285	NOT
3637.2199999999993	3637.710945772173	415	SUITABLE
3637.710945772173	3637.9399999999996	161	FOR
3637.9399999999996	3638.2299999999996	135	EATING
3638.2299999999996	3639.0599999999995	376	SHELLFISH
3639.0599999999995	3648.3189282653475	99999	sp
3648.3189282653475	3648.4699999999993	204	HER
3648.4699999999993	3649.1603363803915	470	WARDROBE
3649.1603363803915	3650.136777781633	102	CONSISTS
3650.136777781633	3650.3710939655693	294	OF
3650.3710939655693	3650.6199999999994	298	ONLY
3650.6199999999994	3651.186210321402	385	SKIRTS
3651.186210321402	3651.3934900225763	20	AND
3651.3934900225763	3652.1999999999994	54	BLOUSES
3652.1999999999994	3656.7099999999996	99999	sp
3656.7099999999996	3657.7399999999993	99999	sp
3657.7399999999993	3662.10470147754	99999	sp
3662.10470147754	3662.24889605227	434	THE
3662.24889605227	3662.5199999999995	453	TWO
3662.5199999999995	3663.1599999999994	33	ARTISTS
3663.1599999999994	3663.211484132258	99999	sp
3663.211484132258	3664.030696769233	147	EXCHANGED
3664.030696769233	3664.8599999999997	39	AUTOGRAPHS
3664.8599999999997	3674.9640107510722	99999	sp
3674.9640107510722	3675.5499999999993	71	BUTTERSCOTCH
3675.5499999999993	3676.2509620603973	169	FUDGE
3676.2509620603973	3676.5599999999995	186	GOES
3676.5599999999995	3676.8999999999996	481	WELL
3676.8999999999996	3677.197983680614	487	WITH
3677.197983680614	3677.5599999999995	463	VANILLA
3677.5599999999995	3677.8893876456273	212	ICE
3677.8893876456273	3678.1799999999994	112	CREAM
3678.1799999999994	3687.7855587093236	99999	sp
3687.7855587093236	3688.2909844444293	366	RICH
3688.2909844444293	3688.9699999999993	349	PURCHASED
3688.9699999999993	3689.497720156631	374	SEVERAL
3689.497720156631	3689.9299999999994	382	SIGNED
3689.9299999999994	3690.8799999999997	245	LITHOGRAPHS
3690.8799999999997	3701.0446061159037	99999	sp
3701.0446061159037	3701.283838023978	24	ANY
3701.283838023978	3702.2799999999993	105	CONTRIBUTIONS
3702.2799999999993	3702.453631241335	485	WILL
3702.453631241335	3702.5999999999995	47	BE
3702.5999999999995	3703.068841482201	195	GREATLY
3703.068841482201	3704.0499999999993	28	APPRECIATED
3704.0499999999993	3714.6878247288387	99999	sp
3714.6878247288387	3714.7959706598863	434	THE
3714.7959706598863	3715.2899999999995	111	CRANBERRY
3715.2899999999995	3715.720052234123	57	BOG
3715.720052234123	3715.9199999999996	178	GETS
3715.9199999999996	3716.2899999999995	465	VERY
3716.2899999999995	3716.7997984060794	99999	sp
3716.7997984060794	3717.1699999999996	340	PRETTY
3717.1699999999996	3717.2899999999995	217	IN
3717.2899999999995	3717.6799999999994	40	AUTUMN
3717.6799999999994	3727.4274430176083	99999	sp
3727.4274430176083	3727.596216213031	210	HOW
3727.596216213031	3727.7999999999993	128	DO
3727.7999999999993	3728.465405534387	318	OYSTERS
3728.465405534387	3728.7988554884505	253	MAKE
3728.7988554884505	3729.3299999999995	320	PEARLS
3729.3299999999995	3738.4762022641767	99999	sp
3738.4762022641767	3738.7199999999993	257	MAY
3738.7199999999993	3738.8599999999997	211	I
3738.8599999999997	3739.2099999999996	304	ORDER
3739.2099999999996	3739.436407045902	1	A
3739.436407045902	3740.0299999999993	319	PARFAIT
3740.0299999999993	3740.4399999999996	10	AFTER
3740.4399999999996	3740.4899999999993	211	I
3740.4899999999993	3740.765961297761	134	EAT
3740.765961297761	3741.2899999999995	124	DINNER
3741.2899999999995	3750.8758913307574	99999	sp
3750.8758913307574	3750.9599999999996	224	IS
3750.9599999999996	3751.132328273317	375	SHE
3751.132328273317	3751.4999999999995	187	GOING
3751.4999999999995	3751.7532735256777	487	WITH
3751.7532735256777	3751.9499999999994	495	YOU
3751.9499999999994	3761.8165788988044	99999	sp
3761.8165788988044	3761.9999999999995	76	CAN
3761.9999999999995	3762.1599999999994	434	THE
3762.1599999999994	3762.8199999999993	11	AGENCY
3762.8199999999993	3763.4899999999993	315	OVERTHROW
3763.4899999999993	3763.517270323122	99999	sp
3763.517270323122	3763.9099999999994	13	ALIEN
3763.9099999999994	3764.6799999999994	162	FORCES
3764.6799999999994	3773.6452248335995	99999	sp
3773.6452248335995	3773.7299999999996	1	A
3773.7299999999996	3774.5899999999997	371	SCREWDRIVER
3774.5899999999997	3774.755284637744	224	IS
3774.755284637744	3775.040563794914	252	MADE
3775.040563794914	3775.2999999999993	166	FROM
3775.2999999999993	3775.8399999999997	469	VODKA
3775.8399999999997	3775.9999999999995	20	AND
3775.9999999999995	3776.5078328136856	303	ORANGE
3776.5078328136856	3776.9799999999996	230	JUICE
3776.9799999999996	3787.30343211148	99999	sp
3787.30343211148	3787.4899999999993	210	HOW
3787.4899999999993	3787.735196548314	269	MUCH
3787.735196548314	3788.4585527202275	16	ALLOWANCE
3788.4585527202275	3788.6099999999997	128	DO
3788.6099999999997	3788.8199999999993	495	YOU
3788.8199999999993	3789.07458224845	177	GET
3789.07458224845	3800.0291231377505	99999	sp
3800.0291231377505	3800.5919735516113	115	CYCLICAL
3800.5919735516113	3801.1799999999994	346	PROGRAMS
3801.1799999999994	3801.2699999999995	485	WILL
3801.2699999999995	3801.6405868040238	281	NEVER
3801.6405868040238	3802.3399999999997	100	COMPILE
3802.3399999999997	3808.2099999999996	99999	sp
3808.2099999999996	3811.172174994113	99999	sp
3811.172174994113	3811.2328022584884	434	THE
3811.2328022584884	3811.7099999999996	61	BOSTON
3811.7099999999996	3812.1299999999997	45	BALLET
3812.1299999999997	3813.0158320621263	88888	OVERCOME
3813.0158320621263	3813.6099999999997	312	OVERCAME
3813.6099999999997	3813.719934981164	435	THEIR
3813.719934981164	3814.1299999999997	170	FUNDING
3814.1299999999997	3814.7799999999993	380	SHORTAGE
3814.7799999999993	3824.7260912851984	99999	sp
3824.7260912851984	3825.186530779507	145	EVERY
3825.186530779507	3825.626413526099	74	CAB
3825.626413526099	3825.9199999999996	280	NEEDS
3825.9199999999996	3826.4599999999996	364	REPAINTING
3826.4599999999996	3826.9499999999994	296	OFTEN
3826.9499999999994	3834.9515413023705	99999	sp
3834.9515413023705	3835.287449118503	203	HELP
3835.287449118503	3835.5766575553193	196	GREG
3835.5766575553193	3835.7576454972827	446	TO
3835.7576454972827	3835.957551612249	325	PICK
3835.957551612249	3836.1255055203155	1	A
3836.1255055203155	3836.3399999999997	321	PECK
3836.3399999999997	3836.499100554843	294	OF
3836.499100554843	3837.2099999999996	338	POTATOES
3837.2099999999996	3849.2305269038884	99999	sp
3849.2305269038884	3849.3362149728664	476	WE
3849.3362149728664	3849.607324524036	241	LIKE
3849.607324524036	3849.8326285470516	55	BLUE
3849.8326285470516	3850.234898639054	88	CHEESE
3850.234898639054	3850.3299999999995	70	BUT
3850.3299999999995	3850.769818718991	466	VICTOR
3850.769818718991	3851.052472856956	242	LIKES
3851.052472856956	3851.128666581103	99999	sp
3851.128666581103	3851.5199999999995	64	BRIE
3851.5199999999995	3861.8783859425785	99999	sp
3861.8783859425785	3862.1299999999997	108	COUNT
3862.1299999999997	3862.2599999999993	434	THE
3862.2599999999993	3862.9699999999993	289	NUMBER
3862.9699999999993	3863.1604960915706	99999	sp
3863.1604960915706	3863.447246666318	294	OF
3863.447246666318	3864.1099999999997	429	TEASPOONS
3864.1099999999997	3864.2099999999996	294	OF
3864.2099999999996	3864.990634762563	395	SOYSAUCE
3864.990634762563	3865.1599999999994	433	THAT
3865.1599999999994	3865.3399999999997	495	YOU
3865.3399999999997	3865.6799999999994	7	ADD
3865.6799999999994	3875.361098641821	99999	sp
3875.361098641821	3875.9699999999993	44	BAGPIPES
3875.9699999999993	3876.1311541930504	20	AND
3876.1311541930504	3876.6251099051665	59	BONGOS
3876.6251099051665	3876.7199999999993	30	ARE
3876.7199999999993	3877.3108534224907	273	MUSICAL
3877.3108534224907	3878.0599999999995	220	INSTRUMENTS
3878.0599999999995	3887.6781655361133	99999	sp
3887.6781655361133	3887.9116624326934	210	HOW
3887.9116624326934	3888.142701467204	189	GOOD
3888.142701467204	3888.2999999999997	224	IS
3888.2999999999997	3888.5299999999993	496	YOUR
3888.5299999999993	3889.2599999999993	138	ENDURANCE
3889.2599999999993	3899.1599999999994	99999	sp
