27.50625	27.775250000000003	375	SHE
27.775250000000003	28.114250000000002	490	WORE
28.114250000000002	28.50625	471	WARM
28.50625	28.91625	158	FLEECY
28.91625	29.18625	489	WOOLEN
29.18625	29.976250000000004	311	OVERALLS
29.976250000000004	38.693375	99999	sp
38.693375	38.983375	354	READING
38.983375	39.123375	217	IN
39.123375	39.334375	335	POOR
39.334375	39.627375	240	LIGHT
39.627375	39.854375000000005	181	GIVES
39.854375000000005	39.966375	495	YOU
39.966375	40.623375	150	EYESTRAIN
40.623375	48.75525	99999	sp
48.75525	48.99125	142	EVEN
48.99125	49.124249999999996	211	I
49.124249999999996	49.59725	293	OCCASIONALLY
49.59725	49.74725	177	GET
49.74725	49.804249999999996	434	THE
49.804249999999996	50.15525	265	MONDAY
50.15525	50.72525	56	BLUES
50.72525	58.3129375	99999	sp
58.3129375	58.3919375	476	WE
58.3919375	58.5259375	30	ARE
58.5259375	58.785937499999996	301	OPEN
58.785937499999996	59.0169375	145	EVERY
59.0169375	59.358937499999996	265	MONDAY
59.358937499999996	59.8369375	143	EVENING
59.8369375	69.35627417181665	99999	sp
69.35627417181665	69.44928466089166	226	ITS
69.44928466089166	69.57091376198977	285	NOT
69.57091376198977	69.90432059205868	133	EASY
69.90432059205868	70.0288115543591	446	TO
70.0288115543591	70.31499767458993	113	CREATE
70.31499767458993	70.87878433144466	215	ILLUMINATING
70.87878433144466	71.56709736751918	146	EXAMPLES
71.56709736751918	80.378	99999	sp
80.378	80.609	270	MUM
80.609	81.04299999999999	407	STRONGLY
81.04299999999999	81.474	126	DISLIKES
81.474	82.304	27	APPETIZERS
82.304	91.32913310374232	99999	sp
91.32913310374232	91.56321300786291	443	THOSE
91.56321300786291	91.71467647523507	484	WHO
91.71467647523507	91.86354261288193	427	TEACH
91.86354261288193	92.43298049474237	462	VALUES
92.43298049474237	92.75426663765298	156	FIRST
92.75426663765298	93.22701624793574	4	ABOLISH
93.22701624793574	93.7204199674056	87	CHEATING
93.7204199674056	103.637	99999	sp
103.637	103.70700000000001	434	THE
103.70700000000001	104.14500000000001	165	FRIGHTENED
104.14500000000001	104.48700000000001	89	CHILD
104.48700000000001	104.671	472	WAS
104.671	104.91600000000001	176	GENTLY
104.91600000000001	105.409	410	SUBDUED
105.409	105.54700000000001	73	BY
105.54700000000001	105.76	208	HIS
105.76	105.932	52	BIG
105.932	106.32600000000001	66	BROTHER
106.32600000000001	115.1081875	99999	sp
115.1081875	115.3081875	142	EVEN
115.3081875	115.3811875	1	A
115.3811875	115.7041875	383	SIMPLE
115.7041875	116.3811875	468	VOCABULARY
116.3811875	116.8371875	104	CONTAINS
116.8371875	117.43718750000001	422	SYMBOLS
117.43718750000001	126.988375	99999	sp
126.988375	127.07537500000001	1	A
127.07537500000001	127.339375	110	CRAB
127.339375	127.779375	85	CHALLENGED
127.779375	128.046375	258	ME
128.046375	128.146375	70	BUT
128.146375	128.314375	1	A
128.314375	128.607375	99999	sp
128.607375	128.844375	350	QUICK
128.844375	129.153375	402	STAB
129.153375	129.60337500000003	464	VANQUISHED
129.60337500000003	129.85337500000003	207	HIM
129.85337500000003	139.760625	99999	sp
139.760625	140.242625	183	GLUCOSE
140.242625	140.435625	20	AND
140.435625	140.923625	167	FRUCTOSE
140.923625	141.10162499999998	30	ARE
141.10162499999998	141.525625	276	NATURAL
141.525625	142.165625	414	SUGARS
142.165625	142.195625	99999	sp
142.195625	142.497625	163	FOUND
142.497625	142.615625	217	IN
142.615625	142.915625	168	FRUIT
142.915625	151.039	99999	sp
151.039	151.09599999999998	30	ARE
151.09599999999998	151.22599999999997	495	YOU
151.22599999999997	151.515	250	LOOKING
151.515	151.65599999999998	161	FOR
151.65599999999998	152.23499999999999	136	EMPLOYMENT
152.23499999999999	162.1515	99999	sp
162.1515	162.4445	98	COFFEE
162.4445	162.5955	224	IS
162.5955	162.8485	198	GROWN
162.8485	163.0155	297	ON
163.0155	163.3365	404	STEEP
163.3365	163.6755	231	JUNGLE
163.6755	163.8755	241	LIKE
163.8755	164.28549999999998	390	SLOPES
164.28549999999998	164.3885	217	IN
164.3885	164.7755	431	TEMPERATE
164.7755	165.3855	497	ZONES
165.3855	173.0273125	99999	sp
173.0273125	173.0983125	476	WE
173.0983125	173.4573125	480	WELCOME
173.4573125	173.7463125	256	MANY
173.7463125	173.88831249999998	282	NEW
173.88831249999998	174.33331249999998	408	STUDENTS
174.33331249999998	174.5863125	132	EACH
174.5863125	174.85831249999998	491	YEAR
174.85831249999998	183.4188125	99999	sp
183.4188125	183.5678125	298	ONLY
183.5678125	183.70081249999998	434	THE
183.70081249999998	183.93781249999998	51	BEST
183.93781249999998	184.2848125	330	PLAYERS
184.2848125	184.5908125	139	ENJOY
184.5908125	185.3578125	336	POPULARITY
185.3578125	194.13775	99999	sp
194.13775	194.56575	75	CALCIUM
194.56575	194.82575	254	MAKES
194.82575	195.30775	58	BONES
195.30775	195.44575	20	AND
195.44575	195.63575	430	TEETH
195.63575	196.17575	406	STRONG
196.17575	204.9004375	99999	sp
204.9004375	205.21743750000002	286	NOTHING
205.21743750000002	205.34943750000002	34	AS
205.34943750000002	205.4894375	88888	OFF
205.4894375	205.58043750000002	88888	EH0
205.58043750000002	205.7204375	99999	sp
205.7204375	205.8774375	224	IS
205.8774375	206.02743750000002	34	AS
206.02743750000002	206.74243750000002	295	OFFENSIVE
206.74243750000002	206.92543750000002	34	AS
206.92543750000002	207.6374375	219	INNOCENCE
207.6374375	215.319875	99999	sp
215.319875	215.711875	405	STEVE
215.711875	215.871875	490	WORE
215.871875	215.986875	1	A
215.986875	216.268875	65	BRIGHT
216.268875	216.479875	356	RED
216.479875	216.909875	78	CASHMERE
216.909875	217.389875	420	SWEATER
217.389875	227.300875	99999	sp
227.300875	227.667875	46	BARB'S
227.667875	227.899875	188	GOLD
227.899875	228.300875	63	BRACELET
228.300875	228.440875	472	WAS
228.440875	228.546875	1	A
228.546875	229.175875	193	GRADUATION
229.175875	229.550875	339	PRESENT
229.550875	238.830125	99999	sp
238.830125	239.036125	130	DRAW
239.036125	239.327125	145	EVERY
239.327125	239.678125	308	OUTER
239.678125	240.014125	244	LINE
240.014125	240.358125	156	FIRST
240.358125	240.485125	436	THEN
240.485125	240.708125	154	FILL
240.708125	240.828125	217	IN
240.828125	240.908125	434	THE
240.908125	241.588125	222	INTERIOR
241.588125	251.89407271475332	99999	sp
251.89407271475332	251.97707271475332	434	THE
251.97707271475332	252.2230727147533	88888	WAR
252.2230727147533	252.69207271475332	103	CONTAINED
252.69207271475332	252.8270727147533	448	TOO
252.8270727147533	253.1420727147533	269	MUCH
253.1420727147533	253.4400727147533	90	CHLORINE
253.4400727147533	253.62107271475332	20	AND
253.62107271475332	253.69807271475332	88888	S
253.69807271475332	253.9610727147533	99999	sp
253.9610727147533	254.0880727147533	434	THE
254.0880727147533	254.3900727147533	475	WATER
254.3900727147533	254.75007271475332	103	CONTAINED
254.75007271475332	254.84007271475332	448	TOO
254.84007271475332	254.99607271475332	269	MUCH
254.99607271475332	255.28007271475332	90	CHLORINE
255.28007271475332	255.39407271475332	20	AND
255.39407271475332	255.62007271475332	409	STUNG
255.62007271475332	255.7600727147533	208	HIS
255.7600727147533	256.18007271475335	149	EYES
256.18007271475335	264.5900625	99999	sp
264.5900625	264.8830625	229	JOHN'S
264.8830625	265.0830625	66	BROTHER
265.0830625	265.6320625	363	REPAINTED
265.6320625	265.7290625	434	THE
265.7290625	266.1150625	173	GARAGE
266.1150625	266.49206250000003	129	DOOR
266.49206250000003	275.517125	99999	sp
275.517125	275.98212500000005	84	CHALLENGE
275.98212500000005	276.19312500000007	132	EACH
276.19312500000007	276.57112500000005	175	GENERAL'S
276.57112500000005	277.40312500000005	221	INTELLIGENCE
277.40312500000005	287.2280625	99999	sp
287.2280625	288.0620625	17	AMBIDEXTROUS
288.0620625	288.2310625	99999	sp
288.2310625	288.80406250000004	327	PICKPOCKETS
288.80406250000004	289.3540625	6	ACCOMPLISH
289.3540625	289.7110625	267	MORE
289.7110625	298.225625	99999	sp
298.225625	298.299625	1	A
298.299625	298.81062499999996	271	MUSCULAR
298.81062499999996	299.28662499999996	2	ABDOMEN
299.28662499999996	299.51062499999995	224	IS
299.51062499999995	299.61862499999995	189	GOOD
299.61862499999995	299.77662499999997	161	FOR
299.77662499999997	299.879625	496	YOUR
299.879625	300.386625	43	BACK
300.386625	309.1343125	99999	sp
309.1343125	309.21031250000004	438	THEY
309.21031250000004	309.3483125	317	OWN
309.3483125	309.46331250000003	1	A
309.46331250000003	309.6253125	52	BIG
309.6253125	310.0163125	209	HOUSE
310.0163125	310.0563125	217	IN
310.0563125	310.10731250000003	434	THE
310.10731250000003	310.46531250000004	361	REMOTE
310.46531250000004	311.1773125	109	COUNTRYSIDE
311.1773125	318.50525	99999	sp
318.50525	318.59625	434	THE
318.59625	318.86625000000004	369	ROSE
318.86625000000004	319.35525	106	CORSAGE
319.35525	319.64625	393	SMELLED
319.64625	320.14325	421	SWEET
320.14325	328.58425	99999	sp
328.58425	328.78425	433	THAT
328.78425	329.40325	326	PICKPOCKET
329.40325	329.56025	472	WAS
329.56025	329.76325	80	CAUGHT
329.76325	330.01525	356	RED
330.01525	330.49325	199	HANDED
330.49325	330.53625	99999	sp
330.53625	339.9303125	99999	sp
339.9303125	339.9913125	19	AN
339.9913125	340.37631250000004	9	ADULT
340.37631250000004	340.5863125	255	MALE
340.5863125	341.03731250000004	42	BABOON'S
341.03731250000004	341.2743125	430	TEETH
341.2743125	341.3483125	30	ARE
341.3483125	341.5893125	285	NOT
341.5893125	341.98431250000004	415	SUITABLE
341.98431250000004	342.1803125	161	FOR
342.1803125	342.4393125	135	EATING
342.4393125	343.0603125	376	SHELLFISH
343.0603125	351.8911875	99999	sp
351.8911875	352.0301875	204	HER
352.0301875	352.47818750000005	470	WARDROBE
352.47818750000005	352.92018750000005	102	CONSISTS
352.92018750000005	353.01718750000003	294	OF
353.01718750000003	353.2221875	298	ONLY
353.2221875	353.61018750000005	385	SKIRTS
353.61018750000005	353.70718750000003	20	AND
353.70718750000003	354.31018750000004	54	BLOUSES
354.31018750000004	362.6999375	99999	sp
362.6999375	362.81693749999994	434	THE
362.81693749999994	362.95593749999995	453	TWO
362.95593749999995	363.37493749999993	33	ARTISTS
363.37493749999993	363.90993749999996	147	EXCHANGED
363.90993749999996	364.71293749999995	39	AUTOGRAPHS
364.71293749999995	373.948625	99999	sp
373.948625	374.49062499999997	71	BUTTERSCOTCH
374.49062499999997	374.831625	169	FUDGE
374.831625	375.100625	186	GOES
375.100625	375.22862499999997	481	WELL
375.22862499999997	375.37762499999997	487	WITH
375.37762499999997	375.672625	463	VANILLA
375.672625	375.968625	212	ICE
375.968625	376.31762499999996	112	CREAM
376.31762499999996	386.7124375	99999	sp
386.7124375	386.99543750000004	366	RICH
386.99543750000004	387.3234375	349	PURCHASED
387.3234375	387.70143750000005	374	SEVERAL
387.70143750000005	388.4314375	382	SIGNED
388.4314375	388.62043750000004	99999	sp
388.62043750000004	389.3804375	245	LITHOGRAPHS
389.3804375	397.10125	99999	sp
397.10125	397.32925	24	ANY
397.32925	398.01425	105	CONTRIBUTIONS
398.01425	398.10325	485	WILL
398.10325	398.24125	47	BE
398.24125	398.54325	195	GREATLY
398.54325	399.34425	28	APPRECIATED
399.34425	409.2846875	99999	sp
409.2846875	409.4206875	434	THE
409.4206875	409.9636875	111	CRANBERRY
409.9636875	410.2536875	57	BOG
410.2536875	410.4946875	178	GETS
410.4946875	410.7676875	465	VERY
410.7676875	411.0136875	340	PRETTY
411.0136875	411.1256875	217	IN
411.1256875	411.5736875	40	AUTUMN
411.5736875	419.944375	99999	sp
419.944375	420.121375	210	HOW
420.121375	420.219375	128	DO
420.219375	420.733375	318	OYSTERS
420.733375	420.956375	253	MAKE
420.956375	421.47337500000003	320	PEARLS
421.47337500000003	429.5778125	99999	sp
429.5778125	429.7658125	257	MAY
429.7658125	429.82181249999996	211	I
429.82181249999996	430.0588125	304	ORDER
430.0588125	430.1328125	1	A
430.1328125	430.5368125	319	PARFAIT
430.5368125	430.8468125	10	AFTER
430.8468125	431.0348125	211	I
431.0348125	431.15581249999997	134	EAT
431.15581249999997	431.6378125	124	DINNER
431.6378125	438.4165625	99999	sp
438.4165625	438.5135625	224	IS
438.5135625	438.6835625	375	SHE
438.6835625	438.90356249999996	187	GOING
438.90356249999996	439.1435625	487	WITH
439.1435625	439.3635625	495	YOU
439.3635625	448.1905625	99999	sp
448.1905625	448.2845625	76	CAN
448.2845625	448.3445625	434	THE
448.3445625	448.8395625	11	AGENCY
448.8395625	449.4715625	315	OVERTHROW
449.4715625	449.86756249999996	13	ALIEN
449.86756249999996	450.5345625	162	FORCES
450.5345625	459.145125	99999	sp
459.145125	459.197125	1	A
459.197125	459.73312500000003	371	SCREWDRIVER
459.73312500000003	459.93712500000004	224	IS
459.93712500000004	460.16312500000004	252	MADE
460.16312500000004	460.373125	166	FROM
460.373125	460.700125	469	VODKA
460.700125	460.84812500000004	20	AND
460.84812500000004	461.13212500000003	303	ORANGE
461.13212500000003	461.69212500000003	230	JUICE
461.69212500000003	469.56275	99999	sp
469.56275	469.68075	210	HOW
469.68075	469.85875	269	MUCH
469.85875	470.29375	16	ALLOWANCE
470.29375	470.37575	128	DO
470.37575	470.54974999999996	495	YOU
470.54974999999996	470.79675	177	GET
470.79675	479.4145	99999	sp
479.4145	479.9215	115	CYCLICAL
479.9215	480.4645	88888	PROBLEMS
480.4645	480.55449999999996	485	WILL
480.55449999999996	480.84149999999994	281	NEVER
480.84149999999994	481.30449999999996	100	COMPILE
481.30449999999996	489.745875	99999	sp
489.745875	489.818875	434	THE
489.818875	490.166875	61	BOSTON
490.166875	490.481875	45	BALLET
490.481875	491.037875	312	OVERCAME
491.037875	491.166875	435	THEIR
491.166875	491.527875	170	FUNDING
491.527875	492.157875	380	SHORTAGE
492.157875	501.95575	99999	sp
501.95575	502.29675000000003	145	EVERY
502.29675000000003	502.61575000000005	74	CAB
502.61575000000005	502.90475000000004	280	NEEDS
502.90475000000004	503.42175000000003	364	REPAINTING
503.42175000000003	503.91575000000006	296	OFTEN
503.91575000000006	512.9579375	99999	sp
512.9579375	513.2079375	203	HELP
513.2079375	513.4569374999999	196	GREG
513.4569374999999	513.5919374999999	446	TO
513.5919374999999	513.7679374999999	325	PICK
513.7679374999999	513.8769374999999	1	A
513.8769374999999	514.0679375	321	PECK
514.0679375	514.1689374999999	294	OF
514.1689374999999	514.8799374999999	338	POTATOES
514.8799374999999	523.3904375	99999	sp
523.3904375	523.4834374999999	476	WE
523.4834374999999	523.7134374999999	241	LIKE
523.7134374999999	523.8944375	55	BLUE
523.8944375	524.2854375	88	CHEESE
524.2854375	524.4144375	70	BUT
524.4144375	524.7284374999999	466	VICTOR
524.7284374999999	525.0574375	242	LIKES
525.0574375	525.3944375	64	BRIE
525.3944375	534.3920830306795	99999	sp
534.3920830306795	534.6195749958433	108	COUNT
534.6195749958433	534.6862676449638	434	THE
534.6862676449638	534.9137596101276	289	NUMBER
534.9137596101276	535.0544627330902	294	OF
535.0544627330902	535.4936668739268	429	TEASPOONS
535.4936668739268	535.5936055407041	294	OF
535.5936055407041	535.8723818217142	88888	SOY
535.8723818217142	536.2169072256039	88888	SAUCE
536.2169072256039	536.3168458923811	433	THAT
536.3168458923811	536.4785887346653	495	YOU
536.4785887346653	536.75905145435	7	ADD
536.75905145435	545.322375	99999	sp
545.322375	545.8443749999999	44	BAGPIPES
545.8443749999999	546.0833749999999	20	AND
546.0833749999999	546.587375	59	BONGOS
546.587375	546.6613749999999	30	ARE
546.6613749999999	547.1083749999999	273	MUSICAL
547.1083749999999	547.8483749999999	220	INSTRUMENTS
547.8483749999999	554.7367117903917	99999	sp
554.7367117903917	554.9526116533107	210	HOW
554.9526116533107	555.0626921755226	189	GOOD
555.0626921755226	555.2047315590219	224	IS
555.2047315590219	555.3524525178611	496	YOUR
555.3524525178611	555.9383649747958	138	ENDURANCE
555.9383649747958	572.2295663695339	99999	sp
572.2295663695339	572.326554419978	226	ITS
572.326554419978	572.4984220740122	285	NOT
572.4984220740122	572.7825008410108	133	EASY
572.7825008410108	572.9060751046552	446	TO
572.9060751046552	573.2100393853437	113	CREATE
573.2100393853437	573.8563185802656	215	ILLUMINATING
573.8563185802656	574.443960358288	146	EXAMPLES
574.443960358288	583.282	99999	sp
583.282	583.575	98	COFFEE
583.575	583.7260000000001	224	IS
583.7260000000001	583.979	198	GROWN
583.979	584.1460000000001	297	ON
584.1460000000001	584.4670000000001	404	STEEP
584.4670000000001	584.806	231	JUNGLE
584.806	585.0060000000001	241	LIKE
585.0060000000001	585.416	390	SLOPES
585.416	585.519	217	IN
585.519	585.9060000000001	431	TEMPERATE
585.9060000000001	586.5160000000001	497	ZONES
586.5160000000001	594.1515351152682	99999	sp
594.1515351152682	594.3441410026061	108	COUNT
594.3441410026061	594.4865625997567	434	THE
594.4865625997567	594.7272056045912	289	NUMBER
594.7272056045912	594.812179834824	294	OF
594.812179834824	595.271758770167	429	TEASPOONS
595.271758770167	595.3519457198232	294	OF
595.3519457198232	595.6331984536921	88888	SOY
595.6331984536921	595.925222568858	88888	SAUCE
595.925222568858	596.0245586408201	433	THAT
596.0245586408201	596.2268212451769	495	YOU
596.2268212451769	596.5272231013518	7	ADD
596.5272231013518	604.2933125	99999	sp
604.2933125	604.3503125	30	ARE
604.3503125	604.4803124999999	495	YOU
604.4803124999999	604.7693125	250	LOOKING
604.7693125	604.9103124999999	161	FOR
604.9103124999999	605.4893124999999	136	EMPLOYMENT
605.4893124999999	614.06	99999	sp
614.06	614.3499999999999	354	READING
614.3499999999999	614.49	217	IN
614.49	614.7009999999999	335	POOR
614.7009999999999	614.9939999999999	240	LIGHT
614.9939999999999	615.221	181	GIVES
615.221	615.333	495	YOU
615.333	615.99	150	EYESTRAIN
615.99	624.235375	99999	sp
624.235375	624.463375	24	ANY
624.463375	625.148375	105	CONTRIBUTIONS
625.148375	625.2373749999999	485	WILL
625.2373749999999	625.375375	47	BE
625.375375	625.677375	195	GREATLY
625.677375	626.4783749999999	28	APPRECIATED
626.4783749999999	634.0850625	99999	sp
634.0850625	634.4020625	286	NOTHING
634.4020625	634.5340625000001	34	AS
634.5340625000001	634.6740625000001	88888	OFF
634.6740625000001	634.7650625000001	88888	EH0
634.7650625000001	634.9050625000001	99999	sp
634.9050625000001	635.0620625000001	224	IS
635.0620625000001	635.2120625000001	34	AS
635.2120625000001	635.9270625000001	295	OFFENSIVE
635.9270625000001	636.1100625000001	34	AS
636.1100625000001	636.8220625000001	219	INNOCENCE
636.8220625000001	645.3723125	99999	sp
645.3723125	645.4593125	1	A
645.4593125	645.7233125	110	CRAB
645.7233125	646.1633125	85	CHALLENGED
646.1633125	646.4303125	258	ME
646.4303125	646.5303125	70	BUT
646.5303125	646.6983125	1	A
646.6983125	646.9913125	99999	sp
646.9913125	647.2283125	350	QUICK
647.2283125	647.5373125	402	STAB
647.5373125	647.9873125	464	VANQUISHED
647.9873125	648.2373125	207	HIM
648.2373125	656.8724375	99999	sp
656.8724375	656.9464375	1	A
656.9464375	657.4574375	271	MUSCULAR
657.4574375	657.9334375000001	2	ABDOMEN
657.9334375000001	658.1574375	224	IS
658.1574375	658.2654375	189	GOOD
658.2654375	658.4234375000001	161	FOR
658.4234375000001	658.5264375	496	YOUR
658.5264375	659.0334375	43	BACK
659.0334375	668.29975	99999	sp
668.29975	668.37275	434	THE
668.37275	668.72075	61	BOSTON
668.72075	669.03575	45	BALLET
669.03575	669.59175	312	OVERCAME
669.59175	669.72075	435	THEIR
669.72075	670.08175	170	FUNDING
670.08175	670.7117499999999	380	SHORTAGE
670.7117499999999	679.391625	99999	sp
679.391625	679.641625	203	HELP
679.641625	679.890625	196	GREG
679.890625	680.025625	446	TO
680.025625	680.2016249999999	325	PICK
680.2016249999999	680.310625	1	A
680.310625	680.5016249999999	321	PECK
680.5016249999999	680.602625	294	OF
680.602625	681.313625	338	POTATOES
681.313625	690.9631875	99999	sp
690.9631875	691.1121875	298	ONLY
691.1121875	691.2451875	434	THE
691.2451875	691.4821875	51	BEST
691.4821875	691.8291875	330	PLAYERS
691.8291875	692.1351875	139	ENJOY
692.1351875	692.9021875000001	336	POPULARITY
692.9021875000001	701.2735	99999	sp
701.2735	701.3255	1	A
701.3255	701.8615	371	SCREWDRIVER
701.8615	702.0655	224	IS
702.0655	702.2915	252	MADE
702.2915	702.5015000000001	166	FROM
702.5015000000001	702.8285000000001	469	VODKA
702.8285000000001	702.9765	20	AND
702.9765	703.2605000000001	303	ORANGE
703.2605000000001	703.8205	230	JUICE
703.8205	712.962625	99999	sp
712.962625	713.390625	75	CALCIUM
713.390625	713.650625	254	MAKES
713.650625	714.132625	58	BONES
714.132625	714.270625	20	AND
714.270625	714.4606249999999	430	TEETH
714.4606249999999	715.000625	406	STRONG
715.000625	722.4610625	99999	sp
722.4610625	722.5220625	19	AN
722.5220625	722.9070625	9	ADULT
722.9070625	723.1170625	255	MALE
723.1170625	723.5680625	42	BABOON'S
723.5680625	723.8050625000001	430	TEETH
723.8050625000001	723.8790625	30	ARE
723.8790625	724.1200625	285	NOT
724.1200625	724.5150625000001	415	SUITABLE
724.5150625000001	724.7110625	161	FOR
724.7110625	724.9700625	135	EATING
724.9700625	725.5910625	376	SHELLFISH
725.5910625	734.4811875	99999	sp
734.4811875	734.9461875000001	84	CHALLENGE
734.9461875000001	735.1571875000001	132	EACH
735.1571875000001	735.5351875000001	175	GENERAL'S
735.5351875000001	736.3671875	221	INTELLIGENCE
736.3671875	744.311125	99999	sp
744.311125	744.703125	405	STEVE
744.703125	744.863125	490	WORE
744.863125	744.978125	1	A
744.978125	745.260125	65	BRIGHT
745.260125	745.471125	356	RED
745.471125	745.901125	78	CASHMERE
745.901125	746.381125	420	SWEATER
746.381125	754.4454375	99999	sp
754.4454375	754.5624375	434	THE
754.5624375	754.7014375	453	TWO
754.7014375	755.1204375	33	ARTISTS
755.1204375	755.6554375000001	147	EXCHANGED
755.6554375000001	756.4584375	39	AUTOGRAPHS
756.4584375	764.2664375	99999	sp
764.2664375	764.3634375	224	IS
764.3634375	764.5334375	375	SHE
764.5334375	764.7534375	187	GOING
764.7534375	764.9934375	487	WITH
764.9934375	765.2134375	495	YOU
765.2134375	773.697	99999	sp
773.697	774.531	17	AMBIDEXTROUS
774.531	774.7	99999	sp
774.7	775.273	327	PICKPOCKETS
775.273	775.823	6	ACCOMPLISH
775.823	776.1800000000001	267	MORE
776.1800000000001	785.0641813940548	99999	sp
785.0641813940548	785.2678506351738	210	HOW
785.2678506351738	785.3759877241066	189	GOOD
785.3759877241066	785.5093346865331	224	IS
785.5093346865331	785.6387011426184	496	YOUR
785.6387011426184	786.235113676058	138	ENDURANCE
786.235113676058	795.2625625	99999	sp
795.2625625	795.5455625	366	RICH
795.5455625	795.8735624999999	349	PURCHASED
795.8735624999999	796.2515625	374	SEVERAL
796.2515625	796.9815624999999	382	SIGNED
796.9815624999999	797.1705625	99999	sp
797.1705625	797.9305625	245	LITHOGRAPHS
797.9305625	805.6528125	99999	sp
805.6528125	805.8528125	433	THAT
805.8528125	806.4718124999999	326	PICKPOCKET
806.4718124999999	806.6288125	472	WAS
806.6288125	806.8318125000001	80	CAUGHT
806.8318125000001	807.0838125	356	RED
807.0838125	807.5618125	199	HANDED
807.5618125	807.6048125	99999	sp
807.6048125	816.1528125	99999	sp
816.1528125	816.5198125	46	BARB'S
816.5198125	816.7518125	188	GOLD
816.7518125	817.1528125	63	BRACELET
817.1528125	817.2928125	472	WAS
817.2928125	817.3988125	1	A
817.3988125	818.0278125	193	GRADUATION
818.0278125	818.4028125	339	PRESENT
818.4028125	826.580125	99999	sp
826.580125	827.1021249999999	44	BAGPIPES
827.1021249999999	827.3411249999999	20	AND
827.3411249999999	827.8451249999999	59	BONGOS
827.8451249999999	827.9191249999999	30	ARE
827.9191249999999	828.3661249999999	273	MUSICAL
828.3661249999999	829.1061249999999	220	INSTRUMENTS
829.1061249999999	836.6559375	99999	sp
836.6559375	836.7489375	476	WE
836.7489375	836.9789375	241	LIKE
836.9789375	837.1599375000001	55	BLUE
837.1599375000001	837.5509375	88	CHEESE
837.5509375	837.6799375	70	BUT
837.6799375	837.9939375	466	VICTOR
837.9939375	838.3229375000001	242	LIKES
838.3229375000001	838.6599375000001	64	BRIE
838.6599375000001	847.2896875	99999	sp
847.2896875	847.7716875000001	183	GLUCOSE
847.7716875000001	847.9646875000001	20	AND
847.9646875000001	848.4526875	167	FRUCTOSE
848.4526875	848.6306875	30	ARE
848.6306875	849.0546875	276	NATURAL
849.0546875	849.6946875000001	414	SUGARS
849.6946875000001	849.7246875000001	99999	sp
849.7246875000001	850.0266875	163	FOUND
850.0266875	850.1446875	217	IN
850.1446875	850.4446875000001	168	FRUIT
850.4446875000001	858.3285	99999	sp
858.3285	858.8705	71	BUTTERSCOTCH
858.8705	859.2114999999999	169	FUDGE
859.2114999999999	859.4804999999999	186	GOES
859.4804999999999	859.6084999999999	481	WELL
859.6084999999999	859.7574999999999	487	WITH
859.7574999999999	860.0525	463	VANILLA
860.0525	860.3485	212	ICE
860.3485	860.6975	112	CREAM
860.6975	869.20625	99999	sp
869.20625	869.38325	210	HOW
869.38325	869.48125	128	DO
869.48125	869.9952499999999	318	OYSTERS
869.9952499999999	870.2182499999999	253	MAKE
870.2182499999999	870.73525	320	PEARLS
870.73525	881.66925	99999	sp
881.66925	881.90525	142	EVEN
881.90525	882.0382500000001	211	I
882.0382500000001	882.51125	293	OCCASIONALLY
882.51125	882.66125	177	GET
882.66125	882.71825	434	THE
882.71825	883.06925	265	MONDAY
883.06925	883.6392500000001	56	BLUES
883.6392500000001	891.5350625	99999	sp
891.5350625	891.6060625	476	WE
891.6060625	891.9650625	480	WELCOME
891.9650625	892.2540625	256	MANY
892.2540625	892.3960625	282	NEW
892.3960625	892.8410625	408	STUDENTS
892.8410625	893.0940625000001	132	EACH
893.0940625000001	893.3660625	491	YEAR
893.3660625	901.346875	99999	sp
901.346875	901.425875	476	WE
901.425875	901.559875	30	ARE
901.559875	901.819875	301	OPEN
901.819875	902.050875	145	EVERY
902.050875	902.392875	265	MONDAY
902.392875	902.870875	143	EVENING
902.870875	911.2410625	99999	sp
911.2410625	911.4470625	130	DRAW
911.4470625	911.7380625000001	145	EVERY
911.7380625000001	912.0890625000001	308	OUTER
912.0890625000001	912.4250625000001	244	LINE
912.4250625000001	912.7690625	156	FIRST
912.7690625	912.8960625000001	436	THEN
912.8960625000001	913.1190625	154	FILL
913.1190625	913.2390625	217	IN
913.2390625	913.3190625000001	434	THE
913.3190625000001	913.9990625	222	INTERIOR
913.9990625	922.6485625	99999	sp
922.6485625	922.9175625	375	SHE
922.9175625	923.2565625	490	WORE
923.2565625	923.6485625	471	WARM
923.6485625	924.0585625	158	FLEECY
924.0585625	924.3285625	489	WOOLEN
924.3285625	925.1185625	311	OVERALLS
925.1185625	933.0515625	99999	sp
933.0515625	933.1425625	434	THE
933.1425625	933.4125625000001	369	ROSE
933.4125625000001	933.9015625000001	106	CORSAGE
933.9015625000001	934.1925625000001	393	SMELLED
934.1925625000001	934.6895625000001	421	SWEET
934.6895625000001	942.9256875	99999	sp
942.9256875	943.1486875	443	THOSE
943.1486875	943.2316875	484	WHO
943.2316875	943.4596875	427	TEACH
943.4596875	944.0286875	462	VALUES
944.0286875	944.3486875	156	FIRST
944.3486875	944.8086875	4	ABOLISH
944.8086875	945.3486875	87	CHEATING
945.3486875	953.581625	99999	sp
953.581625	954.0886250000001	115	CYCLICAL
954.0886250000001	954.631625	88888	PROBLEMS
954.631625	954.721625	485	WILL
954.721625	955.0086249999999	281	NEVER
955.0086249999999	955.471625	100	COMPILE
955.471625	965.0770625	99999	sp
965.0770625	965.1470625000001	434	THE
965.1470625000001	965.5850625	165	FRIGHTENED
965.5850625	965.9270625	89	CHILD
965.9270625	966.1110625000001	472	WAS
966.1110625000001	966.3560625	176	GENTLY
966.3560625	966.8490625000001	410	SUBDUED
966.8490625000001	966.9870625000001	73	BY
966.9870625000001	967.2000625000001	208	HIS
967.2000625000001	967.3720625000001	52	BIG
967.3720625000001	967.7660625000001	66	BROTHER
967.7660625000001	975.575625	99999	sp
975.575625	975.7116249999999	434	THE
975.7116249999999	976.254625	111	CRANBERRY
976.254625	976.544625	57	BOG
976.544625	976.785625	178	GETS
976.785625	977.058625	465	VERY
977.058625	977.304625	340	PRETTY
977.304625	977.4166250000001	217	IN
977.4166250000001	977.8646249999999	40	AUTUMN
977.8646249999999	985.8393125	99999	sp
985.8393125	985.9333125	76	CAN
985.9333125	985.9933125	434	THE
985.9933125	986.4883125000001	11	AGENCY
986.4883125000001	987.1203125000001	315	OVERTHROW
987.1203125000001	987.5163125	13	ALIEN
987.5163125	988.1833125	162	FORCES
988.1833125	996.764875	99999	sp
996.764875	996.9648749999999	142	EVEN
996.9648749999999	997.037875	1	A
997.037875	997.360875	383	SIMPLE
997.360875	998.037875	468	VOCABULARY
998.037875	998.4938749999999	104	CONTAINS
998.4938749999999	999.0938749999999	422	SYMBOLS
999.0938749999999	1006.1975	99999	sp
1006.1975	1006.3855	257	MAY
1006.3855	1006.4414999999999	211	I
1006.4414999999999	1006.6785	304	ORDER
1006.6785	1006.7525	1	A
1006.7525	1007.1565	319	PARFAIT
1007.1565	1007.4665	10	AFTER
1007.4665	1007.6545	211	I
1007.6545	1007.7755	134	EAT
1007.7755	1008.2574999999999	124	DINNER
1008.2574999999999	1017.230125	99999	sp
1017.230125	1017.461125	270	MUM
1017.461125	1017.895125	407	STRONGLY
1017.895125	1018.326125	126	DISLIKES
1018.326125	1019.156125	27	APPETIZERS
1019.156125	1026.8968852147534	99999	sp
1026.8968852147534	1026.9798852147535	434	THE
1026.9798852147535	1027.2258852147534	88888	WAR
1027.2258852147534	1027.6948852147534	103	CONTAINED
1027.6948852147534	1027.8298852147534	448	TOO
1027.8298852147534	1028.1448852147535	269	MUCH
1028.1448852147535	1028.4428852147535	90	CHLORINE
1028.4428852147535	1028.6238852147535	20	AND
1028.6238852147535	1028.7008852147535	88888	S
1028.7008852147535	1028.9638852147534	99999	sp
1028.9638852147534	1029.0908852147534	434	THE
1029.0908852147534	1029.3928852147535	475	WATER
1029.3928852147535	1029.7528852147534	103	CONTAINED
1029.7528852147534	1029.8428852147536	448	TOO
1029.8428852147536	1029.9988852147535	269	MUCH
1029.9988852147535	1030.2828852147534	90	CHLORINE
1030.2828852147534	1030.3968852147534	20	AND
1030.3968852147534	1030.6228852147535	409	STUNG
1030.6228852147535	1030.7628852147534	208	HIS
1030.7628852147534	1031.1828852147535	149	EYES
1031.1828852147535	1039.020125	99999	sp
1039.020125	1039.361125	145	EVERY
1039.361125	1039.680125	74	CAB
1039.680125	1039.969125	280	NEEDS
1039.969125	1040.486125	364	REPAINTING
1040.486125	1040.980125	296	OFTEN
1040.980125	1058.2248125	99999	sp
1058.2248125	1058.3428125	210	HOW
1058.3428125	1058.5208125000001	269	MUCH
1058.5208125000001	1058.9558125	16	ALLOWANCE
1058.9558125	1059.0378125000002	128	DO
1059.0378125000002	1059.2118125000002	495	YOU
1059.2118125000002	1059.4588125	177	GET
1059.4588125	1068.535375	99999	sp
1068.535375	1068.611375	438	THEY
1068.611375	1068.7493749999999	317	OWN
1068.7493749999999	1068.8643749999999	1	A
1068.8643749999999	1069.026375	52	BIG
1069.026375	1069.417375	209	HOUSE
1069.417375	1069.457375	217	IN
1069.457375	1069.508375	434	THE
1069.508375	1069.8663749999998	361	REMOTE
1069.8663749999998	1070.5783749999998	109	COUNTRYSIDE
1070.5783749999998	1078.750625	99999	sp
1078.750625	1078.8896249999998	204	HER
1078.8896249999998	1079.337625	470	WARDROBE
1079.337625	1079.779625	102	CONSISTS
1079.779625	1079.8766249999999	294	OF
1079.8766249999999	1080.0816249999998	298	ONLY
1080.0816249999998	1080.469625	385	SKIRTS
1080.469625	1080.566625	20	AND
1080.566625	1081.169625	54	BLOUSES
1081.169625	1088.1459375	99999	sp
1088.1459375	1088.4389375	229	JOHN'S
1088.4389375	1088.6389374999999	66	BROTHER
1088.6389374999999	1089.1879374999999	363	REPAINTED
1089.1879374999999	1089.2849375	434	THE
1089.2849375	1089.6709375	173	GARAGE
1089.6709375	1090.0479375	129	DOOR
1090.0479375	1101.752	99999	sp
1101.752	1101.808	30	ARE
1101.808	1101.902	496	YOUR
1101.902	1102.219	192	GRADES
1102.219	1102.49	206	HIGHER
1102.49	1102.534	302	OR
1102.534	1102.808	251	LOWER
1102.808	1102.919	432	THAN
1102.919	1103.568	275	NANCY'S
1103.568	1110.4303125	99999	sp
1110.4303125	1110.6203125	375	SHE
1110.6203125	1110.8393125	490	WORE
1110.8393125	1111.0893125	471	WARM
1111.0893125	1111.4503124999999	158	FLEECY
1111.4503124999999	1111.7093125	489	WOOLEN
1111.7093125	1112.3903125	311	OVERALLS
1112.3903125	1119.284125	99999	sp
1119.284125	1119.5211249999998	354	READING
1119.5211249999998	1119.6531249999998	217	IN
1119.6531249999998	1119.8181249999998	335	POOR
1119.8181249999998	1120.034125	240	LIGHT
1120.034125	1120.2601249999998	181	GIVES
1120.2601249999998	1120.3181249999998	495	YOU
1120.3181249999998	1120.9981249999998	150	EYESTRAIN
1120.9981249999998	1129.14925	99999	sp
1129.14925	1129.51325	142	EVEN
1129.51325	1129.73225	211	I
1129.73225	1130.24325	293	OCCASIONALLY
1130.24325	1130.46225	177	GET
1130.46225	1130.5432500000002	434	THE
1130.5432500000002	1130.92325	265	MONDAY
1130.92325	1131.43325	56	BLUES
1131.43325	1138.81	99999	sp
1138.81	1138.889	476	WE
1138.889	1138.999	30	ARE
1138.999	1139.2699999999998	301	OPEN
1139.2699999999998	1139.4799999999998	145	EVERY
1139.4799999999998	1139.834	265	MONDAY
1139.834	1140.2099999999998	143	EVENING
1140.2099999999998	1147.6104375	99999	sp
1147.6104375	1147.6974375	226	IT'S
1147.6974375	1147.8254375000001	285	NOT
1147.8254375000001	1148.1304375	133	EASY
1148.1304375	1148.2594374999999	446	TO
1148.2594374999999	1148.6044375000001	113	CREATE
1148.6044375000001	1149.1654375	215	ILLUMINATING
1149.1654375	1149.8954375	146	EXAMPLES
1149.8954375	1157.77175	99999	sp
1157.77175	1157.92075	270	MUM
1157.92075	1158.3417500000003	407	STRONGLY
1158.3417500000003	1158.7907500000001	126	DISLIKES
1158.7907500000001	1159.63075	27	APPETIZERS
1159.63075	1168.9121875	99999	sp
1168.9121875	1169.1001875	443	THOSE
1169.1001875	1169.1791875	484	WHO
1169.1791875	1169.4291875	427	TEACH
1169.4291875	1169.8301875	462	VALUES
1169.8301875	1170.0991875	156	FIRST
1170.0991875	1170.4901875	4	ABOLISH
1170.4901875	1170.9601874999998	87	CHEATING
1170.9601874999998	1181.66925	99999	sp
1181.66925	1181.7422499999998	434	THE
1181.7422499999998	1182.02225	165	FRIGHTENED
1182.02225	1182.29225	89	CHILD
1182.29225	1182.4412499999999	472	WAS
1182.4412499999999	1182.6722499999998	176	GENTLY
1182.6722499999998	1183.07125	410	SUBDUED
1183.07125	1183.1522499999999	73	BY
1183.1522499999999	1183.3732499999999	208	HIS
1183.3732499999999	1183.5392499999998	52	BIG
1183.5392499999998	1183.8922499999999	66	BROTHER
1183.8922499999999	1192.3209375	99999	sp
1192.3209375	1192.5119374999997	142	EVEN
1192.5119374999997	1192.5699375	1	A
1192.5699375	1192.9089374999999	383	SIMPLE
1192.9089374999999	1193.5449374999998	468	VOCABULARY
1193.5449374999998	1193.9599375	104	CONTAINS
1193.9599375	1194.5999375	422	SYMBOLS
1194.5999375	1205.2155	99999	sp
1205.2155	1205.3455	1	A
1205.3455	1205.6845	110	CRAB
1205.6845	1206.1795	85	CHALLENGED
1206.1795	1206.3135	258	ME
1206.3135	1206.6605	70	BUT
1206.6605	1206.8184999999999	1	A
1206.8184999999999	1207.1575	350	QUICK
1207.1575	1207.7925	402	STAB
1207.7925	1208.3395	464	VANQUISHED
1208.3395	1208.5335	207	HIM
1208.5335	1218.4109375	99999	sp
1218.4109375	1218.8119375	183	GLUCOSE
1218.8119375	1218.9299375	20	AND
1218.9299375	1219.3789375000001	167	FRUCTOSE
1219.3789375000001	1219.4819375000002	30	ARE
1219.4819375000002	1219.8179375	276	NATURAL
1219.8179375	1220.2009375	414	SUGARS
1220.2009375	1220.4419375	163	FOUND
1220.4419375	1220.5479375	217	IN
1220.5479375	1220.8919375	168	FRUIT
1220.8919375	1227.8983125	99999	sp
1227.8983125	1227.9803124999999	30	ARE
1227.9803124999999	1228.0303125	495	YOU
1228.0303125	1228.3473125	250	LOOKING
1228.3473125	1228.4673125	161	FOR
1228.4673125	1229.0373124999999	136	EMPLOYMENT
1229.0373124999999	1238.2136875	99999	sp
1238.2136875	1238.5276875000002	98	COFFEE
1238.5276875000002	1238.6666875000003	224	IS
1238.6666875000003	1239.0106875000001	198	GROWN
1239.0106875000001	1239.2096875000002	297	ON
1239.2096875000002	1239.5276875000002	404	STEEP
1239.5276875000002	1239.8006875000003	231	JUNGLE
1239.8006875000003	1239.9926875	241	LIKE
1239.9926875	1240.4516875000002	390	SLOPES
1240.4516875000002	1240.6096875000003	217	IN
1240.6096875000003	1240.9006875000002	431	TEMPERATE
1240.9006875000002	1241.5106875000001	497	ZONES
1241.5106875000001	1250.9723262728162	99999	sp
1250.9723262728162	1251.2923262728164	480	WELCOME
1251.2923262728164	1251.9063262728162	256	MANY
1251.9063262728162	1252.0013262728162	476	WE
1252.0013262728162	1252.3213262728163	480	WELCOME
1252.3213262728163	1252.5103262728162	256	MANY
1252.5103262728162	1252.6443262728162	282	NEW
1252.6443262728162	1253.0213262728162	408	STUDENTS
1253.0213262728162	1253.2013262728162	132	EACH
1253.2013262728162	1253.4323262728162	491	YEAR
1253.4323262728162	1261.752375	99999	sp
1261.752375	1261.967375	298	ONLY
1261.967375	1262.135375	434	THE
1262.135375	1262.4313750000001	51	BEST
1262.4313750000001	1262.881375	330	PLAYERS
1262.881375	1263.317375	139	ENJOY
1263.317375	1264.148375	336	POPULARITY
1264.148375	1272.1484375	99999	sp
1272.1484375	1272.5524375	75	CALCIUM
1272.5524375	1272.7844375000002	254	MAKES
1272.7844375000002	1273.1764375	58	BONES
1273.1764375	1273.2834375000002	20	AND
1273.2834375000002	1273.4624375	430	TEETH
1273.4624375	1273.9534375	406	STRONG
1273.9534375	1283.0285	99999	sp
1283.0285	1283.3535	286	NOTHING
1283.3535	1283.4935	224	IS
1283.4935	1283.6535	34	AS
1283.6535	1284.1835	295	OFFENSIVE
1284.1835	1284.4134999999999	34	AS
1284.4134999999999	1285.0735	219	INNOCENCE
1285.0735	1294.024375	99999	sp
1294.024375	1294.3753749999998	405	STEVE
1294.3753749999998	1294.4933749999998	490	WORE
1294.4933749999998	1294.5983749999998	1	A
1294.5983749999998	1294.834375	65	BRIGHT
1294.834375	1295.064375	356	RED
1295.064375	1295.4933749999998	78	CASHMERE
1295.4933749999998	1295.9143749999998	420	SWEATER
1295.9143749999998	1303.9785625	99999	sp
1303.9785625	1304.2685625	46	BARB'S
1304.2685625	1304.4485625	188	GOLD
1304.4485625	1304.7745625	63	BRACELET
1304.7745625	1304.9035625	472	WAS
1304.9035625	1304.9505625	1	A
1304.9505625	1305.5485625	193	GRADUATION
1305.5485625	1305.9295625	339	PRESENT
1305.9295625	1314.26375	99999	sp
1314.26375	1314.46875	130	DRAW
1314.46875	1314.7397500000002	145	EVERY
1314.7397500000002	1314.94775	308	OUTER
1314.94775	1315.27775	244	LINE
1315.27775	1315.68575	156	FIRST
1315.68575	1315.81475	436	THEN
1315.81475	1316.06475	154	FILL
1316.06475	1316.1547500000001	217	IN
1316.1547500000001	1316.25475	434	THE
1316.25475	1316.9347500000001	222	INTERIOR
1316.9347500000001	1327.289875	99999	sp
1327.289875	1327.381875	434	THE
1327.381875	1327.731875	475	WATER
1327.731875	1328.1398749999998	103	CONTAINED
1328.1398749999998	1328.250875	448	TOO
1328.250875	1328.5528749999999	269	MUCH
1328.5528749999999	1328.996875	90	CHLORINE
1328.996875	1329.7058749999999	99999	sp
1329.7058749999999	1329.847875	20	AND
1329.847875	1330.222875	409	STUNG
1330.222875	1330.721875	208	HIS
1330.721875	1331.280875	149	EYES
1331.280875	1339.409375	99999	sp
1339.409375	1339.466375	99999	sp
1339.466375	1339.7703749999998	229	JOHN'S
1339.7703749999998	1339.948375	66	BROTHER
1339.948375	1340.4343749999998	363	REPAINTED
1340.4343749999998	1340.536375	434	THE
1340.536375	1340.900375	173	GARAGE
1340.900375	1341.2403749999999	129	DOOR
1341.2403749999999	1350.64425	99999	sp
1350.64425	1351.0682500000003	84	CHALLENGE
1351.0682500000003	1351.2262500000002	132	EACH
1351.2262500000002	1351.6162500000003	175	GENERAL'S
1351.6162500000003	1352.4052500000003	221	INTELLIGENCE
1352.4052500000003	1360.5345	99999	sp
1360.5345	1361.1455	17	AMBIDEXTROUS
1361.1455	1361.6815	327	PICKPOCKETS
1361.6815	1362.1435	6	ACCOMPLISH
1362.1435	1362.4815	267	MORE
1362.4815	1372.1599375	99999	sp
1372.1599375	1372.2169375	1	A
1372.2169375	1372.6569375000001	271	MUSCULAR
1372.6569375000001	1373.0969375000002	2	ABDOMEN
1373.0969375000002	1373.2789375000002	224	IS
1373.2789375000002	1373.3769375000002	189	GOOD
1373.3769375000002	1373.5469375	161	FOR
1373.5469375	1373.6369375000002	496	YOUR
1373.6369375000002	1374.0269375	43	BACK
1374.0269375	1382.1353125	99999	sp
1382.1353125	1382.2503125	438	THEY
1382.2503125	1382.3463125	317	OWN
1382.3463125	1382.3943125	1	A
1382.3943125	1382.6073125000003	52	BIG
1382.6073125000003	1382.9453125000002	209	HOUSE
1382.9453125000002	1383.0083125	217	IN
1383.0083125	1383.0603125000002	434	THE
1383.0603125000002	1383.3683125000002	361	REMOTE
1383.3683125000002	1384.0103125	109	COUNTRYSIDE
1384.0103125	1391.545375	99999	sp
1391.545375	1391.6253749999998	434	THE
1391.6253749999998	1391.8703749999997	369	ROSE
1391.8703749999997	1392.2453749999997	106	CORSAGE
1392.2453749999997	1392.506375	393	SMELLED
1392.506375	1392.8853749999998	421	SWEET
1392.8853749999998	1400.8879375	99999	sp
1400.8879375	1401.0729374999999	433	THAT
1401.0729374999999	1401.5569375	326	PICKPOCKET
1401.5569375	1401.7569374999998	472	WAS
1401.7569374999998	1401.9789375	80	CAUGHT
1401.9789375	1402.1289375	356	RED
1402.1289375	1402.6219374999998	199	HANDED
1402.6219374999998	1411.5385	99999	sp
1411.5385	1411.6535000000001	19	AN
1411.6535000000001	1411.8265000000001	9	ADULT
1411.8265000000001	1412.1765	255	MALE
1412.1765	1412.7135	42	BABOON'S
1412.7135	1412.9775000000002	430	TEETH
1412.9775000000002	1413.0275000000001	30	ARE
1413.0275000000001	1413.2995	285	NOT
1413.2995	1413.6895000000002	415	SUITABLE
1413.6895000000002	1413.9845000000003	161	FOR
1413.9845000000003	1414.2775000000001	135	EATING
1414.2775000000001	1414.9475000000002	376	SHELLFISH
1414.9475000000002	1423.730125	99999	sp
1423.730125	1423.8611250000001	204	HER
1423.8611250000001	1424.2531250000002	470	WARDROBE
1424.2531250000002	1424.660125	102	CONSISTS
1424.660125	1425.160125	298	ONLY
1425.160125	1425.605125	99999	sp
1425.605125	1425.7261250000001	294	OF
1425.7261250000001	1425.9671250000001	298	ONLY
1425.9671250000001	1426.3101250000002	385	SKIRTS
1426.3101250000002	1426.4141250000002	20	AND
1426.4141250000002	1426.940125	54	BLOUSES
1426.940125	1434.8219922443964	99999	sp
1434.8219922443964	1434.9039922443965	434	THE
1434.9039922443965	1435.0779922443965	453	TWO
1435.0779922443965	1435.3779922443964	88888	EX
1435.3779922443964	1435.4759922443964	99999	sp
1435.4759922443964	1435.6799922443963	434	THE
1435.6799922443963	1435.9369922443964	453	TWO
1435.9369922443964	1436.3079922443965	33	ARTISTS
1436.3079922443965	1436.8279922443965	147	EXCHANGED
1436.8279922443965	1437.4979922443963	39	AUTOGRAPHS
1437.4979922443963	1445.2790625	99999	sp
1445.2790625	1445.8990625	71	BUTTERSCOTCH
1445.8990625	1446.2080624999999	169	FUDGE
1446.2080624999999	1446.5190625	186	GOES
1446.5190625	1446.6790624999999	481	WELL
1446.6790624999999	1446.8290625	487	WITH
1446.8290625	1447.1460625	463	VANILLA
1447.1460625	1447.4620625	212	ICE
1447.4620625	1447.7590625	112	CREAM
1447.7590625	1455.4864375	99999	sp
1455.4864375	1455.7174375	366	RICH
1455.7174375	1456.0994374999998	349	PURCHASED
1456.0994374999998	1456.3704375	374	SEVERAL
1456.3704375	1456.6904375	382	SIGNED
1456.6904375	1457.3904375	245	LITHOGRAPHS
1457.3904375	1465.8538749999998	99999	sp
1465.8538749999998	1465.914875	99999	sp
1465.914875	1466.1618749999998	24	ANY
1466.1618749999998	1466.8138749999998	105	CONTRIBUTIONS
1466.8138749999998	1466.916875	485	WILL
1466.916875	1467.0238749999999	47	BE
1467.0238749999999	1467.3738749999998	195	GREATLY
1467.3738749999998	1468.173875	28	APPRECIATED
1468.173875	1477.8339375	99999	sp
1477.8339375	1477.9139375	434	THE
1477.9139375	1478.3629375	111	CRANBERRY
1477.9279375	1478.4269375	111	CRANBERRY
1478.3629375	1478.6249375	57	BOG
1478.4269375	1478.6679374999999	57	BOG
1478.6249375	1478.8339375	178	GETS
1478.6679374999999	1478.8959375	178	GETS
1478.8339375	1479.1339375	465	VERY
1478.8959375	1479.1929375	465	VERY
1479.1339375	1479.3449375	340	PRETTY
1479.1929375	1479.4349374999997	340	PRETTY
1479.3449375	1479.4669375	217	IN
1479.4349374999997	1479.5399374999997	217	IN
1479.4669375	1479.9149375000002	40	AUTUMN
1479.5399374999997	1479.9139375	40	AUTUMN
1479.9139375	1487.86775	99999	sp
1487.86775	1488.0127499999999	210	HOW
1488.0127499999999	1488.09475	128	DO
1488.09475	1488.58575	318	OYSTERS
1488.58575	1488.8237499999998	253	MAKE
1488.8237499999998	1489.35775	320	PEARLS
1489.35775	1498.0575	99999	sp
1498.0575	1498.1744999999999	257	MAY
1498.1744999999999	1498.2965	211	I
1498.2965	1498.5255	304	ORDER
1498.5255	1498.6345	1	A
1498.6345	1499.0935	319	PARFAIT
1499.0935	1499.4234999999999	10	AFTER
1499.4234999999999	1499.5034999999998	211	I
1499.5034999999998	1499.6995	134	EAT
1499.6995	1500.0034999999998	124	DINNER
1500.0034999999998	1506.9585	99999	sp
1506.9585	1507.0385	224	IS
1507.0385	1507.2075	375	SHE
1507.2075	1507.4285	187	GOING
1507.4285	1507.6295	487	WITH
1507.6295	1507.8585	495	YOU
1507.8585	1517.8215	99999	sp
1517.8215	1517.9295000000002	76	CAN
1517.9295000000002	1517.9805000000001	434	THE
1517.9805000000001	1518.4235	11	AGENCY
1518.4235	1518.8325000000002	315	OVERTHROW
1518.8325000000002	1519.2015000000001	13	ALIEN
1519.2015000000001	1519.7535000000003	162	FORCES
1519.7535000000003	1528.072	99999	sp
1528.072	1528.1319999999998	1	A
1528.1319999999998	1528.618	371	SCREWDRIVER
1528.618	1528.792	224	IS
1528.792	1528.9489999999998	252	MADE
1528.9489999999998	1529.129	166	FROM
1529.129	1529.4279999999999	469	VODKA
1529.4279999999999	1529.5009999999997	20	AND
1529.5009999999997	1529.7269999999999	303	ORANGE
1529.7269999999999	1530.1979999999999	230	JUICE
1530.1979999999999	1538.0301875	99999	sp
1538.0301875	1538.1291875	210	HOW
1538.1291875	1538.3401875	269	MUCH
1538.3401875	1538.7361875	16	ALLOWANCE
1538.7361875	1538.8361875	128	DO
1538.8361875	1538.9561875	495	YOU
1538.9561875	1539.2661875	177	GET
1539.2661875	1548.505125	99999	sp
1548.505125	1549.014125	115	CYCLICAL
1549.014125	1549.543125	346	PROGRAMS
1549.543125	1549.599125	485	WILL
1549.599125	1549.916125	281	NEVER
1549.916125	1550.416125	100	COMPILE
1550.416125	1559.7137278603252	99999	sp
1559.7137278603252	1560.0297278603252	61	BOSTON
1560.0297278603252	1560.3637278603253	45	BALLET
1560.3637278603253	1560.8647278603253	312	OVERCAME
1560.8647278603253	1560.9847278603254	435	THEIR
1560.9847278603254	1561.3237278603253	170	FUNDING
1561.3237278603253	1561.9537278603254	380	SHORTAGE
1561.9537278603254	1570.034875	99999	sp
1570.034875	1570.285875	145	EVERY
1570.285875	1570.547875	74	CAB
1570.547875	1570.7828749999999	280	NEEDS
1570.7828749999999	1571.203875	88888	REPAIRING
1571.203875	1571.6658750000001	296	OFTEN
1571.6658750000001	1579.725	99999	sp
1579.725	1579.9669999999999	203	HELP
1579.9669999999999	1580.177	196	GREG
1580.177	1580.318	446	TO
1580.318	1580.493	325	PICK
1580.493	1580.5959999999998	1	A
1580.5959999999998	1580.771	321	PECK
1580.771	1580.885	294	OF
1580.885	1581.5739999999998	338	POTATOES
1581.5739999999998	1589.2205	99999	sp
1589.2205	1589.3294999999998	476	WE
1589.3294999999998	1589.5394999999999	241	LIKE
1589.5394999999999	1589.7104999999997	55	BLUE
1589.7104999999997	1590.0684999999999	88	CHEESE
1590.0684999999999	1590.1964999999998	70	BUT
1590.1964999999998	1590.4705	466	VICTOR
1590.4705	1590.7824999999998	242	LIKES
1590.7824999999998	1591.1004999999998	64	BRIE
1591.1004999999998	1599.824875	99999	sp
1599.824875	1600.007875	108	COUNT
1600.007875	1600.0508750000001	434	THE
1600.0508750000001	1600.246875	289	NUMBER
1600.246875	1600.357875	294	OF
1600.357875	1600.830875	429	TEASPOONS
1600.830875	1600.9068750000001	294	OF
1600.9068750000001	1601.532875	395	SOYSAUCE
1601.532875	1601.6468750000001	433	THAT
1601.6468750000001	1601.815875	495	YOU
1601.815875	1602.116875	7	ADD
1602.116875	1610.3303125	99999	sp
1610.3303125	1610.9323125	44	BAGPIPES
1610.9323125	1611.0413125	20	AND
1611.0413125	1611.5083125	59	BONGOS
1611.5083125	1611.5343125000002	30	ARE
1611.5343125000002	1611.9013125000001	273	MUSICAL
1611.9013125000001	1612.5823125	220	INSTRUMENTS
1612.5823125	1622.3669375	99999	sp
1622.3669375	1622.6249375	210	HOW
1622.6249375	1622.7429375	189	GOOD
1622.7429375	1622.9229375	224	IS
1622.9229375	1622.9969375	496	YOUR
1622.9969375	1623.6569375	138	ENDURANCE
1623.6569375	1640.7476875	99999	sp
1640.7476875	1640.8346875	226	IT'S
1640.8346875	1640.9626875000001	285	NOT
1640.9626875000001	1641.2676875	133	EASY
1641.2676875	1641.3966874999999	446	TO
1641.3966874999999	1641.7416875000001	113	CREATE
1641.7416875000001	1642.3026875	215	ILLUMINATING
1642.3026875	1643.0326875	146	EXAMPLES
1643.0326875	1650.9020625	99999	sp
1650.9020625	1651.2160625000001	98	COFFEE
1651.2160625000001	1651.3550625000003	224	IS
1651.3550625000003	1651.6990625	198	GROWN
1651.6990625	1651.8980625000002	297	ON
1651.8980625000002	1652.2160625000001	404	STEEP
1652.2160625000001	1652.4890625000003	231	JUNGLE
1652.4890625000003	1652.6810625	241	LIKE
1652.6810625	1653.1400625	390	SLOPES
1653.1400625	1653.2980625000002	217	IN
1653.2980625000002	1653.5890625000002	431	TEMPERATE
1653.5890625000002	1654.1990625	497	ZONES
1654.1990625	1661.812375	99999	sp
1661.812375	1661.995375	108	COUNT
1661.995375	1662.038375	434	THE
1662.038375	1662.234375	289	NUMBER
1662.234375	1662.3453749999999	294	OF
1662.3453749999999	1662.818375	429	TEASPOONS
1662.818375	1662.894375	294	OF
1662.894375	1663.520375	395	SOYSAUCE
1663.520375	1663.634375	433	THAT
1663.634375	1663.803375	495	YOU
1663.803375	1664.104375	7	ADD
1664.104375	1672.780125	99999	sp
1672.780125	1672.8621249999999	30	ARE
1672.8621249999999	1672.912125	495	YOU
1672.912125	1673.229125	250	LOOKING
1673.229125	1673.349125	161	FOR
1673.349125	1673.919125	136	EMPLOYMENT
1673.919125	1681.0091875	99999	sp
1681.0091875	1681.2461875	354	READING
1681.2461875	1681.3781875	217	IN
1681.3781875	1681.5431875	335	POOR
1681.5431875	1681.7591875	240	LIGHT
1681.7591875	1681.9851875	181	GIVES
1681.9851875	1682.0431875	495	YOU
1682.0431875	1682.7231875	150	EYESTRAIN
1682.7231875	1690.15475	99999	sp
1690.15475	1690.21575	99999	sp
1690.21575	1690.46275	24	ANY
1690.46275	1691.11475	105	CONTRIBUTIONS
1691.11475	1691.21775	485	WILL
1691.21775	1691.32475	47	BE
1691.32475	1691.67475	195	GREATLY
1691.67475	1692.47475	28	APPRECIATED
1692.47475	1701.0785625	99999	sp
1701.0785625	1701.4035625000001	286	NOTHING
1701.4035625000001	1701.5435625000002	224	IS
1701.5435625000002	1701.7035625	34	AS
1701.7035625	1702.2335625000003	295	OFFENSIVE
1702.2335625000003	1702.4635625	34	AS
1702.4635625	1703.1235625000002	219	INNOCENCE
1703.1235625000002	1712.4415625	99999	sp
1712.4415625	1712.5715624999998	1	A
1712.5715624999998	1712.9105625	110	CRAB
1712.9105625	1713.4055624999999	85	CHALLENGED
1713.4055624999999	1713.5395624999999	258	ME
1713.5395624999999	1713.8865624999999	70	BUT
1713.8865624999999	1714.0445624999998	1	A
1714.0445624999998	1714.3835625	350	QUICK
1714.3835625	1715.0185625	402	STAB
1715.0185625	1715.5655625	464	VANQUISHED
1715.5655625	1715.7595625	207	HIM
1715.7595625	1725.257625	99999	sp
1725.257625	1725.314625	1	A
1725.314625	1725.754625	271	MUSCULAR
1725.754625	1726.194625	2	ABDOMEN
1726.194625	1726.376625	224	IS
1726.376625	1726.474625	189	GOOD
1726.474625	1726.644625	161	FOR
1726.644625	1726.734625	496	YOUR
1726.734625	1727.124625	43	BACK
1727.124625	1735.2021028603253	99999	sp
1735.2021028603253	1735.5181028603254	61	BOSTON
1735.5181028603254	1735.8521028603254	45	BALLET
1735.8521028603254	1736.3531028603254	312	OVERCAME
1736.3531028603254	1736.4731028603255	435	THEIR
1736.4731028603255	1736.8121028603255	170	FUNDING
1736.8121028603255	1737.4421028603256	380	SHORTAGE
1737.4421028603256	1745.5809375	99999	sp
1745.5809375	1745.8229374999999	203	HELP
1745.8229374999999	1746.0329375	196	GREG
1746.0329375	1746.1739375	446	TO
1746.1739375	1746.3489375	325	PICK
1746.3489375	1746.4519374999998	1	A
1746.4519374999998	1746.6269375	321	PECK
1746.6269375	1746.7409375	294	OF
1746.7409375	1747.4299374999998	338	POTATOES
1747.4299374999998	1756.1893125	99999	sp
1756.1893125	1756.4043124999998	298	ONLY
1756.4043124999998	1756.5723125	434	THE
1756.5723125	1756.8683125	51	BEST
1756.8683125	1757.3183124999998	330	PLAYERS
1757.3183124999998	1757.7543125	139	ENJOY
1757.7543125	1758.5853124999999	336	POPULARITY
1758.5853124999999	1766.044	99999	sp
1766.044	1766.104	1	A
1766.104	1766.5900000000001	371	SCREWDRIVER
1766.5900000000001	1766.7640000000001	224	IS
1766.7640000000001	1766.921	252	MADE
1766.921	1767.101	166	FROM
1767.101	1767.4	469	VODKA
1767.4	1767.473	20	AND
1767.473	1767.699	303	ORANGE
1767.699	1768.17	230	JUICE
1768.17	1777.540875	99999	sp
1777.540875	1777.944875	75	CALCIUM
1777.944875	1778.176875	254	MAKES
1778.176875	1778.568875	58	BONES
1778.568875	1778.6758750000001	20	AND
1778.6758750000001	1778.854875	430	TEETH
1778.854875	1779.345875	406	STRONG
1779.345875	1788.26475	99999	sp
1788.26475	1788.37975	19	AN
1788.37975	1788.55275	9	ADULT
1788.55275	1788.90275	255	MALE
1788.90275	1789.43975	42	BABOON'S
1789.43975	1789.7037500000001	430	TEETH
1789.7037500000001	1789.75375	30	ARE
1789.75375	1790.02575	285	NOT
1790.02575	1790.4157500000001	415	SUITABLE
1790.4157500000001	1790.7107500000002	161	FOR
1790.7107500000002	1791.00375	135	EATING
1791.00375	1791.6737500000002	376	SHELLFISH
1791.6737500000002	1800.484625	99999	sp
1800.484625	1800.9086250000003	84	CHALLENGE
1800.9086250000003	1801.0666250000002	132	EACH
1801.0666250000002	1801.4566250000003	175	GENERAL'S
1801.4566250000003	1802.2456250000002	221	INTELLIGENCE
1802.2456250000002	1810.5115625	99999	sp
1810.5115625	1810.8625625	405	STEVE
1810.8625625	1810.9805625	490	WORE
1810.9805625	1811.0855625	1	A
1811.0855625	1811.3215625	65	BRIGHT
1811.3215625	1811.5515625	356	RED
1811.5515625	1811.9805625	78	CASHMERE
1811.9805625	1812.4015625	420	SWEATER
1812.4015625	1820.8093672443963	99999	sp
1820.8093672443963	1820.8913672443964	434	THE
1820.8913672443964	1821.0653672443964	453	TWO
1821.0653672443964	1821.3653672443963	88888	EX
1821.3653672443963	1821.4633672443963	99999	sp
1821.4633672443963	1821.6673672443962	434	THE
1821.6673672443962	1821.9243672443963	453	TWO
1821.9243672443963	1822.2953672443964	33	ARTISTS
1822.2953672443964	1822.8153672443964	147	EXCHANGED
1822.8153672443964	1823.4853672443962	39	AUTOGRAPHS
1823.4853672443962	1830.5784375	99999	sp
1830.5784375	1830.6584375000002	224	IS
1830.6584375000002	1830.8274375	375	SHE
1830.8274375	1831.0484375	187	GOING
1831.0484375	1831.2494375	487	WITH
1831.2494375	1831.4784375000002	495	YOU
1831.4784375000002	1839.9686875	99999	sp
1839.9686875	1840.5796875	17	AMBIDEXTROUS
1840.5796875	1841.1156875	327	PICKPOCKETS
1841.1156875	1841.5776875	6	ACCOMPLISH
1841.5776875	1841.9156875	267	MORE
1841.9156875	1851.7276875	99999	sp
1851.7276875	1851.9856875	210	HOW
1851.9856875	1852.1036875	189	GOOD
1852.1036875	1852.2836875	224	IS
1852.2836875	1852.3576875	496	YOUR
1852.3576875	1853.0176875	138	ENDURANCE
1853.0176875	1861.411875	99999	sp
1861.411875	1861.642875	366	RICH
1861.642875	1862.0248749999998	349	PURCHASED
1862.0248749999998	1862.295875	374	SEVERAL
1862.295875	1862.615875	382	SIGNED
1862.615875	1863.315875	245	LITHOGRAPHS
1863.315875	1871.7805625	99999	sp
1871.7805625	1871.9655625	433	THAT
1871.9655625	1872.4495625000002	326	PICKPOCKET
1872.4495625000002	1872.6495625	472	WAS
1872.6495625	1872.8715625000002	80	CAUGHT
1872.8715625000002	1873.0215625	356	RED
1873.0215625	1873.5145625	199	HANDED
1873.5145625	1881.5798125	99999	sp
1881.5798125	1881.8698124999999	46	BARB'S
1881.8698124999999	1882.0498125	188	GOLD
1882.0498125	1882.3758125	63	BRACELET
1882.3758125	1882.5048124999998	472	WAS
1882.5048124999998	1882.5518124999999	1	A
1882.5518124999999	1883.1498124999998	193	GRADUATION
1883.1498124999998	1883.5308125	339	PRESENT
1883.5308125	1895.8911875	99999	sp
1895.8911875	1896.4931875	44	BAGPIPES
1896.4931875	1896.6021875	20	AND
1896.6021875	1897.0691875	59	BONGOS
1897.0691875	1897.0951875	30	ARE
1897.0951875	1897.4621875	273	MUSICAL
1897.4621875	1898.1431874999998	220	INSTRUMENTS
1898.1431874999998	1906.09275	99999	sp
1906.09275	1906.20175	476	WE
1906.20175	1906.41175	241	LIKE
1906.41175	1906.5827499999998	55	BLUE
1906.5827499999998	1906.94075	88	CHEESE
1906.94075	1907.06875	70	BUT
1907.06875	1907.34275	466	VICTOR
1907.34275	1907.65475	242	LIKES
1907.65475	1907.97275	64	BRIE
1907.97275	1916.413375	99999	sp
1916.413375	1916.8143750000002	183	GLUCOSE
1916.8143750000002	1916.932375	20	AND
1916.932375	1917.3813750000002	167	FRUCTOSE
1917.3813750000002	1917.4843750000002	30	ARE
1917.4843750000002	1917.820375	276	NATURAL
1917.820375	1918.203375	414	SUGARS
1918.203375	1918.444375	163	FOUND
1918.444375	1918.550375	217	IN
1918.550375	1918.894375	168	FRUIT
1918.894375	1925.8804375	99999	sp
1925.8804375	1926.5004374999999	71	BUTTERSCOTCH
1926.5004374999999	1926.8094374999998	169	FUDGE
1926.8094374999998	1927.1204375	186	GOES
1927.1204375	1927.2804374999998	481	WELL
1927.2804374999998	1927.4304375	487	WITH
1927.4304375	1927.7474375	463	VANILLA
1927.7474375	1928.0634375	212	ICE
1928.0634375	1928.3604375	112	CREAM
1928.3604375	1936.7631875	99999	sp
1936.7631875	1936.9081875	210	HOW
1936.9081875	1936.9901875	128	DO
1936.9901875	1937.4811875	318	OYSTERS
1937.4811875	1937.7191874999999	253	MAKE
1937.7191874999999	1938.2531875	320	PEARLS
1938.2531875	1947.1053125	99999	sp
1947.1053125	1947.4693125000001	142	EVEN
1947.4693125000001	1947.6883125000002	211	I
1947.6883125000002	1948.1993125000001	293	OCCASIONALLY
1948.1993125000001	1948.4183125000002	177	GET
1948.4183125000002	1948.4993125000003	434	THE
1948.4993125000003	1948.8793125000002	265	MONDAY
1948.8793125000002	1949.3893125000002	56	BLUES
1949.3893125000002	1958.189513772816	99999	sp
1958.189513772816	1958.5095137728163	480	WELCOME
1958.5095137728163	1959.123513772816	256	MANY
1959.123513772816	1959.218513772816	476	WE
1959.218513772816	1959.5385137728163	480	WELCOME
1959.5385137728163	1959.727513772816	256	MANY
1959.727513772816	1959.8615137728161	282	NEW
1959.8615137728161	1960.238513772816	408	STUDENTS
1960.238513772816	1960.4185137728161	132	EACH
1960.4185137728161	1960.6495137728161	491	YEAR
1960.6495137728161	1967.90725	99999	sp
1967.90725	1967.98625	476	WE
1967.98625	1968.09625	30	ARE
1968.09625	1968.3672499999998	301	OPEN
1968.3672499999998	1968.5772499999998	145	EVERY
1968.5772499999998	1968.93125	265	MONDAY
1968.93125	1969.3072499999998	143	EVENING
1969.3072499999998	1977.6356875	99999	sp
1977.6356875	1977.8406874999998	130	DRAW
1977.8406874999998	1978.1116875	145	EVERY
1978.1116875	1978.3196874999999	308	OUTER
1978.3196874999999	1978.6496874999998	244	LINE
1978.6496874999998	1979.0576875	156	FIRST
1979.0576875	1979.1866874999998	436	THEN
1979.1866874999998	1979.4366874999998	154	FILL
1979.4366874999998	1979.5266875	217	IN
1979.5266875	1979.6266875	434	THE
1979.6266875	1980.3066875	222	INTERIOR
1980.3066875	1988.943375	99999	sp
1988.943375	1989.1333750000001	375	SHE
1989.1333750000001	1989.3523750000002	490	WORE
1989.3523750000002	1989.6023750000002	471	WARM
1989.6023750000002	1989.963375	158	FLEECY
1989.963375	1990.222375	489	WOOLEN
1990.222375	1990.903375	311	OVERALLS
1990.903375	1998.553	99999	sp
1998.553	1998.633	434	THE
1998.633	1998.878	369	ROSE
1998.878	1999.253	106	CORSAGE
1999.253	1999.5140000000001	393	SMELLED
1999.5140000000001	1999.893	421	SWEET
1999.893	2008.848875	99999	sp
2008.848875	2009.0368749999998	443	THOSE
2009.0368749999998	2009.1158749999997	484	WHO
2009.1158749999997	2009.3658749999997	427	TEACH
2009.3658749999997	2009.7668749999998	462	VALUES
2009.7668749999998	2010.0358749999998	156	FIRST
2010.0358749999998	2010.4268749999999	4	ABOLISH
2010.4268749999999	2010.8968749999997	87	CHEATING
2010.8968749999997	2018.7887392164862	99999	sp
2018.7887392164862	2019.2876293445693	115	CYCLICAL
2019.2876293445693	2019.8143830170397	346	PROGRAMS
2019.8143830170397	2019.953700738978	485	WILL
2019.953700738978	2020.2057994739134	281	NEVER
2020.2057994739134	2020.688767576632	100	COMPILE
2020.688767576632	2029.8225625	99999	sp
2029.8225625	2029.8955624999999	434	THE
2029.8955624999999	2030.1755625	165	FRIGHTENED
2030.1755625	2030.4455625	89	CHILD
2030.4455625	2030.5945625	472	WAS
2030.5945625	2030.8255625	176	GENTLY
2030.8255625	2031.2245625	410	SUBDUED
2031.2245625	2031.3055625	73	BY
2031.3055625	2031.5265625	208	HIS
2031.5265625	2031.6925625	52	BIG
2031.6925625	2032.0455625	66	BROTHER
2032.0455625	2039.8820625	99999	sp
2039.8820625	2039.9620625	434	THE
2039.9620625	2040.4159529944038	111	CRANBERRY
2040.4159529944038	2040.6730625	57	BOG
2040.6730625	2040.8820625	178	GETS
2040.8820625	2041.1820625	465	VERY
2041.1820625	2041.3930625	340	PRETTY
2041.3930625	2041.5150625	217	IN
2041.5150625	2041.9620625	40	AUTUMN
2041.9620625	2050.5311875	99999	sp
2050.5311875	2050.6391875000004	76	CAN
2050.6391875000004	2050.6901875000003	434	THE
2050.6901875000003	2051.1331875000005	11	AGENCY
2051.1331875000005	2051.5421875	315	OVERTHROW
2051.5421875	2051.9111875000003	13	ALIEN
2051.9111875000003	2052.4631875000005	162	FORCES
2052.4631875000005	2061.132	99999	sp
2061.132	2061.323	142	EVEN
2061.323	2061.3810000000003	1	A
2061.3810000000003	2061.7200000000003	383	SIMPLE
2061.7200000000003	2062.3559999999998	468	VOCABULARY
2062.3559999999998	2062.771	104	CONTAINS
2062.771	2063.411	422	SYMBOLS
2063.411	2072.3609375	99999	sp
2072.3609375	2072.4779375	257	MAY
2072.4779375	2072.5999375	211	I
2072.5999375	2072.8289375000004	304	ORDER
2072.8289375000004	2072.9379375	1	A
2072.9379375	2073.3969375	319	PARFAIT
2073.3969375	2073.7269375	10	AFTER
2073.7269375	2073.8069375	211	I
2073.8069375	2074.0029375000004	134	EAT
2074.0029375000004	2074.3069375	124	DINNER
2074.3069375	2082.7064375	99999	sp
2082.7064375	2082.8554375	270	MUM
2082.8554375	2083.2764375	407	STRONGLY
2083.2764375	2083.7254375	126	DISLIKES
2083.7254375	2084.5654375	27	APPETIZERS
2084.5654375	2092.975125	99999	sp
2092.975125	2093.067125	434	THE
2093.067125	2093.417125	475	WATER
2093.417125	2093.825125	103	CONTAINED
2093.825125	2093.936125	448	TOO
2093.936125	2094.238125	269	MUCH
2094.238125	2094.6821250000003	90	CHLORINE
2094.6821250000003	2095.391125	99999	sp
2095.391125	2095.533125	20	AND
2095.533125	2095.908125	409	STUNG
2095.908125	2096.4071249999997	208	HIS
2096.4071249999997	2096.966125	149	EYES
2096.966125	2106.319	99999	sp
2106.319	2106.5699999999997	145	EVERY
2106.5699999999997	2106.832	74	CAB
2106.832	2107.067	280	NEEDS
2107.067	2107.488	88888	REPAIRING
2107.488	2107.95	296	OFTEN
2107.95	2116.350125	99999	sp
2116.350125	2116.406125	30	ARE
2116.406125	2116.500125	496	YOUR
2116.500125	2116.817125	192	GRADES
2116.817125	2117.088125	206	HIGHER
2117.088125	2117.132125	302	OR
2117.132125	2117.406125	251	LOWER
2117.406125	2117.5171250000003	432	THAN
2117.5171250000003	2118.1661249999997	275	NANCY'S
2118.1661249999997	2126.60825	99999	sp
2126.60825	2126.7072500000004	210	HOW
2126.7072500000004	2126.91825	269	MUCH
2126.91825	2127.3142500000004	16	ALLOWANCE
2127.3142500000004	2127.4142500000003	128	DO
2127.4142500000003	2127.53425	495	YOU
2127.53425	2127.84425	177	GET
2127.84425	2136.8565	99999	sp
2136.8565	2136.9714999999997	438	THEY
2136.9714999999997	2137.0675	317	OWN
2137.0675	2137.1155	1	A
2137.1155	2137.3285	52	BIG
2137.3285	2137.6665000000003	209	HOUSE
2137.6665000000003	2137.7295	217	IN
2137.7295	2137.7815	434	THE
2137.7815	2138.0895	361	REMOTE
2138.0895	2138.7315	109	COUNTRYSIDE
2138.7315	2149.3230625	99999	sp
2149.3230625	2149.4540625	204	HER
2149.4540625	2149.8460625000002	470	WARDROBE
2149.8460625000002	2150.2530625	102	CONSISTS
2150.2530625	2150.7530625	298	ONLY
2150.7530625	2151.1980625	99999	sp
2151.1980625	2151.3190625	294	OF
2151.3190625	2151.5600625	298	ONLY
2151.5600625	2151.9030625000005	385	SKIRTS
2151.9030625000005	2152.0070625000003	20	AND
2152.0070625000003	2152.5330625	54	BLOUSES
2152.5330625	2158.504	99999	sp
2158.504	2158.561	99999	sp
2158.561	2158.865	229	JOHN'S
2158.865	2159.043	66	BROTHER
2159.043	2159.529	363	REPAINTED
2159.529	2159.6310000000003	434	THE
2159.6310000000003	2159.995	173	GARAGE
2159.995	2160.335	129	DOOR
2160.335	2178.308625	99999	sp
2178.308625	2178.4146250000003	30	ARE
2178.4146250000003	2178.4986250000006	496	YOUR
2178.4986250000006	2178.804625	192	GRADES
2178.804625	2179.0646250000004	206	HIGHER
2179.0646250000004	2179.094625	302	OR
2179.094625	2179.3486250000005	251	LOWER
2179.3486250000005	2179.4446250000005	432	THAN
2179.4446250000005	2180.0646250000004	275	NANCY'S
2180.0646250000004	2187.1739375	99999	sp
2187.1739375	2187.3119375	375	SHE
2187.3119375	2187.4829375000004	490	WORE
2187.4829375000004	2187.7829375	471	WARM
2187.7829375	2188.1439375	158	FLEECY
2188.1439375	2188.4629375000004	88888	WOODEN
2188.4629375000004	2188.7149375000004	99999	sp
2188.7149375000004	2189.0119375000004	489	WOOLEN
2189.0119375000004	2189.7129375000004	311	OVERALLS
2189.7129375000004	2196.8263125	99999	sp
2196.8263125	2197.0803124999998	354	READING
2197.0803124999998	2197.2223125	217	IN
2197.2223125	2197.3903124999997	335	POOR
2197.3903124999997	2197.6613125	240	LIGHT
2197.6613125	2197.8593124999998	181	GIVES
2197.8593124999998	2197.9703124999996	495	YOU
2197.9703124999996	2198.6193125	150	EYESTRAIN
2198.6193125	2205.409375	99999	sp
2205.409375	2205.654375	142	EVEN
2205.654375	2205.781375	211	I
2205.781375	2206.250375	293	OCCASIONALLY
2206.250375	2206.433375	177	GET
2206.433375	2206.4993750000003	434	THE
2206.4993750000003	2206.8293750000003	265	MONDAY
2206.8293750000003	2207.259375	56	BLUES
2207.259375	2207.299375	99999	sp
2207.299375	2213.4884375	99999	sp
2213.4884375	2213.5534375	476	WE
2213.5534375	2213.6344375000003	30	ARE
2213.6344375000003	2213.9234375	301	OPEN
2213.9234375	2214.1344375000003	145	EVERY
2214.1344375000003	2214.4614375	265	MONDAY
2214.4614375	2214.9144375	143	EVENING
2214.9144375	2223.143625	99999	sp
2223.143625	2223.252625	226	IT'S
2223.252625	2223.361625	285	NOT
2223.361625	2223.659625	133	EASY
2223.659625	2223.773625	446	TO
2223.773625	2224.072625	113	CREATE
2224.072625	2224.662625	215	ILLUMINATING
2224.662625	2225.372625	146	EXAMPLES
2225.372625	2233.8276875	99999	sp
2233.8276875	2233.9846875000003	270	MUM
2233.9846875000003	2234.3596875000003	407	STRONGLY
2234.3596875000003	2234.7946875000002	126	DISLIKES
2234.7946875000002	2235.6636875000004	27	APPETIZERS
2235.6636875000004	2244.0085625	99999	sp
2244.0085625	2244.1875625000002	443	THOSE
2244.1875625000002	2244.2895625000006	484	WHO
2244.2895625000006	2244.5275625000004	427	TEACH
2244.5275625000004	2244.9285625	462	VALUES
2244.9285625	2245.1875625000002	156	FIRST
2245.1875625000002	2245.6055625000004	4	ABOLISH
2245.6055625000004	2246.0585625000003	87	CHEATING
2246.0585625000003	2254.6228125	99999	sp
2254.6228125	2254.6908124999995	434	THE
2254.6908124999995	2254.9568124999996	165	FRIGHTENED
2254.9568124999996	2255.2308124999995	89	CHILD
2255.2308124999995	2255.3478124999997	472	WAS
2255.3478124999997	2255.6038124999995	176	GENTLY
2255.6038124999995	2255.9978125	410	SUBDUED
2255.9978125	2256.0938125	73	BY
2256.0938125	2256.2978124999995	208	HIS
2256.2978124999995	2256.4708124999997	52	BIG
2256.4708124999997	2256.8368124999997	66	BROTHER
2256.8368124999997	2266.22275	99999	sp
2266.22275	2266.5157499999996	142	EVEN
2266.5157499999996	2266.6457499999997	1	A
2266.6457499999997	2267.03575	383	SIMPLE
2267.03575	2267.6387499999996	468	VOCABULARY
2267.6387499999996	2268.0857499999997	104	CONTAINS
2268.0857499999997	2268.6747499999997	422	SYMBOLS
2268.6747499999997	2279.19375	99999	sp
2279.19375	2279.31775	1	A
2279.31775	2279.62775	110	CRAB
2279.62775	2280.12275	85	CHALLENGED
2280.12275	2280.49275	258	ME
2280.49275	2280.65175	99999	sp
2280.65175	2280.74975	70	BUT
2280.74975	2281.02575	1	A
2281.02575	2281.25275	350	QUICK
2281.25275	2281.59175	402	STAB
2281.59175	2282.05075	464	VANQUISHED
2282.05075	2282.28175	207	HIM
2282.28175	2290.46675	99999	sp
2290.46675	2291.00475	183	GLUCOSE
2291.00475	2291.09575	20	AND
2291.09575	2291.55575	167	FRUCTOSE
2291.55575	2291.58875	30	ARE
2291.58875	2291.9207499999998	276	NATURAL
2291.9207499999998	2292.33475	414	SUGARS
2292.33475	2292.5097499999997	163	FOUND
2292.5097499999997	2292.66075	217	IN
2292.66075	2292.9497499999998	168	FRUIT
2292.9497499999998	2300.3978125	99999	sp
2300.3978125	2300.4558125	30	ARE
2300.4558125	2300.5738125	495	YOU
2300.5738125	2300.8848125	250	LOOKING
2300.8848125	2300.9838124999997	161	FOR
2300.9838124999997	2301.5338125	136	EMPLOYMENT
2301.5338125	2311.8836875	99999	sp
2311.8836875	2312.1106875000005	98	COFFEE
2312.1106875000005	2312.2836875000003	224	IS
2312.2836875000003	2312.4296875000005	198	GROWN
2312.4296875000005	2312.5496875000003	297	ON
2312.5496875000003	2312.8836875	404	STEEP
2312.8836875	2313.1696875000002	231	JUNGLE
2313.1696875000002	2313.3506875000003	241	LIKE
2313.3506875000003	2313.7066875000005	390	SLOPES
2313.7066875000005	2313.8096875	217	IN
2313.8096875	2314.1696875000002	431	TEMPERATE
2314.1696875000002	2314.7306875000004	497	ZONES
2314.7306875000004	2323.3586875	99999	sp
2323.3586875	2323.4256875	476	WE
2323.4256875	2323.8016875	480	WELCOME
2323.8016875	2324.0816875	256	MANY
2324.0816875	2324.2316875	282	NEW
2324.2316875	2324.6706875	408	STUDENTS
2324.6706875	2324.9006875	132	EACH
2324.9006875	2325.2416875	491	YEAR
2325.2416875	2335.4686875	99999	sp
2335.4686875	2335.6446875	298	ONLY
2335.6446875	2335.7376875000004	434	THE
2335.7376875000004	2336.0196875	51	BEST
2336.0196875	2336.3446875000004	330	PLAYERS
2336.3446875000004	2336.6746875000003	139	ENJOY
2336.6746875000003	2337.3506875000003	336	POPULARITY
2337.3506875000003	2345.25925	99999	sp
2345.25925	2345.64325	75	CALCIUM
2345.64325	2345.87225	254	MAKES
2345.87225	2346.30325	58	BONES
2346.30325	2346.57525	99999	sp
2346.57525	2346.74225	20	AND
2346.74225	2346.97725	430	TEETH
2346.97725	2347.44325	406	STRONG
2347.44325	2356.834	99999	sp
2356.834	2357.144	286	NOTHING
2357.144	2357.2639999999997	224	IS
2357.2639999999997	2357.404	34	AS
2357.404	2358.152	295	OFFENSIVE
2358.152	2358.374	34	AS
2358.374	2359.034	219	INNOCENCE
2359.034	2368.176125	99999	sp
2368.176125	2368.4861250000004	405	STEVE
2368.4861250000004	2368.630125	490	WORE
2368.630125	2368.661125	1	A
2368.661125	2368.9661250000004	65	BRIGHT
2368.9661250000004	2369.176125	356	RED
2369.176125	2369.6261250000002	78	CASHMERE
2369.6261250000002	2370.056125	420	SWEATER
2370.056125	2378.229125	99999	sp
2378.229125	2378.493125	46	BARB'S
2378.493125	2378.723125	188	GOLD
2378.723125	2379.068125	63	BRACELET
2379.068125	2379.227125	472	WAS
2379.227125	2379.280125	1	A
2379.280125	2379.953125	193	GRADUATION
2379.953125	2380.334125	339	PRESENT
2380.334125	2389.596875	99999	sp
2389.596875	2389.7958750000003	130	DRAW
2389.7958750000003	2390.002875	145	EVERY
2390.002875	2390.242875	308	OUTER
2390.242875	2390.468875	244	LINE
2390.468875	2390.8628750000003	156	FIRST
2390.8628750000003	2391.000875	436	THEN
2391.000875	2391.214875	154	FILL
2391.214875	2391.287875	217	IN
2391.287875	2391.451875	434	THE
2391.451875	2392.154875	222	INTERIOR
2392.154875	2400.156375	99999	sp
2400.156375	2400.227375	434	THE
2400.227375	2400.421375	475	WATER
2400.421375	2400.903375	103	CONTAINED
2400.903375	2401.030375	448	TOO
2401.030375	2401.242375	269	MUCH
2401.242375	2401.514375	90	CHLORINE
2401.514375	2401.650375	20	AND
2401.650375	2401.907375	409	STUNG
2401.907375	2402.031375	208	HIS
2402.031375	2402.420375	149	EYES
2402.420375	2411.7818125	99999	sp
2411.7818125	2412.0898125	229	JOHN'S
2412.0898125	2412.2908125	66	BROTHER
2412.2908125	2412.8608124999996	363	REPAINTED
2412.8608124999996	2412.9758125	434	THE
2412.9758125	2413.3858124999997	173	GARAGE
2413.3858124999997	2413.7308125	129	DOOR
2413.7308125	2422.888125	99999	sp
2422.888125	2423.346125	84	CHALLENGE
2423.346125	2423.566125	132	EACH
2423.566125	2424.001125	175	GENERAL'S
2424.001125	2424.9651249999997	221	INTELLIGENCE
2424.9651249999997	2433.933625	99999	sp
2433.933625	2434.592625	17	AMBIDEXTROUS
2434.592625	2435.163625	327	PICKPOCKETS
2435.163625	2435.719625	6	ACCOMPLISH
2435.719625	2436.0846250000004	267	MORE
2436.0846250000004	2446.031	99999	sp
2446.031	2446.085	1	A
2446.085	2446.56	271	MUSCULAR
2446.56	2447.045	2	ABDOMEN
2447.045	2447.255	224	IS
2447.255	2447.3630000000003	189	GOOD
2447.3630000000003	2447.545	161	FOR
2447.545	2447.7270000000003	496	YOUR
2447.7270000000003	2448.235	43	BACK
2448.235	2456.9396875	99999	sp
2456.9396875	2457.0506875000005	438	THEY
2457.0506875000005	2457.1226875	317	OWN
2457.1226875	2457.2366875000002	1	A
2457.2366875000002	2457.3896875000005	52	BIG
2457.3896875000005	2457.8346875	209	HOUSE
2457.8346875	2457.8646875000004	217	IN
2457.8646875000004	2457.9196875000002	434	THE
2457.9196875000002	2458.2836875000003	361	REMOTE
2458.2836875000003	2458.9796875	109	COUNTRYSIDE
2458.9796875	2466.840375	99999	sp
2466.840375	2466.9373750000004	434	THE
2466.9373750000004	2467.132375	369	ROSE
2467.132375	2467.561375	106	CORSAGE
2467.561375	2467.8613750000004	393	SMELLED
2467.8613750000004	2468.2603750000003	421	SWEET
2468.2603750000003	2476.589125	99999	sp
2476.589125	2476.755125	433	THAT
2476.755125	2477.2291250000003	326	PICKPOCKET
2477.2291250000003	2477.418125	472	WAS
2477.418125	2477.6241250000003	80	CAUGHT
2477.6241250000003	2477.7961250000003	356	RED
2477.7961250000003	2478.2161250000004	199	HANDED
2478.2161250000004	2487.474939856107	99999	sp
2487.474939856107	2487.841939856107	9	ADULT
2487.841939856107	2488.108939856107	255	MALE
2488.108939856107	2488.594939856107	42	BABOON'S
2488.594939856107	2488.826939856107	430	TEETH
2488.826939856107	2488.891939856107	30	ARE
2488.891939856107	2489.105939856107	285	NOT
2489.105939856107	2489.4819398561067	415	SUITABLE
2489.4819398561067	2489.611939856107	161	FOR
2489.611939856107	2489.873939856107	135	EATING
2489.873939856107	2490.492939856107	376	SHELLFISH
2490.492939856107	2499.062375	99999	sp
2499.062375	2499.155375	204	HER
2499.155375	2499.573375	470	WARDROBE
2499.573375	2499.970375	102	CONSISTS
2499.970375	2500.285375	294	OF
2500.285375	2500.535375	298	ONLY
2500.535375	2500.961375	385	SKIRTS
2500.961375	2501.058375	20	AND
2501.058375	2501.656375	54	BLOUSES
2501.656375	2510.1231875	99999	sp
2510.1231875	2510.2661875	434	THE
2510.2661875	2510.4541875	453	TWO
2510.4541875	2510.8251874999996	33	ARTISTS
2510.8251874999996	2511.2841875	147	EXCHANGED
2511.2841875	2511.9951874999997	39	AUTOGRAPHS
2511.9951874999997	2520.2344375	99999	sp
2520.2344375	2520.7404374999996	71	BUTTERSCOTCH
2520.7404374999996	2521.0454374999995	169	FUDGE
2521.0454374999995	2521.3334374999995	186	GOES
2521.3334374999995	2521.4704374999997	481	WELL
2521.4704374999997	2521.6214374999995	487	WITH
2521.6214374999995	2521.8614374999997	463	VANILLA
2521.8614374999997	2522.1554374999996	212	ICE
2522.1554374999996	2522.4704374999997	112	CREAM
2522.4704374999997	2530.64325	99999	sp
2530.64325	2530.90025	366	RICH
2530.90025	2531.27925	349	PURCHASED
2531.27925	2531.61125	374	SEVERAL
2531.61125	2531.94925	382	SIGNED
2531.94925	2532.68925	245	LITHOGRAPHS
2532.68925	2541.0820625	99999	sp
2541.0820625	2541.2630624999997	24	ANY
2541.2630624999997	2541.9480625	105	CONTRIBUTIONS
2541.9480625	2542.0690624999997	485	WILL
2542.0690624999997	2542.1810625	47	BE
2542.1810625	2542.4880625	195	GREATLY
2542.4880625	2543.2380625	28	APPRECIATED
2543.2380625	2551.9343125	99999	sp
2551.9343125	2552.0283125	434	THE
2552.0283125	2552.5273125	111	CRANBERRY
2552.5273125	2552.7683125	57	BOG
2552.7683125	2552.9963125	178	GETS
2552.9963125	2553.2933125	465	VERY
2553.2933125	2553.5353124999997	340	PRETTY
2553.5353124999997	2553.6403124999997	217	IN
2553.6403124999997	2554.0143125	40	AUTUMN
2554.0143125	2561.372	99999	sp
2561.372	2561.5339999999997	210	HOW
2561.5339999999997	2561.6479999999997	128	DO
2561.6479999999997	2562.115	318	OYSTERS
2562.115	2562.3309999999997	253	MAKE
2562.3309999999997	2562.9449999999997	320	PEARLS
2562.9449999999997	2570.5250625	99999	sp
2570.5250625	2570.6760624999997	257	MAY
2570.6760624999997	2570.7190625	211	I
2570.7190625	2570.9870625	304	ORDER
2570.9870625	2571.0880625	1	A
2571.0880625	2571.4270625	319	PARFAIT
2571.4270625	2571.7110624999996	10	AFTER
2571.7110624999996	2571.8170625	211	I
2571.8170625	2571.9820624999998	134	EAT
2571.9820624999998	2572.3470625	124	DINNER
2572.3470625	2579.207375	99999	sp
2579.207375	2579.298375	224	IS
2579.298375	2579.4763749999997	375	SHE
2579.4763749999997	2579.6683749999997	187	GOING
2579.6683749999997	2579.887375	487	WITH
2579.887375	2580.098375	495	YOU
2580.098375	2589.271375	99999	sp
2589.271375	2589.338375	76	CAN
2589.338375	2589.381375	434	THE
2589.381375	2589.8603749999997	11	AGENCY
2589.8603749999997	2590.3063749999997	315	OVERTHROW
2590.3063749999997	2590.7103749999997	13	ALIEN
2590.7103749999997	2591.4003749999997	162	FORCES
2591.4003749999997	2599.4339677646203	99999	sp
2599.4339677646203	2599.5240702852343	1	A
2599.5240702852343	2600.055555243137	371	SCREWDRIVER
2600.055555243137	2600.150017563136	224	IS
2600.150017563136	2600.376284000289	252	MADE
2600.376284000289	2600.5506759756713	166	FROM
2600.5506759756713	2600.8791141959746	469	VODKA
2600.8791141959746	2600.9459644532044	20	AND
2600.9459644532044	2601.2598700088924	303	ORANGE
2601.2598700088924	2601.589572494065	230	JUICE
2601.589572494065	2608.53225	99999	sp
2608.53225	2608.64125	210	HOW
2608.64125	2608.8002500000002	269	MUCH
2608.8002500000002	2609.2472500000003	16	ALLOWANCE
2609.2472500000003	2609.33125	128	DO
2609.33125	2609.48325	495	YOU
2609.48325	2609.7512500000003	177	GET
2609.7512500000003	2619.3695625	99999	sp
2619.3695625	2619.8925624999997	115	CYCLICAL
2619.8925624999997	2620.4455624999996	346	PROGRAMS
2620.4455624999996	2620.5505624999996	485	WILL
2620.5505624999996	2620.7995625	281	NEVER
2620.7995625	2621.3185624999996	100	COMPILE
2621.3185624999996	2630.877875	99999	sp
2630.877875	2630.923875	434	THE
2630.923875	2631.252875	61	BOSTON
2631.252875	2631.538875	45	BALLET
2631.538875	2632.040875	312	OVERCAME
2632.040875	2632.171875	435	THEIR
2632.171875	2632.549875	170	FUNDING
2632.549875	2633.192875	380	SHORTAGE
2633.192875	2642.784	99999	sp
2642.784	2643.0130000000004	145	EVERY
2643.0130000000004	2643.2630000000004	74	CAB
2643.2630000000004	2643.5270000000005	280	NEEDS
2643.5270000000005	2643.992	364	REPAINTING
2643.992	2644.463	296	OFTEN
2644.463	2652.6813125	99999	sp
2652.6813125	2653.0503125	203	HELP
2653.0503125	2653.3173125	196	GREG
2653.3173125	2653.4523125	446	TO
2653.4523125	2653.6483125	325	PICK
2653.6483125	2653.7033125	1	A
2653.7033125	2653.9593125	321	PECK
2653.9593125	2654.0693125	294	OF
2654.0693125	2654.7133125	338	POTATOES
2654.7133125	2661.446125	99999	sp
2661.446125	2661.531125	476	WE
2661.531125	2661.7331249999997	241	LIKE
2661.7331249999997	2661.870125	55	BLUE
2661.870125	2662.2101249999996	88	CHEESE
2662.2101249999996	2662.327125	70	BUT
2662.327125	2662.627125	466	VICTOR
2662.627125	2662.9181249999997	242	LIKES
2662.9181249999997	2663.176125	64	BRIE
2663.176125	2671.3974375	99999	sp
2671.3974375	2671.5904374999996	108	COUNT
2671.5904374999996	2671.6484374999995	434	THE
2671.6484374999995	2671.8614374999997	289	NUMBER
2671.8614374999997	2671.9664374999998	294	OF
2671.9664374999998	2672.4214374999997	429	TEASPOONS
2672.4214374999997	2672.4914375	294	OF
2672.4914375	2673.0084374999997	395	SOYSAUCE
2673.0084374999997	2673.1514374999997	433	THAT
2673.1514374999997	2673.2714374999996	495	YOU
2673.2714374999996	2673.5704374999996	7	ADD
2673.5704374999996	2683.8375	99999	sp
2683.8375	2684.4445	44	BAGPIPES
2684.4445	2684.5445000000004	20	AND
2684.5445000000004	2684.9435000000003	59	BONGOS
2684.9435000000003	2684.9785	30	ARE
2684.9785	2685.3295000000003	273	MUSICAL
2685.3295000000003	2685.9695	220	INSTRUMENTS
2685.9695	2692.9271875	99999	sp
2692.9271875	2693.1321875	210	HOW
2693.1321875	2693.2281875	189	GOOD
2693.2281875	2693.4191875	224	IS
2693.4191875	2693.5011875	496	YOUR
2693.5011875	2694.2121875	138	ENDURANCE
2694.2121875	2709.8360625	99999	sp
2709.8360625	2709.9450625	226	IT'S
2709.9450625	2710.0540625	285	NOT
2710.0540625	2710.3520624999996	133	EASY
2710.3520624999996	2710.4660624999997	446	TO
2710.4660624999997	2710.7650624999997	113	CREATE
2710.7650624999997	2711.3550625	215	ILLUMINATING
2711.3550625	2712.0650625	146	EXAMPLES
2712.0650625	2720.982375	99999	sp
2720.982375	2721.2093750000004	98	COFFEE
2721.2093750000004	2721.382375	224	IS
2721.382375	2721.5283750000003	198	GROWN
2721.5283750000003	2721.648375	297	ON
2721.648375	2721.982375	404	STEEP
2721.982375	2722.268375	231	JUNGLE
2722.268375	2722.449375	241	LIKE
2722.449375	2722.8053750000004	390	SLOPES
2722.8053750000004	2722.908375	217	IN
2722.908375	2723.268375	431	TEMPERATE
2723.268375	2723.8293750000003	497	ZONES
2723.8293750000003	2730.8539375	99999	sp
2730.8539375	2731.0469375	108	COUNT
2731.0469375	2731.1049375	434	THE
2731.1049375	2731.3179375	289	NUMBER
2731.3179375	2731.4229375	294	OF
2731.4229375	2731.8779375	429	TEASPOONS
2731.8779375	2731.9479375	294	OF
2731.9479375	2732.4649375	395	SOYSAUCE
2732.4649375	2732.6079375	433	THAT
2732.6079375	2732.7279375	495	YOU
2732.7279375	2733.0269375	7	ADD
2733.0269375	2739.57775	99999	sp
2739.57775	2739.63575	30	ARE
2739.63575	2739.75375	495	YOU
2739.75375	2740.06475	250	LOOKING
2740.06475	2740.1637499999997	161	FOR
2740.1637499999997	2740.71375	136	EMPLOYMENT
2740.71375	2748.85725	99999	sp
2748.85725	2749.11125	354	READING
2749.11125	2749.25325	217	IN
2749.25325	2749.42125	335	POOR
2749.42125	2749.69225	240	LIGHT
2749.69225	2749.89025	181	GIVES
2749.89025	2750.00125	495	YOU
2750.00125	2750.65025	150	EYESTRAIN
2750.65025	2758.2560625	99999	sp
2758.2560625	2758.4370624999997	24	ANY
2758.4370624999997	2759.1220625	105	CONTRIBUTIONS
2759.1220625	2759.2430624999997	485	WILL
2759.2430624999997	2759.3550625	47	BE
2759.3550625	2759.6620625	195	GREATLY
2759.6620625	2760.4120625	28	APPRECIATED
2760.4120625	2769.3614375	99999	sp
2769.3614375	2769.6714375	286	NOTHING
2769.6714375	2769.7914375	224	IS
2769.7914375	2769.9314375000004	34	AS
2769.9314375000004	2770.6794375000004	295	OFFENSIVE
2770.6794375000004	2770.9014375	34	AS
2770.9014375	2771.5614375000005	219	INNOCENCE
2771.5614375000005	2779.7663125	99999	sp
2779.7663125	2779.8903125	1	A
2779.8903125	2780.2003125	110	CRAB
2780.2003125	2780.6953125	85	CHALLENGED
2780.6953125	2781.0653125	258	ME
2781.0653125	2781.2243125	99999	sp
2781.2243125	2781.3223125	70	BUT
2781.3223125	2781.5983125	1	A
2781.5983125	2781.8253125	350	QUICK
2781.8253125	2782.1643125	402	STAB
2782.1643125	2782.6233125	464	VANQUISHED
2782.6233125	2782.8543125	207	HIM
2782.8543125	2792.6285	99999	sp
2792.6285	2792.6825	1	A
2792.6825	2793.1575	271	MUSCULAR
2793.1575	2793.6425	2	ABDOMEN
2793.6425	2793.8525	224	IS
2793.8525	2793.9605	189	GOOD
2793.9605	2794.1425	161	FOR
2794.1425	2794.3245	496	YOUR
2794.3245	2794.8325	43	BACK
2794.8325	2803.4639375	99999	sp
2803.4639375	2803.5099375	434	THE
2803.5099375	2803.8389375	61	BOSTON
2803.8389375	2804.1249375	45	BALLET
2804.1249375	2804.6269375	312	OVERCAME
2804.6269375	2804.7579375	435	THEIR
2804.7579375	2805.1359375	170	FUNDING
2805.1359375	2805.7789375	380	SHORTAGE
2805.7789375	2814.590375	99999	sp
2814.590375	2814.9593750000004	203	HELP
2814.9593750000004	2815.226375	196	GREG
2815.226375	2815.3613750000004	446	TO
2815.3613750000004	2815.5573750000003	325	PICK
2815.5573750000003	2815.612375	1	A
2815.612375	2815.8683750000005	321	PECK
2815.8683750000005	2815.978375	294	OF
2815.978375	2816.6223750000004	338	POTATOES
2816.6223750000004	2825.0095625	99999	sp
2825.0095625	2825.1855625	298	ONLY
2825.1855625	2825.2785625	434	THE
2825.2785625	2825.5605625	51	BEST
2825.5605625	2825.8855625	330	PLAYERS
2825.8855625	2826.2155625	139	ENJOY
2826.2155625	2826.8915625	336	POPULARITY
2826.8915625	2833.6503206994294	99999	sp
2833.6503206994294	2833.725890555428	1	A
2833.725890555428	2834.2388936163443	371	SCREWDRIVER
2834.2388936163443	2834.336262469266	224	IS
2834.336262469266	2834.5542524384937	252	MADE
2834.5542524384937	2834.764976075414	166	FROM
2834.764976075414	2835.099227361563	469	VODKA
2835.099227361563	2835.160264552947	20	AND
2835.160264552947	2835.4538243781735	303	ORANGE
2835.4538243781735	2835.856379188014	230	JUICE
2835.856379188014	2845.337875	99999	sp
2845.337875	2845.721875	75	CALCIUM
2845.721875	2845.950875	254	MAKES
2845.950875	2846.381875	58	BONES
2846.381875	2846.653875	99999	sp
2846.653875	2846.820875	20	AND
2846.820875	2847.055875	430	TEETH
2847.055875	2847.521875	406	STRONG
2847.521875	2854.892627356107	99999	sp
2854.892627356107	2855.2596273561066	9	ADULT
2855.2596273561066	2855.526627356107	255	MALE
2855.526627356107	2856.012627356107	42	BABOON'S
2856.012627356107	2856.244627356107	430	TEETH
2856.244627356107	2856.309627356107	30	ARE
2856.309627356107	2856.5236273561068	285	NOT
2856.5236273561068	2856.8996273561065	415	SUITABLE
2856.8996273561065	2857.0296273561066	161	FOR
2857.0296273561066	2857.291627356107	135	EATING
2857.291627356107	2857.910627356107	376	SHELLFISH
2857.910627356107	2871.8340625	99999	sp
2871.8340625	2872.2920625	84	CHALLENGE
2872.2920625	2872.5120625	132	EACH
2872.5120625	2872.9470625	175	GENERAL'S
2872.9470625	2873.9110625	221	INTELLIGENCE
2873.9110625	2881.0558125	99999	sp
2881.0558125	2881.3658125	405	STEVE
2881.3658125	2881.5098125	490	WORE
2881.5098125	2881.5408125	1	A
2881.5408125	2881.8458125	65	BRIGHT
2881.8458125	2882.0558125	356	RED
2882.0558125	2882.5058125	78	CASHMERE
2882.5058125	2882.9358125	420	SWEATER
2882.9358125	2890.3186875	99999	sp
2890.3186875	2890.4616875	434	THE
2890.4616875	2890.6496875000003	453	TWO
2890.6496875000003	2891.0206875	33	ARTISTS
2891.0206875	2891.4796875	147	EXCHANGED
2891.4796875	2892.1906875	39	AUTOGRAPHS
2892.1906875	2899.3100625	99999	sp
2899.3100625	2899.4010625	224	IS
2899.4010625	2899.5790625	375	SHE
2899.5790625	2899.7710625	187	GOING
2899.7710625	2899.9900625	487	WITH
2899.9900625	2900.2010625000003	495	YOU
2900.2010625000003	2908.3881875	99999	sp
2908.3881875	2909.0471875000003	17	AMBIDEXTROUS
2909.0471875000003	2909.6181875	327	PICKPOCKETS
2909.6181875	2910.1741875000002	6	ACCOMPLISH
2910.1741875000002	2910.5391875000005	267	MORE
2910.5391875000005	2920.5811875	99999	sp
2920.5811875	2920.7861875	210	HOW
2920.7861875	2920.8821875	189	GOOD
2920.8821875	2921.0731875	224	IS
2921.0731875	2921.1551875	496	YOUR
2921.1551875	2921.8661875	138	ENDURANCE
2921.8661875	2930.0805	99999	sp
2930.0805	2930.3375	366	RICH
2930.3375	2930.7165	349	PURCHASED
2930.7165	2931.0485	374	SEVERAL
2931.0485	2931.3865	382	SIGNED
2931.3865	2932.1265	245	LITHOGRAPHS
2932.1265	2940.5059375	99999	sp
2940.5059375	2940.6719375000002	433	THAT
2940.6719375000002	2941.1459375000004	326	PICKPOCKET
2941.1459375000004	2941.3349375000003	472	WAS
2941.3349375000003	2941.5409375000004	80	CAUGHT
2941.5409375000004	2941.7129375000004	356	RED
2941.7129375000004	2942.1329375000005	199	HANDED
2942.1329375000005	2949.6233125	99999	sp
2949.6233125	2949.8873125	46	BARB'S
2949.8873125	2950.1173125	188	GOLD
2950.1173125	2950.4623125	63	BRACELET
2950.4623125	2950.6213125	472	WAS
2950.6213125	2950.6743125000003	1	A
2950.6743125000003	2951.3473125	193	GRADUATION
2951.3473125	2951.7283125	339	PRESENT
2951.7283125	2960.23425	99999	sp
2960.23425	2960.84125	44	BAGPIPES
2960.84125	2960.9412500000003	20	AND
2960.9412500000003	2961.34025	59	BONGOS
2961.34025	2961.37525	30	ARE
2961.37525	2961.72625	273	MUSICAL
2961.72625	2962.36625	220	INSTRUMENTS
2962.36625	2970.0594375	99999	sp
2970.0594375	2970.1444375	476	WE
2970.1444375	2970.3464375	241	LIKE
2970.3464375	2970.4834375	55	BLUE
2970.4834375	2970.8234374999997	88	CHEESE
2970.8234374999997	2970.9404375	70	BUT
2970.9404375	2971.2404375	466	VICTOR
2971.2404375	2971.5314375	242	LIKES
2971.5314375	2971.7894375	64	BRIE
2971.7894375	2981.078125	99999	sp
2981.078125	2981.616125	183	GLUCOSE
2981.616125	2981.707125	20	AND
2981.707125	2982.167125	167	FRUCTOSE
2982.167125	2982.200125	30	ARE
2982.200125	2982.5321249999997	276	NATURAL
2982.5321249999997	2982.946125	414	SUGARS
2982.946125	2983.1211249999997	163	FOUND
2983.1211249999997	2983.272125	217	IN
2983.272125	2983.5611249999997	168	FRUIT
2983.5611249999997	2991.950125	99999	sp
2991.950125	2992.4561249999997	71	BUTTERSCOTCH
2992.4561249999997	2992.7611249999995	169	FUDGE
2992.7611249999995	2993.0491249999995	186	GOES
2993.0491249999995	2993.1861249999997	481	WELL
2993.1861249999997	2993.3371249999996	487	WITH
2993.3371249999996	2993.577125	463	VANILLA
2993.577125	2993.8711249999997	212	ICE
2993.8711249999997	2994.1861249999997	112	CREAM
2994.1861249999997	3001.4745	99999	sp
3001.4745	3001.6364999999996	210	HOW
3001.6364999999996	3001.7504999999996	128	DO
3001.7504999999996	3002.2174999999997	318	OYSTERS
3002.2174999999997	3002.4334999999996	253	MAKE
3002.4334999999996	3003.0474999999997	320	PEARLS
3003.0474999999997	3011.3553125	99999	sp
3011.3553125	3011.6003124999997	142	EVEN
3011.6003124999997	3011.7273124999997	211	I
3011.7273124999997	3012.1963124999997	293	OCCASIONALLY
3012.1963124999997	3012.3793124999997	177	GET
3012.3793124999997	3012.4453125	434	THE
3012.4453125	3012.7753125	265	MONDAY
3012.7753125	3013.2053124999998	56	BLUES
3013.2053124999998	3013.2453124999997	99999	sp
3013.2453124999997	3022.0241875	99999	sp
3022.0241875	3022.0911875	476	WE
3022.0911875	3022.4671875	480	WELCOME
3022.4671875	3022.7471875	256	MANY
3022.7471875	3022.8971875	282	NEW
3022.8971875	3023.3361875	408	STUDENTS
3023.3361875	3023.5661875	132	EACH
3023.5661875	3023.9071875	491	YEAR
3023.9071875	3030.6219375	99999	sp
3030.6219375	3030.6869375	476	WE
3030.6869375	3030.7679375000002	30	ARE
3030.7679375000002	3031.0569375	301	OPEN
3031.0569375	3031.2679375000002	145	EVERY
3031.2679375000002	3031.5949375	265	MONDAY
3031.5949375	3032.0479375	143	EVENING
3032.0479375	3040.67375	99999	sp
3040.67375	3040.87275	130	DRAW
3040.87275	3041.07975	145	EVERY
3041.07975	3041.3197499999997	308	OUTER
3041.3197499999997	3041.5457499999998	244	LINE
3041.5457499999998	3041.93975	156	FIRST
3041.93975	3042.07775	436	THEN
3042.07775	3042.29175	154	FILL
3042.29175	3042.3647499999997	217	IN
3042.3647499999997	3042.52875	434	THE
3042.52875	3043.23175	222	INTERIOR
3043.23175	3050.9148125	99999	sp
3050.9148125	3051.0528125	375	SHE
3051.0528125	3051.2238125000003	490	WORE
3051.2238125000003	3051.5238125	471	WARM
3051.5238125	3051.8848125	158	FLEECY
3051.8848125	3052.2038125000004	88888	WOODEN
3052.2038125000004	3052.4558125000003	99999	sp
3052.4558125000003	3052.7528125000003	489	WOOLEN
3052.7528125000003	3053.4538125000004	311	OVERALLS
3053.4538125000004	3061.0161875	99999	sp
3061.0161875	3061.1131875	434	THE
3061.1131875	3061.3081875	369	ROSE
3061.3081875	3061.7371875	106	CORSAGE
3061.7371875	3062.0371875	393	SMELLED
3062.0371875	3062.4361875	421	SWEET
3062.4361875	3070.9138125	99999	sp
3070.9138125	3071.0928125	443	THOSE
3071.0928125	3071.1948125000004	484	WHO
3071.1948125000004	3071.4328125	427	TEACH
3071.4328125	3071.8338125	462	VALUES
3071.8338125	3072.0928125	156	FIRST
3072.0928125	3072.5108125	4	ABOLISH
3072.5108125	3072.9638125	87	CHEATING
3072.9638125	3080.524375	99999	sp
3080.524375	3081.0473749999996	115	CYCLICAL
3081.0473749999996	3081.6003749999995	346	PROGRAMS
3081.6003749999995	3081.7053749999995	485	WILL
3081.7053749999995	3081.954375	281	NEVER
3081.954375	3082.4733749999996	100	COMPILE
3082.4733749999996	3090.78925	99999	sp
3090.78925	3090.8572499999996	434	THE
3090.8572499999996	3091.1232499999996	165	FRIGHTENED
3091.1232499999996	3091.3972499999995	89	CHILD
3091.3972499999995	3091.5142499999997	472	WAS
3091.5142499999997	3091.7702499999996	176	GENTLY
3091.7702499999996	3092.16425	410	SUBDUED
3092.16425	3092.26025	73	BY
3092.26025	3092.4642499999995	208	HIS
3092.4642499999995	3092.6372499999998	52	BIG
3092.6372499999998	3093.0032499999998	66	BROTHER
3093.0032499999998	3099.5493125	99999	sp
3099.5493125	3099.6293124999997	434	THE
3099.6293124999997	3100.0783125	111	CRANBERRY
3099.6433125	3100.1423124999997	111	CRANBERRY
3100.0783125	3100.3403124999995	57	BOG
3100.1423124999997	3100.3833124999996	57	BOG
3100.3403124999995	3100.5493125	178	GETS
3100.3833124999996	3100.6113124999997	178	GETS
3100.5493125	3100.8493124999995	465	VERY
3100.6113124999997	3100.9083124999997	465	VERY
3100.8493124999995	3101.0603125	340	PRETTY
3100.9083124999997	3101.1503124999995	340	PRETTY
3101.0603125	3101.1823125	217	IN
3101.1503124999995	3101.2553124999995	217	IN
3101.1823125	3101.6303125	40	AUTUMN
3101.2553124999995	3101.6293124999997	40	AUTUMN
3101.6293124999997	3107.5711875	99999	sp
3107.5711875	3107.6381875	76	CAN
3107.6381875	3107.6811875000003	434	THE
3107.6811875000003	3108.1601875	11	AGENCY
3108.1601875	3108.6061875	315	OVERTHROW
3108.6061875	3109.0101875	13	ALIEN
3109.0101875	3109.7001875	162	FORCES
3109.7001875	3120.5825	99999	sp
3120.5825	3120.8754999999996	142	EVEN
3120.8754999999996	3121.0054999999998	1	A
3121.0054999999998	3121.3955	383	SIMPLE
3121.3955	3121.9984999999997	468	VOCABULARY
3121.9984999999997	3122.4455	104	CONTAINS
3122.4455	3123.0344999999998	422	SYMBOLS
3123.0344999999998	3131.45925	99999	sp
3131.45925	3131.6102499999997	257	MAY
3131.6102499999997	3131.65325	211	I
3131.65325	3131.92125	304	ORDER
3131.92125	3132.02225	1	A
3132.02225	3132.36125	319	PARFAIT
3132.36125	3132.6452499999996	10	AFTER
3132.6452499999996	3132.75125	211	I
3132.75125	3132.9162499999998	134	EAT
3132.9162499999998	3133.28125	124	DINNER
3133.28125	3142.1525625	99999	sp
3142.1525625	3142.3095625	270	MUM
3142.3095625	3142.6845625	407	STRONGLY
3142.6845625	3143.1195625	126	DISLIKES
3143.1195625	3143.9885625	27	APPETIZERS
3143.9885625	3152.3124375	99999	sp
3152.3124375	3152.3834375	434	THE
3152.3834375	3152.5774375	475	WATER
3152.5774375	3153.0594375	103	CONTAINED
3153.0594375	3153.1864375	448	TOO
3153.1864375	3153.3984375	269	MUCH
3153.3984375	3153.6704375000004	90	CHLORINE
3153.6704375000004	3153.8064375000004	20	AND
3153.8064375000004	3154.0634375	409	STUNG
3154.0634375	3154.1874375	208	HIS
3154.1874375	3154.5764375000003	149	EYES
3154.5764375000003	3162.542125	99999	sp
3162.542125	3162.771125	145	EVERY
3162.771125	3163.021125	74	CAB
3163.021125	3163.2851250000003	280	NEEDS
3163.2851250000003	3163.750125	364	REPAINTING
3163.750125	3164.221125	296	OFTEN
3164.221125	3172.5599375	99999	sp
3172.5599375	3172.6659375000004	30	ARE
3172.6659375000004	3172.7499375000007	496	YOUR
3172.7499375000007	3173.0559375000003	192	GRADES
3173.0559375000003	3173.3159375000005	206	HIGHER
3173.3159375000005	3173.3459375	302	OR
3173.3459375	3173.5999375000006	251	LOWER
3173.5999375000006	3173.6959375000006	432	THAN
3173.6959375000006	3174.3159375000005	275	NANCY'S
3174.3159375000005	3181.536	99999	sp
3181.536	3181.645	210	HOW
3181.645	3181.804	269	MUCH
3181.804	3182.251	16	ALLOWANCE
3182.251	3182.335	128	DO
3182.335	3182.487	495	YOU
3182.487	3182.755	177	GET
3182.755	3191.2160578938415	99999	sp
3191.2160578938415	3191.2934622101775	438	THEY
3191.2934622101775	3191.3777516649457	317	OWN
3191.3777516649457	3191.4591345867907	1	A
3191.4591345867907	3191.6771245560185	52	BIG
3191.6771245560185	3192.0230019738597	209	HOUSE
3192.0230019738597	3192.0782260993974	217	IN
3192.0782260993974	3192.190127616934	434	THE
3192.190127616934	3192.534551768314	361	REMOTE
3192.534551768314	3193.2302852095054	109	COUNTRYSIDE
3193.2302852095054	3201.2806875	99999	sp
3201.2806875	3201.3736875	204	HER
3201.3736875	3201.7916875	470	WARDROBE
3201.7916875	3202.1886875	102	CONSISTS
3202.1886875	3202.5036875	294	OF
3202.5036875	3202.7536875	298	ONLY
3202.7536875	3203.1796875	385	SKIRTS
3203.1796875	3203.2766875	20	AND
3203.2766875	3203.8746875	54	BLOUSES
3203.8746875	3211.98425	99999	sp
3211.98425	3212.29225	229	JOHN'S
3212.29225	3212.49325	66	BROTHER
3212.49325	3213.0632499999997	363	REPAINTED
3213.0632499999997	3213.17825	434	THE
3213.17825	3213.58825	173	GARAGE
3213.58825	3213.93325	129	DOOR
3213.93325	3225.4	99999	sp
