567.679	567.736	30	ARE
567.736	567.826	496	YOUR
567.826	568.091	192	GRADES
568.091	568.377	206	HIGHER
568.377	568.451	302	OR
568.451	568.717	251	LOWER
568.717	568.832	432	THAN
568.832	569.542	275	NANCY'S
569.542	579.0	99999	sp
579.0	579.152	375	SHE
579.152	579.346	490	WORE
579.346	579.652	471	WARM
579.652	579.976	158	FLEECY
579.976	580.212	489	WOOLEN
580.212	580.832	311	OVERALLS
580.832	589.861	99999	sp
589.861	590.101	354	READING
590.101	590.247	217	IN
590.247	590.432	335	POOR
590.432	590.667	240	LIGHT
590.667	590.897	181	GIVES
590.897	590.971	495	YOU
590.971	591.572	150	EYESTRAIN
591.572	597.0	99999	sp
597.0	599.884	99999	sp
599.884	600.09	142	EVEN
600.09	600.205	211	I
600.205	600.627	293	OCCASIONALLY
600.627	600.785	177	GET
600.785	600.841	434	THE
600.841	601.171	265	MONDAY
601.171	601.682	56	BLUES
601.682	609.633	99999	sp
609.633	609.711	476	WE
609.711	609.811	30	ARE
609.811	610.09	301	OPEN
610.09	610.313	145	EVERY
610.313	610.611	265	MONDAY
610.611	611.111	143	EVENING
611.111	619.495	99999	sp
619.495	619.602	226	IT'S
619.602	619.771	285	NOT
619.771	620.067	133	EASY
620.067	620.177	446	TO
620.177	620.431	113	CREATE
620.431	621.028	215	ILLUMINATING
621.028	621.762	146	EXAMPLES
621.762	629.799	99999	sp
629.799	629.981	270	MUM
629.981	630.394	407	STRONGLY
630.394	630.7909999999999	126	DISLIKES
630.7909999999999	631.631	27	APPETIZERS
631.631	634.392	99999	sp
634.392	636.011	99999	sp
636.011	639.943	99999	sp
639.943	640.136	443	THOSE
640.136	640.248	484	WHO
640.248	640.517	427	TEACH
640.517	640.901	462	VALUES
640.901	641.191	156	FIRST
641.191	641.6610000000001	4	ABOLISH
641.6610000000001	642.121	87	CHEATING
642.121	651.788	99999	sp
651.788	651.861	434	THE
651.861	652.252	165	FRIGHTENED
652.252	652.5409999999999	89	CHILD
652.5409999999999	652.701	472	WAS
652.701	652.962	176	GENTLY
652.962	653.4110000000001	410	SUBDUED
653.4110000000001	653.544	73	BY
653.544	653.76	208	HIS
653.76	653.933	52	BIG
653.933	654.322	66	BROTHER
654.322	663.494	99999	sp
663.494	663.665	142	EVEN
663.665	663.739	1	A
663.739	664.072	383	SIMPLE
664.072	664.724	468	VOCABULARY
664.724	665.162	104	CONTAINS
665.162	665.742	422	SYMBOLS
665.742	674.387	99999	sp
674.387	674.4639999999999	1	A
674.4639999999999	674.712	110	CRAB
674.712	675.111	85	CHALLENGED
675.111	675.221	258	ME
675.221	675.306	70	BUT
675.306	675.391	1	A
675.391	675.662	350	QUICK
675.662	675.953	402	STAB
675.953	676.3820000000001	464	VANQUISHED
676.3820000000001	676.611	207	HIM
676.611	685.156	99999	sp
685.156	685.622	183	GLUCOSE
685.622	685.692	20	AND
685.692	686.282	167	FRUCTOSE
686.282	686.5	30	ARE
686.5	686.901	167	FRUCTOSE
686.901	687.052	30	ARE
687.052	687.787	276	NATURAL
687.787	688.221	414	SUGARS
688.221	688.412	163	FOUND
688.412	688.52	217	IN
688.52	688.8820000000001	168	FRUIT
688.8820000000001	689.001	99999	sp
689.001	697.681	99999	sp
697.681	697.754	30	ARE
697.754	697.831	495	YOU
697.831	698.102	250	LOOKING
698.102	698.221	161	FOR
698.221	698.772	136	EMPLOYMENT
698.772	707.398	99999	sp
707.398	707.6320000000001	98	COFFEE
707.6320000000001	707.802	224	IS
707.802	708.011	198	GROWN
708.011	708.171	297	ON
708.171	708.471	404	STEEP
708.471	708.772	231	JUNGLE
708.772	708.962	241	LIKE
708.962	709.352	390	SLOPES
709.352	709.45	217	IN
709.45	709.7909999999999	431	TEMPERATE
709.7909999999999	710.361	497	ZONES
710.361	718.185	99999	sp
718.185	718.261	476	WE
718.261	718.621	480	WELCOME
718.621	718.841	256	MANY
718.841	719.011	282	NEW
719.011	719.462	408	STUDENTS
719.462	719.671	132	EACH
719.671	719.962	491	YEAR
719.962	729.385	99999	sp
729.385	729.552	298	ONLY
729.552	729.717	434	THE
729.717	729.972	51	BEST
729.972	730.342	330	PLAYERS
730.342	730.755	139	ENJOY
730.755	731.692	336	POPULARITY
731.692	732.322	99999	sp
732.322	734.082	99999	sp
734.082	739.7909999999999	99999	sp
739.7909999999999	740.162	75	CALCIUM
740.162	740.427	254	MAKES
740.427	741.002	58	BONES
741.002	741.094	99999	sp
741.094	741.24	20	AND
741.24	741.422	430	TEETH
741.422	741.922	406	STRONG
741.922	750.0509999999999	99999	sp
750.0509999999999	750.306	286	NOTHING
750.306	750.462	224	IS
750.462	750.592	34	AS
750.592	751.042	295	OFFENSIVE
751.042	751.192	34	AS
751.192	751.862	219	INNOCENCE
751.862	760.112	99999	sp
760.112	760.46	405	STEVE
760.46	760.562	490	WORE
760.562	760.677	1	A
760.677	760.9010000000001	65	BRIGHT
760.9010000000001	761.1279999999999	356	RED
761.1279999999999	761.562	78	CASHMERE
761.562	762.062	420	SWEATER
762.062	768.792	99999	sp
768.792	769.082	46	BARB'S
769.082	769.281	188	GOLD
769.281	769.612	63	BRACELET
769.612	769.742	472	WAS
769.742	769.826	1	A
769.826	770.4010000000001	193	GRADUATION
770.4010000000001	770.762	339	PRESENT
770.762	779.851	99999	sp
779.851	780.123	130	DRAW
780.123	780.377	145	EVERY
780.377	780.65	308	OUTER
780.65	780.891	244	LINE
780.891	781.232	156	FIRST
781.232	781.385	436	THEN
781.385	781.592	154	FILL
781.592	781.722	217	IN
781.722	781.822	434	THE
781.822	782.502	222	INTERIOR
782.502	789.392	99999	sp
789.392	789.462	434	THE
789.462	789.72	475	WATER
789.72	790.137	103	CONTAINED
790.137	790.282	448	TOO
790.282	790.4970000000001	269	MUCH
790.4970000000001	790.797	90	CHLORINE
790.797	790.922	20	AND
790.922	791.181	409	STUNG
791.181	791.342	208	HIS
791.342	791.782	149	EYES
791.782	800.998	99999	sp
800.998	801.296	229	JOHN'S
801.296	801.467	66	BROTHER
801.467	801.985	363	REPAINTED
801.985	802.072	434	THE
802.072	802.47	173	GARAGE
802.47	802.782	129	DOOR
802.782	810.758	99999	sp
810.758	811.322	84	CHALLENGE
811.322	811.672	132	EACH
811.672	812.063	175	GENERAL'S
812.063	813.248	221	INTELLIGENCE
813.248	821.835	99999	sp
821.835	822.4590000000001	17	AMBIDEXTROUS
822.4590000000001	823.0219999999999	327	PICKPOCKETS
823.0219999999999	823.496	6	ACCOMPLISH
823.496	823.792	267	MORE
823.792	832.057	99999	sp
832.057	832.076	1	A
832.076	832.524	271	MUSCULAR
832.524	832.9010000000001	2	ABDOMEN
832.9010000000001	833.002	224	IS
833.002	833.172	189	GOOD
833.172	833.312	161	FOR
833.312	833.403	496	YOUR
833.403	833.822	43	BACK
833.822	842.326	99999	sp
842.326	842.442	438	THEY
842.442	842.582	317	OWN
842.582	842.617	1	A
842.617	842.852	52	BIG
842.852	843.2280000000001	209	HOUSE
843.2280000000001	843.237	217	IN
843.237	843.322	434	THE
843.322	843.66	361	REMOTE
843.66	844.332	109	COUNTRYSIDE
844.332	853.462	99999	sp
853.462	853.999	99999	sp
853.999	854.066	434	THE
854.066	854.313	369	ROSE
854.313	854.7339999999999	106	CORSAGE
854.7339999999999	855.031	393	SMELLED
855.031	855.422	421	SWEET
855.422	864.36	99999	sp
864.36	864.534	433	THAT
864.534	865.0409999999999	326	PICKPOCKET
865.0409999999999	865.233	472	WAS
865.233	865.462	80	CAUGHT
865.462	865.659	356	RED
865.659	866.127	199	HANDED
866.127	874.7090000000001	99999	sp
874.7090000000001	874.74	19	AN
874.74	875.142	9	ADULT
875.142	875.328	255	MALE
875.328	875.889	42	BABOON'S
875.889	876.221	430	TEETH
876.221	876.908	99999	sp
876.908	877.0409999999999	30	ARE
877.0409999999999	877.322	285	NOT
877.322	877.832	415	SUITABLE
877.832	878.018	161	FOR
878.018	878.3430000000001	135	EATING
878.3430000000001	879.0260000000001	376	SHELLFISH
879.0260000000001	886.857	99999	sp
886.857	886.991	204	HER
886.991	887.3820000000001	470	WARDROBE
887.3820000000001	887.803	102	CONSISTS
887.803	887.892	294	OF
887.892	888.1279999999999	298	ONLY
888.1279999999999	888.462	385	SKIRTS
888.462	888.562	20	AND
888.562	889.172	54	BLOUSES
889.172	896.775	99999	sp
896.775	896.865	434	THE
896.865	896.992	453	TWO
896.992	897.281	33	ARTISTS
897.281	897.8620000000001	147	EXCHANGED
897.8620000000001	898.672	39	AUTOGRAPHS
898.672	906.101	99999	sp
906.101	906.6	71	BUTTERSCOTCH
906.6	907.072	169	FUDGE
907.072	907.356	186	GOES
907.356	907.572	481	WELL
907.572	907.712	487	WITH
907.712	908.048	463	VANILLA
908.048	908.297	212	ICE
908.297	908.6320000000001	112	CREAM
908.6320000000001	917.5609999999999	99999	sp
917.5609999999999	917.781	366	RICH
917.781	918.1510000000001	349	PURCHASED
918.1510000000001	918.45	374	SEVERAL
918.45	918.822	382	SIGNED
918.822	919.6320000000001	245	LITHOGRAPHS
919.6320000000001	928.394	99999	sp
928.394	928.568	24	ANY
928.568	929.322	105	CONTRIBUTIONS
929.322	929.4110000000001	485	WILL
929.4110000000001	929.5219999999999	47	BE
929.5219999999999	929.841	195	GREATLY
929.841	930.6220000000001	28	APPRECIATED
930.6220000000001	937.985	99999	sp
937.985	938.0409999999999	434	THE
938.0409999999999	938.434	111	CRANBERRY
938.434	938.7149999999999	57	BOG
938.7149999999999	938.942	178	GETS
938.942	939.2139999999999	465	VERY
939.2139999999999	939.45	340	PRETTY
939.45	939.553	217	IN
939.553	939.982	40	AUTUMN
939.982	949.274	99999	sp
949.274	949.447	210	HOW
949.447	949.531	128	DO
949.531	949.982	318	OYSTERS
949.982	950.207	253	MAKE
950.207	950.7719999999999	320	PEARLS
950.7719999999999	957.482	99999	sp
960.069	960.183	257	MAY
960.183	960.3720000000001	211	I
960.3720000000001	960.645	304	ORDER
960.645	960.802	1	A
960.802	961.2909999999999	319	PARFAIT
961.2909999999999	961.572	10	AFTER
961.572	961.682	211	I
961.682	961.9200000000001	134	EAT
961.9200000000001	962.2719999999999	124	DINNER
962.2719999999999	971.181	99999	sp
971.181	971.2719999999999	224	IS
971.2719999999999	971.392	375	SHE
971.392	971.642	187	GOING
971.642	971.8620000000001	487	WITH
971.8620000000001	972.0409999999999	495	YOU
972.0409999999999	981.315	99999	sp
981.315	981.422	76	CAN
981.422	981.482	434	THE
981.482	981.931	11	AGENCY
981.931	982.317	315	OVERTHROW
982.317	982.702	13	ALIEN
982.702	983.3720000000001	162	FORCES
983.3720000000001	991.7919999999999	99999	sp
991.7919999999999	991.832	1	A
991.832	992.341	371	SCREWDRIVER
992.341	992.502	224	IS
992.502	992.762	252	MADE
992.762	992.922	166	FROM
992.922	993.255	469	VODKA
993.255	993.367	20	AND
993.367	993.591	303	ORANGE
993.591	994.082	230	JUICE
994.082	1002.202	99999	sp
1002.202	1002.318	210	HOW
1002.318	1002.5160000000001	269	MUCH
1002.5160000000001	1002.942	16	ALLOWANCE
1002.942	1003.0409999999999	128	DO
1003.0409999999999	1003.182	495	YOU
1003.182	1003.4110000000001	177	GET
1003.4110000000001	1004.8820000000001	99999	sp
1004.8820000000001	1005.351	99999	sp
1005.351	1012.626	99999	sp
1012.626	1013.1410000000001	115	CYCLICAL
1013.1410000000001	1013.6220000000001	346	PROGRAMS
1013.6220000000001	1013.712	485	WILL
1013.712	1013.922	281	NEVER
1013.922	1014.452	100	COMPILE
1014.452	1022.2	99999	sp
1022.2	1022.252	434	THE
1022.252	1022.61	61	BOSTON
1022.61	1022.932	45	BALLET
1022.932	1023.422	312	OVERCAME
1023.422	1023.562	435	THEIR
1023.562	1023.874	170	FUNDING
1023.874	1024.471	380	SHORTAGE
1024.471	1034.673	99999	sp
1034.673	1034.906	145	EVERY
1034.906	1035.165	74	CAB
1035.165	1035.382	280	NEEDS
1035.382	1035.865	364	REPAINTING
1035.865	1036.3020000000001	296	OFTEN
1036.3020000000001	1044.4940000000001	99999	sp
1044.4940000000001	1044.738	203	HELP
1044.738	1044.978	196	GREG
1044.978	1045.12	446	TO
1045.12	1045.341	325	PICK
1045.341	1045.461	1	A
1045.461	1045.672	321	PECK
1045.672	1045.807	294	OF
1045.807	1046.5520000000001	338	POTATOES
1046.5520000000001	1053.472	99999	sp
1053.472	1053.591	476	WE
1053.591	1053.848	241	LIKE
1053.848	1054.028	55	BLUE
1054.028	1054.49	88	CHEESE
1054.49	1054.721	70	BUT
1054.721	1055.022	466	VICTOR
1055.022	1055.3319999999999	242	LIKES
1055.3319999999999	1055.397	99999	sp
1055.397	1055.692	64	BRIE
1055.692	1062.995	99999	sp
1062.995	1063.202	108	COUNT
1063.202	1063.262	434	THE
1063.262	1063.482	289	NUMBER
1063.482	1063.594	294	OF
1063.594	1064.022	429	TEASPOONS
1064.022	1064.128	294	OF
1064.128	1064.509	88888	TOY
1064.509	1064.6100000000001	294	OF
1064.6100000000001	1065.101	395	SOYSAUCE
1065.101	1065.221	433	THAT
1065.221	1065.362	495	YOU
1065.362	1065.712	7	ADD
1065.712	1073.9470000000001	99999	sp
1073.9470000000001	1074.474	44	BAGPIPES
1074.474	1074.5819999999999	20	AND
1074.5819999999999	1075.017	59	BONGOS
1075.017	1075.062	30	ARE
1075.062	1075.492	273	MUSICAL
1075.492	1076.132	220	INSTRUMENTS
1076.132	1076.962	99999	sp
1076.962	1077.971	99999	sp
1077.971	1079.091	99999	sp
1079.091	1084.159	99999	sp
1084.159	1084.32	210	HOW
1084.32	1084.452	189	GOOD
1084.452	1084.649	224	IS
1084.649	1084.742	496	YOUR
1084.742	1085.422	138	ENDURANCE
1085.422	1092.022	99999	sp
1092.022	1093.351	99999	sp
1093.351	1094.232	99999	sp
1094.232	1097.725	99999	sp
1636.6019999999999	1636.675	30	ARE
1636.675	1636.751	496	YOUR
1636.751	1637.065	192	GRADES
1637.065	1637.473	206	HIGHER
1637.473	1637.527	302	OR
1637.527	1637.801	251	LOWER
1637.801	1637.938	432	THAN
1637.938	1638.607	275	NANCY'S
1638.607	1646.031	99999	sp
1646.031	1646.192	375	SHE
1646.192	1646.49	490	WORE
1646.49	1646.912	99999	sp
1646.912	1647.248	471	WARM
1647.248	1647.682	158	FLEECY
1647.682	1647.952	489	WOOLEN
1647.952	1648.612	311	OVERALLS
1648.612	1657.161	99999	sp
1657.161	1657.431	354	READING
1657.431	1657.524	217	IN
1657.524	1657.7359999999999	335	POOR
1657.7359999999999	1657.932	240	LIGHT
1657.932	1658.1680000000001	181	GIVES
1658.1680000000001	1658.291	495	YOU
1658.291	1658.8690000000001	150	EYESTRAIN
1658.8690000000001	1666.692	99999	sp
1666.692	1667.432	99999	sp
1667.432	1667.503	99999	sp
1667.503	1667.763	142	EVEN
1667.763	1667.971	211	I
1667.971	1668.5230000000001	293	OCCASIONALLY
1668.5230000000001	1668.718	177	GET
1668.718	1668.812	434	THE
1668.812	1669.355	265	MONDAY
1669.355	1669.982	56	BLUES
1669.982	1670.262	99999	sp
1670.262	1670.992	99999	sp
1670.992	1673.281	99999	sp
1673.281	1673.591	99999	sp
1673.591	1676.78	99999	sp
1676.78	1676.893	476	WE
1676.893	1676.958	30	ARE
1676.958	1677.249	301	OPEN
1677.249	1677.453	145	EVERY
1677.453	1677.762	265	MONDAY
1677.762	1678.232	143	EVENING
1678.232	1685.406	99999	sp
1685.406	1685.484	226	IT'S
1685.484	1685.589	285	NOT
1685.589	1685.883	133	EASY
1685.883	1685.995	446	TO
1685.995	1686.3020000000001	113	CREATE
1686.3020000000001	1686.7939999999999	215	ILLUMINATING
1686.7939999999999	1687.492	146	EXAMPLES
1687.492	1696.2359999999999	99999	sp
1696.2359999999999	1696.425	270	MUM
1696.425	1696.769	407	STRONGLY
1696.769	1697.202	126	DISLIKES
1697.202	1698.012	27	APPETIZERS
1698.012	1707.738	99999	sp
1707.738	1707.915	443	THOSE
1707.915	1708.021	484	WHO
1708.021	1708.233	427	TEACH
1708.233	1708.626	462	VALUES
1708.626	1708.882	156	FIRST
1708.882	1709.258	4	ABOLISH
1709.258	1709.672	87	CHEATING
1709.672	1719.8139999999999	99999	sp
1719.8139999999999	1719.892	434	THE
1719.892	1720.1860000000001	165	FRIGHTENED
1720.1860000000001	1720.4360000000001	89	CHILD
1720.4360000000001	1720.6109999999999	472	WAS
1720.6109999999999	1720.824	176	GENTLY
1720.824	1721.152	410	SUBDUED
1721.152	1721.292	73	BY
1721.292	1721.432	208	HIS
1721.432	1721.614	52	BIG
1721.614	1722.001	66	BROTHER
1722.001	1730.01	99999	sp
1730.01	1730.187	142	EVEN
1730.187	1730.258	1	A
1730.258	1730.542	383	SIMPLE
1730.542	1731.101	468	VOCABULARY
1731.101	1731.511	104	CONTAINS
1731.511	1732.0520000000001	422	SYMBOLS
1732.0520000000001	1740.751	99999	sp
1740.751	1740.846	1	A
1740.846	1741.1109999999999	110	CRAB
1741.1109999999999	1741.5030000000002	85	CHALLENGED
1741.5030000000002	1741.5819999999999	258	ME
1741.5819999999999	1741.6979999999999	70	BUT
1741.6979999999999	1741.786	1	A
1741.786	1742.001	350	QUICK
1742.001	1742.3609999999999	402	STAB
1742.3609999999999	1742.8220000000001	464	VANQUISHED
1742.8220000000001	1743.0320000000002	207	HIM
1743.0320000000002	1751.096	99999	sp
1751.096	1751.5	183	GLUCOSE
1751.5	1751.598	20	AND
1751.598	1752.0140000000001	167	FRUCTOSE
1752.0140000000001	1752.058	30	ARE
1752.058	1752.432	276	NATURAL
1752.432	1752.841	414	SUGARS
1752.841	1753.016	163	FOUND
1753.016	1753.15	217	IN
1753.15	1753.5320000000002	168	FRUIT
1753.5320000000002	1755.792	99999	sp
1755.792	1756.272	99999	sp
1756.272	1762.1950000000002	99999	sp
1762.1950000000002	1762.274	30	ARE
1762.274	1762.3609999999999	495	YOU
1762.3609999999999	1762.6309999999999	250	LOOKING
1762.6309999999999	1762.761	161	FOR
1762.761	1763.341	136	EMPLOYMENT
1763.341	1765.062	99999	sp
1765.062	1765.511	99999	sp
1765.511	1771.983	99999	sp
1771.983	1772.2640000000001	98	COFFEE
1772.2640000000001	1772.4009999999998	224	IS
1772.4009999999998	1772.712	198	GROWN
1772.712	1772.851	297	ON
1772.851	1773.182	404	STEEP
1773.182	1773.452	231	JUNGLE
1773.452	1773.642	241	LIKE
1773.642	1774.001	390	SLOPES
1774.001	1774.091	217	IN
1774.091	1774.462	431	TEMPERATE
1774.462	1775.042	497	ZONES
1775.042	1776.261	99999	sp
1776.261	1783.7150000000001	99999	sp
1783.7150000000001	1783.841	88888	WHY
1783.841	1784.182	480	WELCOME
1784.182	1784.411	256	MANY
1784.411	1784.5720000000001	282	NEW
1784.5720000000001	1784.991	408	STUDENTS
1784.991	1785.194	132	EACH
1785.194	1785.442	491	YEAR
1785.442	1791.0	99999	sp
1791.0	1795.977	99999	sp
1795.977	1796.203	298	ONLY
1796.203	1796.336	434	THE
1796.336	1796.561	51	BEST
1796.561	1796.872	330	PLAYERS
1796.872	1797.2	139	ENJOY
1797.2	1797.932	336	POPULARITY
1797.932	1805.39	99999	sp
1805.39	1805.761	75	CALCIUM
1805.761	1806.007	254	MAKES
1806.007	1806.39	58	BONES
1806.39	1806.512	20	AND
1806.512	1806.721	430	TEETH
1806.721	1807.232	406	STRONG
1807.232	1816.509	99999	sp
1816.509	1816.812	286	NOTHING
1816.812	1816.962	224	IS
1816.962	1817.079	34	AS
1817.079	1817.652	295	OFFENSIVE
1817.652	1817.861	34	AS
1817.861	1818.502	219	INNOCENCE
1818.502	1826.252	99999	sp
1826.252	1826.567	405	STEVE
1826.567	1826.671	490	WORE
1826.671	1826.767	1	A
1826.767	1826.962	65	BRIGHT
1826.962	1827.164	356	RED
1827.164	1827.577	78	CASHMERE
1827.577	1828.002	420	SWEATER
1828.002	1834.161	99999	sp
1834.161	1834.679	99999	sp
1834.679	1835.044	46	BARB'S
1835.044	1835.244	188	GOLD
1835.244	1835.601	63	BRACELET
1835.601	1835.744	472	WAS
1835.744	1835.798	1	A
1835.798	1836.523	193	GRADUATION
1836.523	1837.098	339	PRESENT
1837.098	1837.611	99999	sp
1837.611	1838.971	99999	sp
1838.971	1845.311	99999	sp
1845.311	1845.559	130	DRAW
1845.559	1846.081	145	EVERY
1846.081	1846.351	308	OUTER
1846.351	1846.644	244	LINE
1846.644	1847.041	156	FIRST
1847.041	1847.241	436	THEN
1847.241	1847.411	154	FILL
1847.411	1847.471	217	IN
1847.471	1847.541	434	THE
1847.541	1848.191	222	INTERIOR
1848.191	1856.5819999999999	99999	sp
1856.5819999999999	1856.641	434	THE
1856.641	1856.922	475	WATER
1856.922	1857.352	103	CONTAINED
1857.352	1857.453	448	TOO
1857.453	1857.695	269	MUCH
1857.695	1857.989	90	CHLORINE
1857.989	1858.102	20	AND
1858.102	1858.371	409	STUNG
1858.371	1858.522	208	HIS
1858.522	1859.061	149	EYES
1859.061	1866.588	99999	sp
1866.588	1866.92	229	JOHN'S
1866.92	1867.111	66	BROTHER
1867.111	1867.662	363	REPAINTED
1867.662	1867.763	434	THE
1867.763	1868.159	173	GARAGE
1868.159	1868.481	129	DOOR
1868.481	1877.313	99999	sp
1877.313	1877.736	84	CHALLENGE
1877.736	1877.882	132	EACH
1877.882	1878.297	175	GENERAL'S
1878.297	1879.132	221	INTELLIGENCE
1879.132	1891.318	99999	sp
1891.318	1891.853	17	AMBIDEXTROUS
1891.853	1892.423	327	PICKPOCKETS
1892.423	1892.9279999999999	6	ACCOMPLISH
1892.9279999999999	1893.242	267	MORE
1893.242	1901.694	99999	sp
1901.694	1901.72	1	A
1901.72	1902.162	271	MUSCULAR
1902.162	1902.531	2	ABDOMEN
1902.531	1902.671	224	IS
1902.671	1902.802	189	GOOD
1902.802	1902.941	161	FOR
1902.941	1903.041	496	YOUR
1903.041	1903.401	43	BACK
1903.401	1911.749	99999	sp
1911.749	1911.841	438	THEY
1911.841	1911.905	317	OWN
1911.905	1911.941	1	A
1911.941	1912.151	52	BIG
1912.151	1912.488	209	HOUSE
1912.488	1912.5	217	IN
1912.5	1912.561	434	THE
1912.561	1912.852	361	REMOTE
1912.852	1913.492	109	COUNTRYSIDE
1913.492	1922.0819999999999	99999	sp
1922.0819999999999	1922.179	434	THE
1922.179	1922.362	369	ROSE
1922.362	1922.752	106	CORSAGE
1922.752	1923.032	393	SMELLED
1923.032	1923.482	421	SWEET
1923.482	1931.7350000000001	99999	sp
1931.7350000000001	1931.926	433	THAT
1931.926	1932.449	326	PICKPOCKET
1932.449	1932.622	472	WAS
1932.622	1932.8220000000001	80	CAUGHT
1932.8220000000001	1933.012	356	RED
1933.012	1933.482	199	HANDED
1933.482	1941.501	99999	sp
1941.501	1941.525	19	AN
1941.525	1941.842	9	ADULT
1941.842	1941.962	255	MALE
1941.962	1942.441	42	BABOON'S
1942.441	1942.637	430	TEETH
1942.637	1942.706	30	ARE
1942.706	1942.914	285	NOT
1942.914	1943.281	415	SUITABLE
1943.281	1943.412	161	FOR
1943.412	1943.676	135	EATING
1943.676	1944.282	376	SHELLFISH
1944.282	1952.872	99999	sp
1952.872	1953.012	204	HER
1953.012	1953.352	470	WARDROBE
1953.352	1953.772	102	CONSISTS
1953.772	1953.882	294	OF
1953.882	1954.062	298	ONLY
1954.062	1954.431	385	SKIRTS
1954.431	1954.522	20	AND
1954.522	1955.142	54	BLOUSES
1955.142	1963.519	99999	sp
1963.519	1963.644	434	THE
1963.644	1963.8029999999999	453	TWO
1963.8029999999999	1964.104	33	ARTISTS
1964.104	1964.563	147	EXCHANGED
1964.563	1965.232	39	AUTOGRAPHS
1965.232	1972.55	99999	sp
1972.55	1973.102	71	BUTTERSCOTCH
1973.102	1973.398	169	FUDGE
1973.398	1973.675	186	GOES
1973.675	1973.852	481	WELL
1973.852	1974.002	487	WITH
1974.002	1974.32	463	VANILLA
1974.32	1974.5819999999999	212	ICE
1974.5819999999999	1974.892	112	CREAM
1974.892	1981.842	99999	sp
1981.842	1983.931	99999	sp
1983.931	1984.074	99999	sp
1984.074	1984.285	366	RICH
1984.285	1984.632	349	PURCHASED
1984.632	1984.924	374	SEVERAL
1984.924	1985.252	382	SIGNED
1985.252	1985.992	245	LITHOGRAPHS
1985.992	1988.202	99999	sp
1988.202	1993.631	99999	sp
1993.631	1993.825	24	ANY
1993.825	1994.443	105	CONTRIBUTIONS
1994.443	1994.534	485	WILL
1994.534	1994.654	47	BE
1994.654	1994.982	195	GREATLY
1994.982	1995.681	28	APPRECIATED
1995.681	2003.888	99999	sp
2003.888	2004.003	434	THE
2004.003	2004.446	111	CRANBERRY
2004.446	2004.667	57	BOG
2004.667	2004.862	178	GETS
2004.862	2005.115	465	VERY
2005.115	2005.331	340	PRETTY
2005.331	2005.4279999999999	217	IN
2005.4279999999999	2005.792	40	AUTUMN
2005.792	2014.124	99999	sp
2014.124	2014.346	210	HOW
2014.346	2014.502	128	DO
2014.502	2014.954	318	OYSTERS
2014.954	2015.161	253	MAKE
2015.161	2015.692	320	PEARLS
2015.692	2024.407	99999	sp
2024.407	2024.527	257	MAY
2024.527	2024.622	211	I
2024.622	2024.973	304	ORDER
2024.973	2025.108	1	A
2025.108	2025.518	319	PARFAIT
2025.518	2025.892	10	AFTER
2025.892	2026.042	211	I
2026.042	2026.226	134	EAT
2026.226	2026.612	124	DINNER
2026.612	2029.912	99999	sp
2029.912	2031.5720000000001	99999	sp
2031.5720000000001	2035.468	99999	sp
2035.468	2035.662	224	IS
2035.662	2035.8899999999999	375	SHE
2035.8899999999999	2036.151	187	GOING
2036.151	2036.422	487	WITH
2036.422	2036.472	99999	sp
2036.472	2037.0819999999999	495	YOU
2037.0819999999999	2037.222	99999	sp
2037.222	2038.681	99999	sp
2038.681	2045.283	99999	sp
2045.283	2045.345	76	CAN
2045.345	2045.458	434	THE
2045.458	2045.805	11	AGENCY
2045.805	2046.246	315	OVERTHROW
2046.246	2046.602	13	ALIEN
2046.602	2047.262	162	FORCES
2047.262	2056.256	99999	sp
2056.256	2056.291	1	A
2056.291	2056.812	371	SCREWDRIVER
2056.812	2056.968	224	IS
2056.968	2057.182	252	MADE
2057.182	2057.358	166	FROM
2057.358	2057.666	469	VODKA
2057.666	2057.7780000000002	20	AND
2057.7780000000002	2058.012	303	ORANGE
2058.012	2058.531	230	JUICE
2058.531	2067.651	99999	sp
2067.651	2067.802	210	HOW
2067.802	2067.998	269	MUCH
2067.998	2068.38	16	ALLOWANCE
2068.38	2068.462	128	DO
2068.462	2068.589	495	YOU
2068.589	2068.832	177	GET
2068.832	2077.582	99999	sp
2077.582	2077.942	88888	CYCLI
2077.942	2078.111	99999	sp
2078.111	2078.771	115	CYCLICAL
2078.771	2079.2799999999997	346	PROGRAMS
2079.2799999999997	2079.317	485	WILL
2079.317	2079.591	281	NEVER
2079.591	2080.101	100	COMPILE
2080.101	2088.111	99999	sp
2088.111	2088.202	434	THE
2088.202	2088.512	61	BOSTON
2088.512	2088.851	45	BALLET
2088.851	2089.272	312	OVERCAME
2089.272	2089.382	435	THEIR
2089.382	2089.712	170	FUNDING
2089.712	2090.312	380	SHORTAGE
2090.312	2101.663	99999	sp
2101.663	2101.956	145	EVERY
2101.956	2102.252	74	CAB
2102.252	2102.507	280	NEEDS
2102.507	2102.992	364	REPAINTING
2102.992	2103.452	296	OFTEN
2103.452	2111.9809999999998	99999	sp
2111.9809999999998	2112.21	203	HELP
2112.21	2112.46	196	GREG
2112.46	2112.574	446	TO
2112.574	2112.7690000000002	325	PICK
2112.7690000000002	2112.874	1	A
2112.874	2113.062	321	PECK
2113.062	2113.241	294	OF
2113.241	2113.851	338	POTATOES
2113.851	2121.084	99999	sp
2121.084	2121.129	476	WE
2121.129	2121.338	241	LIKE
2121.338	2121.51	55	BLUE
2121.51	2122.147	88	CHEESE
2122.147	2122.726	20	AND
2122.726	2122.8360000000002	70	BUT
2122.8360000000002	2123.1	466	VICTOR
2123.1	2123.401	242	LIKES
2123.401	2123.672	64	BRIE
2123.672	2131.143	99999	sp
2131.143	2131.337	108	COUNT
2131.337	2131.396	434	THE
2131.396	2131.632	289	NUMBER
2131.632	2131.734	294	OF
2131.734	2132.261	429	TEASPOONS
2132.261	2132.351	294	OF
2132.351	2132.932	395	SOYSAUCE
2132.932	2133.062	433	THAT
2133.062	2133.202	495	YOU
2133.202	2133.512	7	ADD
2133.512	2144.312	99999	sp
2144.312	2144.795	44	BAGPIPES
2144.795	2144.909	20	AND
2144.909	2145.31	59	BONGOS
2145.31	2145.372	30	ARE
2145.372	2145.757	273	MUSICAL
2145.757	2146.452	220	INSTRUMENTS
2146.452	2155.295	99999	sp
2155.295	2155.475	210	HOW
2155.475	2155.558	189	GOOD
2155.558	2155.692	224	IS
2155.692	2155.781	496	YOUR
2155.781	2156.432	138	ENDURANCE
2156.432	2161.721	99999	sp
2161.721	2168.992	99999	sp
2705.413	2705.468	30	ARE
2705.468	2705.588	496	YOUR
2705.588	2705.911	192	GRADES
2705.911	2706.192	206	HIGHER
2706.192	2706.221	302	OR
2706.221	2706.471	251	LOWER
2706.471	2706.601	432	THAN
2706.601	2707.232	275	NANCY'S
2707.232	2715.96	99999	sp
2715.96	2716.14	375	SHE
2716.14	2716.322	490	WORE
2716.322	2716.632	471	WARM
2716.632	2717.081	158	FLEECY
2717.081	2717.369	489	WOOLEN
2717.369	2718.252	311	OVERALLS
2718.252	2726.906	99999	sp
2726.906	2727.132	354	READING
2727.132	2727.262	217	IN
2727.262	2727.452	335	POOR
2727.452	2727.6639999999998	240	LIGHT
2727.6639999999998	2727.876	181	GIVES
2727.876	2727.932	495	YOU
2727.932	2728.512	150	EYESTRAIN
2728.512	2735.801	99999	sp
2735.801	2735.985	142	EVEN
2735.985	2736.1	211	I
2736.1	2736.551	293	OCCASIONALLY
2736.551	2736.661	177	GET
2736.661	2736.712	434	THE
2736.712	2737.077	265	MONDAY
2737.077	2737.522	56	BLUES
2737.522	2744.754	99999	sp
2744.754	2744.851	476	WE
2744.851	2744.922	30	ARE
2744.922	2745.132	301	OPEN
2745.132	2745.362	145	EVERY
2745.362	2745.651	265	MONDAY
2745.651	2746.112	143	EVENING
2746.112	2753.768	99999	sp
2753.768	2753.784	226	IT'S
2753.784	2753.911	285	NOT
2753.911	2754.171	133	EASY
2754.171	2754.262	446	TO
2754.262	2754.502	113	CREATE
2754.502	2755.022	215	ILLUMINATING
2755.022	2755.682	146	EXAMPLES
2755.682	2764.679	99999	sp
2764.679	2764.841	270	MUM
2764.841	2765.2219999999998	407	STRONGLY
2765.2219999999998	2765.612	126	DISLIKES
2765.612	2766.362	27	APPETIZERS
2766.362	2774.56	99999	sp
2774.56	2774.762	443	THOSE
2774.762	2774.8469999999998	484	WHO
2774.8469999999998	2775.078	427	TEACH
2775.078	2775.5280000000002	462	VALUES
2775.5280000000002	2775.837	156	FIRST
2775.837	2776.255	4	ABOLISH
2776.255	2776.672	87	CHEATING
2776.672	2778.012	99999	sp
2778.012	2786.107	99999	sp
2786.107	2786.217	434	THE
2786.217	2786.661	165	FRIGHTENED
2786.661	2787.012	89	CHILD
2787.012	2787.492	472	WAS
2787.492	2787.971	176	GENTLY
2787.971	2788.4700000000003	410	SUBDUED
2788.4700000000003	2788.612	73	BY
2788.612	2788.918	208	HIS
2788.918	2789.117	52	BIG
2789.117	2790.022	66	BROTHER
2790.022	2798.805	99999	sp
2798.805	2799.043	142	EVEN
2799.043	2799.204	1	A
2799.204	2799.552	383	SIMPLE
2799.552	2800.147	468	VOCABULARY
2800.147	2800.562	104	CONTAINS
2800.562	2801.172	422	SYMBOLS
2801.172	2809.909	99999	sp
2809.909	2809.966	1	A
2809.966	2810.193	110	CRAB
2810.193	2810.582	85	CHALLENGED
2810.582	2810.661	258	ME
2810.661	2810.753	70	BUT
2810.753	2810.8450000000003	1	A
2810.8450000000003	2811.041	350	QUICK
2811.041	2811.302	402	STAB
2811.302	2811.721	464	VANQUISHED
2811.721	2811.952	207	HIM
2811.952	2819.957	99999	sp
2819.957	2820.353	183	GLUCOSE
2820.353	2820.442	20	AND
2820.442	2820.897	167	FRUCTOSE
2820.897	2820.945	30	ARE
2820.945	2821.262	276	NATURAL
2821.262	2821.651	414	SUGARS
2821.651	2821.862	163	FOUND
2821.862	2821.954	217	IN
2821.954	2822.291	168	FRUIT
2822.291	2826.591	99999	sp
2826.591	2826.884	99999	sp
2826.884	2830.259	99999	sp
2830.259	2830.34	30	ARE
2830.34	2830.392	495	YOU
2830.392	2830.661	250	LOOKING
2830.661	2830.772	161	FOR
2830.772	2831.351	136	EMPLOYMENT
2831.351	2839.892	99999	sp
2839.892	2840.101	98	COFFEE
2840.101	2840.263	224	IS
2840.263	2840.432	198	GROWN
2840.432	2840.572	297	ON
2840.572	2840.8559999999998	404	STEEP
2840.8559999999998	2841.122	231	JUNGLE
2841.122	2841.302	241	LIKE
2841.302	2841.752	390	SLOPES
2841.752	2841.882	217	IN
2841.882	2842.221	431	TEMPERATE
2842.221	2842.752	497	ZONES
2842.752	2850.767	99999	sp
2850.767	2850.865	476	WE
2850.865	2851.182	480	WELCOME
2851.182	2851.362	256	MANY
2851.362	2851.494	282	NEW
2851.494	2851.892	408	STUDENTS
2851.892	2852.072	132	EACH
2852.072	2852.362	491	YEAR
2852.362	2867.412	99999	sp
2867.412	2867.552	298	ONLY
2867.552	2867.61	434	THE
2867.61	2867.831	51	BEST
2867.831	2868.142	330	PLAYERS
2868.142	2868.445	139	ENJOY
2868.445	2869.192	336	POPULARITY
2869.192	2876.374	99999	sp
2876.374	2876.772	75	CALCIUM
2876.772	2876.998	254	MAKES
2876.998	2877.258	58	BONES
2877.258	2877.372	20	AND
2877.372	2877.562	430	TEETH
2877.562	2878.031	406	STRONG
2878.031	2885.911	99999	sp
2885.911	2886.242	286	NOTHING
2886.242	2886.3559999999998	224	IS
2886.3559999999998	2886.492	34	AS
2886.492	2886.969	295	OFFENSIVE
2886.969	2887.091	34	AS
2887.091	2887.791	219	INNOCENCE
2887.791	2895.351	99999	sp
2895.351	2895.637	405	STEVE
2895.637	2895.742	490	WORE
2895.742	2895.842	1	A
2895.842	2896.092	65	BRIGHT
2896.092	2896.273	356	RED
2896.273	2896.661	78	CASHMERE
2896.661	2897.151	420	SWEATER
2897.151	2903.244	99999	sp
2903.244	2903.777	46	BARB'S
2903.777	2903.995	188	GOLD
2903.995	2904.392	63	BRACELET
2904.392	2904.562	472	WAS
2904.562	2904.6710000000003	1	A
2904.6710000000003	2905.263	193	GRADUATION
2905.263	2905.601	339	PRESENT
2905.601	2914.7619999999997	99999	sp
2914.7619999999997	2914.939	130	DRAW
2914.939	2915.332	145	EVERY
2915.332	2915.654	308	OUTER
2915.654	2915.9030000000002	244	LINE
2915.9030000000002	2916.302	156	FIRST
2916.302	2916.436	436	THEN
2916.436	2916.631	154	FILL
2916.631	2916.692	217	IN
2916.692	2916.751	434	THE
2916.751	2917.422	222	INTERIOR
2917.422	2925.308	99999	sp
2925.308	2925.351	434	THE
2925.351	2925.591	475	WATER
2925.591	2926.052	103	CONTAINED
2926.052	2926.147	448	TOO
2926.147	2926.381	269	MUCH
2926.381	2926.702	90	CHLORINE
2926.702	2926.822	20	AND
2926.822	2927.072	409	STUNG
2927.072	2927.202	208	HIS
2927.202	2927.652	149	EYES
2927.652	2935.918	99999	sp
2935.918	2936.197	229	JOHN'S
2936.197	2936.341	66	BROTHER
2936.341	2936.857	363	REPAINTED
2936.857	2936.948	434	THE
2936.948	2937.357	173	GARAGE
2937.357	2937.712	129	DOOR
2937.712	2945.505	99999	sp
2945.505	2945.902	84	CHALLENGE
2945.902	2946.091	132	EACH
2946.091	2946.562	175	GENERAL'S
2946.562	2947.341	221	INTELLIGENCE
2947.341	2954.976	99999	sp
2954.976	2955.482	17	AMBIDEXTROUS
2955.482	2956.042	327	PICKPOCKETS
2956.042	2956.511	6	ACCOMPLISH
2956.511	2956.812	267	MORE
2956.812	2965.775	99999	sp
2965.775	2965.795	1	A
2965.795	2966.142	271	MUSCULAR
2966.142	2966.7309999999998	2	ABDOMEN
2966.7309999999998	2966.792	99999	sp
2966.792	2966.841	99999	sp
2966.841	2966.941	99999	sp
2966.941	2967.11	224	IS
2967.11	2967.212	189	GOOD
2967.212	2967.357	161	FOR
2967.357	2967.471	496	YOUR
2967.471	2967.758	43	BACK
2967.758	2975.765	99999	sp
2975.765	2975.871	438	THEY
2975.871	2976.001	317	OWN
2976.001	2976.084	1	A
2976.084	2976.221	52	BIG
2976.221	2976.859	209	HOUSE
2976.859	2977.2309999999998	217	IN
2977.2309999999998	2977.391	99999	sp
2977.391	2977.841	434	THE
2977.841	2978.169	361	REMOTE
2978.169	2978.832	109	COUNTRYSIDE
2978.832	2985.0	99999	sp
2985.0	2987.488	99999	sp
2987.488	2987.569	434	THE
2987.569	2987.819	369	ROSE
2987.819	2988.271	106	CORSAGE
2988.271	2988.561	393	SMELLED
2988.561	2988.982	421	SWEET
2988.982	2997.409	99999	sp
2997.409	2997.598	433	THAT
2997.598	2998.041	326	PICKPOCKET
2998.041	2998.181	472	WAS
2998.181	2998.441	80	CAUGHT
2998.441	2998.611	356	RED
2998.611	2998.981	199	HANDED
2998.981	3006.162	99999	sp
3006.162	3006.409	9	ADULT
3006.409	3006.632	255	MALE
3006.632	3007.091	42	BABOON'S
3007.091	3007.338	430	TEETH
3007.338	3007.413	30	ARE
3007.413	3007.633	285	NOT
3007.633	3008.053	415	SUITABLE
3008.053	3008.242	161	FOR
3008.242	3008.512	135	EATING
3008.512	3009.132	376	SHELLFISH
3009.132	3016.336	99999	sp
3016.336	3016.452	204	HER
3016.452	3016.832	470	WARDROBE
3016.832	3017.46	102	CONSISTS
3017.46	3017.581	294	OF
3017.581	3017.841	298	ONLY
3017.841	3018.291	385	SKIRTS
3018.291	3018.402	20	AND
3018.402	3018.951	54	BLOUSES
3018.951	3026.913	99999	sp
3026.913	3027.027	434	THE
3027.027	3027.191	453	TWO
3027.191	3027.475	33	ARTISTS
3027.475	3027.85	147	EXCHANGED
3027.85	3028.621	39	AUTOGRAPHS
3028.621	3035.499	99999	sp
3035.499	3035.991	71	BUTTERSCOTCH
3035.991	3036.311	169	FUDGE
3036.311	3036.607	186	GOES
3036.607	3036.741	481	WELL
3036.741	3036.864	487	WITH
3036.864	3036.918	99999	sp
3036.918	3037.161	463	VANILLA
3037.161	3037.423	212	ICE
3037.423	3037.752	112	CREAM
3037.752	3044.941	99999	sp
3044.941	3046.681	99999	sp
3046.681	3046.768	99999	sp
3046.768	3046.939	366	RICH
3046.939	3047.005	99999	sp
3047.005	3047.351	349	PURCHASED
3047.351	3047.642	374	SEVERAL
3047.642	3048.001	382	SIGNED
3048.001	3048.59	245	LITHOGRAPHS
3048.59	3055.912	99999	sp
3055.912	3056.449	99999	sp
3056.449	3056.665	24	ANY
3056.665	3057.281	105	CONTRIBUTIONS
3057.281	3057.344	485	WILL
3057.344	3057.492	47	BE
3057.492	3057.799	195	GREATLY
3057.799	3058.501	28	APPRECIATED
3058.501	3063.281	99999	sp
3063.281	3063.4809999999998	99999	sp
3063.4809999999998	3065.291	99999	sp
3065.291	3065.946	99999	sp
3065.946	3066.178	434	THE
3066.178	3066.73	111	CRANBERRY
3066.73	3066.994	57	BOG
3066.994	3067.212	178	GETS
3067.212	3067.439	465	VERY
3067.439	3067.701	340	PRETTY
3067.701	3067.79	217	IN
3067.79	3068.242	40	AUTUMN
3068.242	3076.265	99999	sp
3076.265	3076.464	210	HOW
3076.464	3076.572	128	DO
3076.572	3076.971	318	OYSTERS
3076.971	3077.18	253	MAKE
3077.18	3077.691	320	PEARLS
3077.691	3085.959	99999	sp
3085.959	3086.102	257	MAY
3086.102	3086.141	211	I
3086.141	3086.361	304	ORDER
3086.361	3086.443	1	A
3086.443	3086.791	319	PARFAIT
3086.791	3087.052	10	AFTER
3087.052	3087.212	211	I
3087.212	3087.39	134	EAT
3087.39	3087.721	124	DINNER
3087.721	3095.871	99999	sp
3095.871	3095.951	224	IS
3095.951	3096.081	375	SHE
3096.081	3096.361	187	GOING
3096.361	3096.586	487	WITH
3096.586	3096.802	495	YOU
3096.802	3105.471	99999	sp
3114.808	3114.857	1	A
3114.857	3115.352	371	SCREWDRIVER
3115.352	3115.512	224	IS
3115.512	3115.722	252	MADE
3115.722	3115.882	166	FROM
3115.882	3116.205	469	VODKA
3116.205	3116.276	20	AND
3116.276	3116.502	303	ORANGE
3116.502	3117.002	230	JUICE
3117.002	3127.182	99999	sp
3127.182	3127.302	210	HOW
3127.302	3127.48	269	MUCH
3127.48	3127.892	16	ALLOWANCE
3127.892	3127.992	128	DO
3127.992	3128.148	495	YOU
3128.148	3128.401	177	GET
3128.401	3136.78	99999	sp
3136.78	3137.22	115	CYCLICAL
3137.22	3137.718	346	PROGRAMS
3137.718	3137.763	485	WILL
3137.763	3138.078	281	NEVER
3138.078	3138.612	100	COMPILE
3138.612	3147.516	99999	sp
3147.516	3147.572	434	THE
3147.572	3147.901	61	BOSTON
3147.901	3148.232	45	BALLET
3148.232	3148.712	312	OVERCAME
3148.712	3148.832	435	THEIR
3148.832	3149.151	170	FUNDING
3149.151	3149.732	380	SHORTAGE
3149.732	3157.879	99999	sp
3157.879	3158.104	145	EVERY
3158.104	3158.362	74	CAB
3158.362	3158.612	280	NEEDS
3158.612	3159.092	364	REPAINTING
3159.092	3159.542	296	OFTEN
3159.542	3167.577	99999	sp
3167.577	3167.797	203	HELP
3167.797	3168.064	196	GREG
3168.064	3168.2	446	TO
3168.2	3168.371	325	PICK
3168.371	3168.47	1	A
3168.47	3168.643	321	PECK
3168.643	3168.717	294	OF
3168.717	3169.382	338	POTATOES
3169.382	3177.365	99999	sp
3177.365	3177.451	476	WE
3177.451	3177.684	241	LIKE
3177.684	3177.857	55	BLUE
3177.857	3178.277	88	CHEESE
3178.277	3178.392	70	BUT
3178.392	3178.672	466	VICTOR
3178.672	3178.942	242	LIKES
3178.942	3179.242	64	BRIE
3179.242	3186.221	99999	sp
3186.221	3186.401	108	COUNT
3186.401	3186.462	434	THE
3186.462	3186.672	289	NUMBER
3186.672	3186.78	294	OF
3186.78	3187.202	429	TEASPOONS
3187.202	3187.272	294	OF
3187.272	3187.848	395	SOYSAUCE
3187.848	3187.952	433	THAT
3187.952	3188.072	495	YOU
3188.072	3188.384	7	ADD
3188.384	3196.719	99999	sp
3196.719	3197.308	44	BAGPIPES
3197.308	3197.401	20	AND
3197.401	3197.853	59	BONGOS
3197.853	3197.922	30	ARE
3197.922	3198.302	273	MUSICAL
3198.302	3198.982	220	INSTRUMENTS
3198.982	3207.423	99999	sp
3207.423	3207.62	210	HOW
3207.62	3207.714	189	GOOD
3207.714	3207.89	224	IS
3207.89	3207.937	496	YOUR
3207.937	3208.602	138	ENDURANCE
3208.602	3216.472	99999	sp
